Nodes
567
-306.41207390784461 -136.42345536252324 100 
-318.99405313201498 -103.64745084375789 100 
-328.08027020199034 -69.735604347749018 100 
-333.57236569993967 -35.059878078832384 100 
-316.21150029763373 -82.86266454362098 125.0762403666297 
-333.57236569993961 35.059878078832412 99.999999999999986 
-290.47339198701582 -167.70487994424701 100.00000000000001 
-272.46112443461527 -176.94269872058533 130.21603987720292 
-290.17397230164153 -146.00738067117564 130.31082298960661 
-304.20983549945316 -115.17883206435111 129.19060581051411 
-335.41019662496848 4.1075902369815203e-14 100 
-323.15265894687207 -51.755146683575944 124.07160757936583 
-327.09334486632383 -24.549241675203067 122.09536632211974 
-311.82553464834558 -65.822308632734519 144.67985218243231 
-301.59522992971893 -90.366784142393655 152.88610665263866 
-326.56201657945581 24.735272513639973 123.47232735003898 
-322.6730538351423 51.344466353054116 125.48245336947892 
-328.0802702019904 69.73560434774906 100 
-271.35254915624216 -197.14916704467512 100 
-252.10388803380513 -205.07169769742248 129.95856432623287 
-252.41485530316282 -184.52807318760819 157.27724256214586 
-269.83378202364179 -156.87144096664301 158.37007636503429 
-284.03736849409529 -122.99909163930087 163.38297571918685 
-249.89719382445153 -167.24099931008007 179.11404374986992 
-322.84228003210836 3.953677648707549e-14 135.16754052613641 
-313.34961253297161 -31.907567655447131 152.62348263537174 
-299.74131347503726 -61.478933329501785 169.9278839770746 
-285.45921592169401 -89.978252174890471 181.43029014176079 
-314.90344126039611 29.409335333838687 149.90301423781344 
-314.22780162223711 84.817901349021412 128.71212956984147 
-306.91874218404513 64.673498466537538 155.30043236341095 
-303.51246906721997 117.64989491384179 128.6028123622568 
-318.99405313201498 103.64745084375789 100 
-249.25803342319611 -224.4329543172251 100 
-229.95419994635918 -229.89143828052349 129.50286688850605 
-231.49925150752469 -209.6327028932692 157.99438733422826 
-231.86859139652657 -189.57828346518164 181.09950514064315 
-262.94268760737566 -138.44960323388329 184.91308876926578 
-270.06093764574786 -114.1857168082793 191.12485980342518 
-233.06322215867601 -171.25960605394033 197.10829970162285 
-242.83501056342686 -153.20719660421949 200.14672756089814 
-306.60428107028861 3.7548195141760436e-14 168.79860296349034 
-295.25009045652212 -32.142881959825381 185.18698449062842 
-280.45812121965383 -62.094302120619787 199.96884728900937 
-264.3973996374865 -93.640272959932503 209.34544261799587 
-295.37998842696868 40.923408204851825 183.23737909548618 
-296.72486456398042 99.0300396605777 156.99492346669007 
-286.04196024008712 129.81543728649754 154.36304358273011 
-288.25699544062604 79.484221833275896 181.90701761917131 
-289.97746526707704 148.80982584266343 127.54883523559639 
-306.41207390784456 136.42345536252324 99.999999999999972 
-224.43295431722524 -249.25803342319605 100.00000000000001 
-205.39428432251069 -252.11418454013042 129.42807238504602 
-209.31923424728558 -231.98301086862071 157.70016119985232 
-212.28407542525895 -209.73253858548995 182.88721546168546 
-212.84443801558575 -186.78347736536182 205.69194877080844 
-244.72668817235032 -127.06331884499596 215.5545432142132 
-222.00546918304775 -156.51810343898646 220.71623172906328 
-197.15018397654569 -181.16577843238986 225.41243462373677 
-286.87249191912082 3.5131747899217622e-14 200.50593271450344 
-273.92643057050515 -32.10347051393282 215.4847507733744 
-258.12146760137665 -63.278342480992833 227.74801719481479 
-240.35652608161246 -95.005197436473821 236.01430640966615 
-277.02706170865292 62.29973810480837 204.63320774777122 
-273.74638825373881 33.378791834384941 215.51976979783106 
-273.05231959040628 158.12064769502476 151.46052798932308 
-275.6909034300046 113.89426251214098 183.09184234357193 
-269.42048865129351 142.69804335018108 171.90075252577586 
-252.7171483066042 165.7079454547019 176.56420861816628 
-263.13915236607102 100.17038689499053 207.90305452631898 
-273.66280051179911 178.04716495109901 126.12643921444621 
-290.47339198701582 167.70487994424695 100 
-197.14916704467515 -271.35254915624205 99.999999999999972 
-177.71486778281289 -272.84854006459511 128.339783206753 
-184.41984301922034 -253.74377750889664 155.25275159004966 
-188.58004432732366 -232.5089031197169 181.32064651211326 
-191.06776275799032 -208.18428412052569 206.52460841236464 
-171.80300892147719 -205.67176062208031 225.12852553184047 
-220.30291565427365 -125.8402659819475 241.10340688554916 
-197.96428867906155 -152.94088735265194 244.78403825326643 
-174.05894232958408 -177.86105891245836 246.10755436931538 
-263.8744385084787 3.2315298649621354e-14 229.93066301908567 
-249.35323271930082 -32.306900504245952 243.47326241754547 
-213.92709096399011 -95.421601221492693 260.05752781261901 
-232.12889062607081 -63.968271343475536 254.01621680128443 
-257.23571976799292 64.404139362858089 228.43355994330645 
-249.16310099450217 33.89876021565248 243.45148009130114 
-253.69106028827582 185.68756012679435 153.8212467247894 
-248.06820553029488 141.37224563914205 202.4254271773323 
-235.24321960046234 171.44066870276737 194.34177303594979 
-234.73289799263969 189.96163016673623 176.96057658239349 
-238.0105290997088 120.8397246253452 226.38186541803086 
-238.53193012554294 96.082869480034432 237.42493656536115 
-252.5271814505671 205.64780262367287 128.21467897509737 
-271.35254915624216 197.14916704467507 100 
-167.70487994424712 -290.47339198701565 100 
-158.00419274266318 -271.85349860589946 153.72166526378638 
-148.64939261076194 -289.73030644083485 128.29539199110567 
-162.86623216782112 -252.6986964906836 179.21484093502622 
-165.99360997460803 -232.61148869521747 202.08418239583332 
-145.38860975067348 -227.56768803924132 222.65466425664869 
-148.41206380627881 -201.20924921018454 244.92590175200922 
-193.8738184833845 -125.01136455914323 263.22063224172354 
-174.32976250245289 -149.23711849824824 264.26769830642974 
-149.77184207019079 -173.25114342859683 264.67420845935402 
-237.87487858828391 2.913127086607072e-14 256.73972507273658 
-221.48253785664414 -32.370071329264405 269.06813989530337 
-183.5690575675622 -95.556457690005359 282.26116363661379 
-204.21857886329013 -64.350812694421251 276.86412724046727 
-231.27923523179061 65.12302435785665 254.49736157587978 
-221.61256342093483 32.377913278755422 268.96011315010173 
-232.89026669949524 210.48475381628506 154.78466360571989 
-226.25098556708343 140.08907577299203 227.34454552285237 
-222.57324286817942 162.94195148776569 215.43229099766134 
-216.18357710563976 188.63088324667703 200.45710482641513 
-213.41739808058017 211.71679658984337 179.24567564728045 
-217.23473450931925 121.99990338160443 245.81516165107627 
-211.36665618055912 96.816581846133573 261.63082030731823 
-230.0178781569081 230.36359240207244 128.54723265712732 
-249.25803342319614 224.43295431722515 99.999999999999986 
-136.42345536252336 -306.41207390784456 100 
-140.55290667648813 -269.14748338114401 174.08191351885822 
-129.37499646555563 -285.6790954635602 155.40130213308862 
-117.57606301156002 -303.51581929871952 128.66241425579082 
-135.14002232824612 -253.87987662559578 199.45471317994316 
-118.81983866850904 -240.56746595913228 224.74238643565036 
-119.9233899961505 -219.24956286683155 245.04695410172818 
-123.10827719215611 -192.40606621195357 265.18721268496444 
-164.19003253895175 -123.08414203012464 283.5347019247663 
-149.88295118989365 -147.8805466375544 279.58262619266253 
-123.68388223754553 -161.39150344258232 284.87730673255095 
-209.16265951695274 2.5615038147858389e-14 280.62115502072976 
-152.1031430581402 -96.216713673573935 300.17824351823441 
-191.37930886261333 -31.938787976085624 291.29688285645472 
-173.56644884554132 -64.865579337122199 296.92952775432695 
-202.72330606811633 65.150551834653285 277.77448905983613 
-191.44198333701814 32.936267439572617 291.14458487689205 
-209.73167536975663 233.05162914349157 155.56208567693957 
-201.8810285487973 153.52284339034244 241.1945000812085 
-197.58680783984192 183.75401930831745 222.92131740975307 
-193.46691818542462 208.6057908183779 203.84841329986693 
-189.61513544401163 231.63294468664046 181.36228755269076 
-191.8957975471491 125.82654827045087 264.27955394636086 
-182.903134147348 96.830155960165172 282.25939207722973 
-171.95023698315708 154.64783330915245 262.71117915730326 
-204.59405974053163 252.63189236586661 129.68576513453192 
-224.43295431722524 249.25803342319611 100.00000000000001 
-103.64745084375807 -318.99405313201493 100 
-113.23548681572218 -276.15037523227761 182.80780832524277 
-98.796738550166836 -296.54940504133202 157.47271135495816 
-84.612869428675836 -314.29842272621988 128.67464318526876 
-95.912292306255168 -263.85042326880261 209.00666574402157 
-94.30590141468096 -239.55975639725824 237.10234092739526 
-96.249793352444783 -213.63994649873791 259.98836616208052 
-95.028375491469831 -183.31583238395402 282.60381003947964 
-131.35833353048423 -127.58994265887021 298.27134415561994 
-97.22993705096107 -149.06937682085697 301.37129962109447 
-178.07323945502435 2.1807682271239578e-14 301.31323516202997 
-122.88242625008317 -96.154289229748088 313.29580587938744 
-142.20322137331851 -64.16022061619968 313.30769208803594 
-158.63236468511511 -32.802471363389863 310.25758773455107 
-172.11166534823448 65.262197485718531 297.68846170181405 
-159.98511695737588 32.713263824148164 309.57164715475227 
-184.14510861271472 253.02366162576052 156.74694775817528 
-176.30028576253721 178.85592640211934 243.78016086401985 
-173.86239977968827 204.64516156631564 224.4821235429325 
-169.05613245884379 228.10472153256865 204.66621629523311 
-164.2264776838758 249.3960560888367 182.56853845852316 
-150.67228581575503 97.397776571173011 300.51877712723257 
-162.62968521892824 127.69218924193517 282.39385668281477 
-143.40557947325848 156.6036495022683 278.22677214551021 
-155.56963805987232 175.35027386062274 259.90453857315561 
-177.08971793832032 272.45364573268614 130.03169893335286 
-197.14916704467515 271.35254915624211 100 
-69.735604347749117 -328.0802702019904 100.00000000000001 
-51.341318014033931 -322.67168960684648 125.48724951501947 
-80.188544850750162 -288.58155098561997 181.08143390600054 
-64.687255816422166 -307.14653596654557 154.84367723188538 
-62.280479984987856 -277.0422474408727 204.6185107602677 
-63.377034937189904 -257.52114831952434 228.39923294696888 
-64.617681066286082 -231.52736253156269 254.40054184846795 
-64.524189079041037 -203.96346337713925 277.01179511149797 
-65.782903249035343 -171.97369434310775 297.65358740339656 
-95.649712134820348 -119.71413852443104 314.67389088686616 
-63.872433885146989 -140.44009095297392 314.16061663217425 
-144.95327154998006 1.7751656002962023e-14 318.56926744668726 
-91.578079341015609 -91.022437081400412 325.31272851207825 
-111.89427157790158 -62.732165478906289 325.64451078189222 
-128.55844835217124 -32.185952602402551 323.93948479979713 
-139.97769984378016 63.703930730835296 314.4011017090836 
-125.83044968761344 31.487690506647262 325.07725739886905 
-118.74201606113006 95.043934875264952 315.22529096689675 
-155.15200281163951 271.56563468907819 157.09857440300061 
-151.53369209707591 200.09308211015806 243.92683052728361 
-148.87963541663979 221.9339309788042 226.00925741770794 
-144.67691269099055 243.20027895517126 205.96653915218945 
-136.27457920200933 265.16600346591554 183.34729250585994 
-127.73040255634336 131.63960545000512 298.08716600981239 
-118.48636883533598 162.17663318387667 286.63516889830362 
-129.14123514689544 185.77593458381457 267.03902994552033 
-145.70444600579671 289.78619507822424 131.50732130276711 
-167.7048799442471 290.47339198701582 100 
-24.850162694298501 -326.52126128589214 123.55701251785368 
-35.059878078832533 -333.57236569993961 99.999999999999986 
-29.445012412695228 -315.1161114564033 149.44841098055159 
-5.9305164730613235e-14 -322.84228003210836 135.16754052613641 
-40.986262683033985 -295.37233087024634 183.23567454934937 
-33.207500280331359 -273.90403505696798 215.3458648422185 
-33.304234962235654 -249.18734184260208 243.50871975968002 
-33.33214087027131 -222.06084978192158 268.47336437556567 
-33.072768891331549 -191.43696120444736 291.13241290290489 
-32.202477179702129 -159.73856733289793 309.75246660829674 
-29.654303527499192 -128.06543329302414 324.37611977112147 
-61.528099080311222 -110.85309278471343 326.22980373293171 
-110.18424321237778 1.3493678076651194e-14 332.20157769239239 
-59.749737007585118 -81.433121323143652 335.10985613540907 
-83.505386523791529 -64.616509200607808 333.69380749459521 
-91.675902026049357 -32.766834077250635 336.18724480899647 
-104.78671742206097 62.68410819420447 328.00982673055148 
-88.987564863740729 33.247874190951698 336.86168105233367 
-89.380048071383328 90.945153992927217 325.94506588067867 
-91.807281017267826 119.53065849025072 315.88580980016098 
-121.77858138700925 286.37474631166623 160.18577274619742 
-123.63428962953459 218.99892901274302 243.42150997615616 
-128.65460029567492 236.50275237212895 223.63908858508518 
-116.64093588180062 257.42699190186966 206.46122133943797 
-111.36588525790424 273.77101167178211 187.47552578652031 
-93.755479499211503 150.1667467264696 301.92690877340044 
-95.76310124246659 181.84533954240555 283.30496099986027 
-96.330781618177085 211.841569170138 261.4259552614559 
-115.6318832559344 304.2626832508688 128.66035580421592 
-136.4234553625233 306.41207390784467 99.999999999999986 
-6.1613853554722794e-14 -335.41019662496848 100 
22.730731852937367 -326.28542036997345 124.58386044516182 
-5.6322292712640651e-14 -306.60428107028861 168.79860296349034 
25.692370512109051 -314.16708641189683 152.11490365157613 
-5.269762184882643e-14 -286.87249191912082 200.50593271450344 
-4.8472947974432021e-14 -263.8744385084787 229.93066301908567 
-4.3696906299106061e-14 -237.87487858828391 256.73972507273658 
-3.8422557221787577e-14 -209.16265951695274 280.62115502072976 
-3.2711523406859357e-14 -178.07323945502435 301.31323516202997 
-2.6627484004443027e-14 -144.95327154998006 318.56926744668726 
-2.0240517114976788e-14 -110.18424321237778 332.20157769239239 
-27.226025896245968 -98.401258589068746 334.77744222391118 
-74.160984294215496 9.0821012037528144e-15 342.05160713197608 
-27.225278673756804 -63.805967682569346 343.05623837678161 
-56.797491772589616 -50.337326696910296 341.67264811417249 
-59.663754738341908 -22.008238855013932 344.17419106176982 
-54.932773736418106 30.272374029700405 344.33410191299583 
-66.839264531880758 67.414051108046408 336.87959040291975 
-62.522321108505253 103.78311584982362 328.35959591232756 
-62.32313589099347 138.89945431380949 315.15514960736198 
-95.151409942703467 301.18521875657132 150.77689872282113 
-89.698329367538918 288.72685150814226 176.32644420752004 
-97.218982256181036 241.01609277256154 234.43487904686955 
-86.788158208901706 269.17094271878699 206.19121996483301 
-63.967773521235159 171.75979810480771 298.17225844422831 
-64.193484827893968 203.32069541295172 277.56060837670151 
-64.326637836397865 232.77102835672181 253.33719036576355 
-81.149034092921198 315.97529360111582 126.78504682916898 
-103.64745084375797 318.99405313201498 100 
53.038333986253669 -319.95086694099984 131.59930802122486 
35.64619699241662 -333.51057024829896 100.00000000000003 
79.319632580691732 -306.19738305692277 149.83844131716057 
29.955338887962711 -297.03735629446771 182.67864308041248 
57.879177447829932 -302.76885239431112 165.77401134615297 
30.068696604387089 -275.98081488250892 213.14423121750136 
30.702803578109453 -251.32663411934379 241.64490649439631 
30.753210164138228 -223.71704252821033 267.4040481126479 
30.891936301056624 -193.74242741678762 289.84402717707025 
30.537771575472089 -162.08586345693783 308.69988236898178 
30.271035661695567 -129.80966651963737 323.6249602209769 
30.896177222358293 -96.505537846513334 335.01060788876492 
-1.362315180562922e-14 -74.160984294215496 342.05160713197608 
-6.8505044979088768e-15 -37.292409548497112 348.00384764867493 
-37.292409548497112 4.5670029986059184e-15 348.00384764867493 
-26.369995332389248 -26.369995332389237 348.00753826941673 
-26.369995332389184 26.369995332389188 348.00753826941673 
-29.98968056725322 56.904439513339426 344.03852084199355 
-34.164203668118013 89.416331883884538 336.65639275105764 
-31.756098636284168 125.72961743368445 325.09016210796341 
-31.644740261915498 159.73104152702209 309.8138227814386 
-62.080831934779937 305.52934193691522 159.05279476287473 
-57.486133538939129 284.28653973733719 195.89922862256151 
-61.489344139500524 260.5404309582317 225.47226967721105 
-32.134229337864163 191.77774475405903 291.01320918801696 
-32.068528652349208 222.40486882356899 268.34247482209099 
-31.400543205194779 251.46630626444505 241.40982312270359 
-50.652521059318055 323.12714503190836 124.59201520909519 
-69.735604347749074 328.08027020199034 99.999999999999986 
89.593989242181252 -315.19726485218735 122.97805219376326 
70.888612310413862 -327.83331323531314 100.00000000000001 
101.87298634041971 -301.2117997076092 146.26464497952944 
90.914847953448316 -288.86129246298918 175.48117887173194 
61.129828037242788 -283.23329105642705 196.32128504439456 
60.600119339182513 -260.14761458154885 226.16552381741738 
61.568867818800612 -235.63932665459396 251.363048695071 
61.947351805518565 -206.5065448988625 275.71284431128237 
61.001148426379856 -176.16320914648296 296.2184728099773 
61.49265450223205 -144.51681165464578 312.78354271196042 
59.869104184052496 -112.92724900553671 325.82683559866672 
57.268036793480071 -85.647028708287607 334.492090243196 
30.753397015805056 -58.288673459963547 343.73923127607361 
25.708041590376226 -25.708041590376236 348.10658309657828 
2.1431318985078682e-14 0 350 
2.2835014993029513e-15 37.292409548496991 348.00384764867493 
4.5410506018764009e-15 74.160984294215382 342.05160713197614 
6.7468390383255922e-15 110.18424321237771 332.20157769239245 
8.8758280014810004e-15 144.95327154997992 318.56926744668732 
1.0903841135619781e-14 178.07323945502429 301.31323516203003 
-29.142853571605048 315.82425546357678 148.00585713606532 
-27.606217943360541 298.35461922599461 180.89338826329572 
-29.686935567467636 276.89027014825774 212.01524509770019 
1.6157649324810667e-14 263.87443850847865 229.93066301908578 
1.2807519073929185e-14 209.1626595169526 280.62115502072982 
1.4565635433035354e-14 237.87487858828388 256.73972507273675 
-24.338654672182809 327.11462426605698 122.08051638170858 
-35.059878078832412 333.57236569993955 100 
120.23597484199652 -302.95544380190256 127.51983933720688 
105.32808233653446 -318.44283458355733 99.999999999999986 
126.25631716981964 -286.22634024112511 156.95166302682361 
118.72079851333341 -272.31393184960831 185.06889128366058 
95.875036890501462 -263.76517365360201 209.13132349968564 
84.58618260210676 -243.52954570790521 236.72460387569421 
92.610698992128732 -219.83775755587482 256.11446422448256 
92.281533266253916 -189.40476945477698 279.4815770776529 
91.551648257877773 -155.46133499274819 299.9167701605536 
90.288563619611665 -122.99395195269345 314.9927984296877 
84.845553053217472 -89.476017343198947 327.55957389075536 
70.561556880921131 -59.31084707091474 337.64373252034619 
55.188410433790381 -28.727043678849654 344.42560345488977 
35.420247881151155 0 348.20304843440624 
25.708041590376173 25.708041590376173 348.10658309657828 
30.404535231261121 55.452591524961107 344.23912376506075 
35.601313598904696 91.144247496269287 336.04355762069184 
34.993390420329824 127.48898044328442 324.07101458233223 
33.865008142283685 161.73986977769451 308.53423756176147 
32.906181392797698 193.05536884503164 290.08069185358249 
1.9768388243537742e-14 322.84228003210825 135.16754052613655 
1.8774097570880209e-14 306.60428107028849 168.79860296349045 
1.7565873949608808e-14 286.87249191912071 200.50593271450361 
32.732708573466752 276.26592579594234 212.38104443088932 
31.82215909510834 251.30115400183396 241.52656207521386 
32.236566449937598 223.16412226718913 267.69119954946939 
2.0537951184907601e-14 335.41019662496848 100 
25.165203577322401 326.62048753862263 123.23055485123973 
155.28692133560079 -276.01178311357876 149.00828045640182 
145.6435145446213 -291.6806268727679 127.31998499135875 
138.57455766915845 -305.44552474858125 100 
126.60985401815019 -256.34486453700333 201.88426211819512 
148.05661013007665 -262.13298007806009 178.50921811544032 
117.28189024895453 -235.13094720187837 231.2107175015459 
122.76169130689718 -203.58888480888692 256.86792935231102 
121.71032004416811 -169.72663749958488 280.85488515927699 
120.98224360462737 -133.85383222217391 299.91073393899842 
119.37385984927528 -94.510543222051638 315.14701141619338 
102.89893404282125 -63.668419644367589 328.41763307234254 
88.623542269047888 -31.209152584207779 337.15257162101244 
70.476781502749915 0 342.83073503558222 
55.172014442723231 28.494080323882347 344.44758122075422 
70.471064669278363 65.962842123197362 336.42641469333012 
68.307111515021873 106.60170380726045 326.29774020342751 
66.43759157193773 142.74968445235393 312.58370721276208 
65.395177337294598 175.39993058653133 295.73355428707066 
63.259147255027592 205.86013228453945 275.89832588176148 
29.625343280428382 315.67732506539647 148.22336345891222 
37.799356909726328 298.49578034656281 178.8056982663239 
62.425915124408185 281.21740776317165 198.79581155507833 
62.696446088341261 260.64404830485051 225.01963410145007 
63.506652718936451 234.63459014327142 251.82040062063169 
51.856764023374076 322.67949032712153 125.25503002775254 
35.646196992416591 333.51057024829879 99.999999999999986 
176.64517505640868 -257.9652222637626 157.32268187295273 
175.4350040709852 -274.90287834590237 127.08645413163201 
170.25147818008091 -288.98855687529414 100 
149.4312135055101 -238.77396432694613 207.7433666567116 
175.73250228089444 -239.22108259836219 185.44908002619755 
200 -237.2797387944637 161.85896810999105 
149.05728391019446 -211.95136119273499 235.28397013367154 
150.72795977844646 -181.11882616201112 258.7992522221079 
129.53242927848413 -60.19405904532713 319.52781572323585 
149.67742036428103 -147.60009330862118 279.84081598005076 
149.75850752463188 -111.3013624761402 296.11551147305613 
154.25307530419369 -75.94949023685048 304.85679210403254 
118.98704201837833 -32.127614476728979 327.58189849219593 
104.80965753775699 0 333.93831161303547 
85.793997176984561 30.166674864957773 337.97834512877819 
101.7477941211081 56.191874968450442 330.1361228024262 
100.78235238621917 86.587976775091917 323.79845540937356 
98.215082364886626 120.6445216474803 313.52623015069918 
96.046989833089782 155.0778940468588 298.70691743244515 
93.630670796842239 187.09684462549092 280.58522451711224 
93.177156616766425 217.72632190273612 257.70771473807434 
62.455690447329282 308.16857395037579 153.72513379450729 
69.716513193451974 294.4602546558645 175.87713386381606 
87.519036469990937 284.0213611480961 184.85747122295916 
92.689076940179632 267.57077671778859 205.70516391820794 
93.804441491447008 244.25439040777636 232.46616855577773 
85.359373620701021 314.27831985859234 128.22993021109346 
70.888612310413819 327.83331323531314 100.00000000000001 
220.42952841582289 -234.81894332624861 137.00688616825781 
200 -255.14825307108251 131.90098475186315 
200 -269.25824035672525 100 
175.4575531131438 -215.79839950252 212.47516990862508 
200 -215.90735417433584 189.42680707115954 
220.47285017561333 -216.15335283404545 164.83158190723711 
176.20529047759254 -187.80912006023956 237.02200326110182 
176.43076303335303 -157.55092966874054 257.97265439574096 
155.97521887780863 -34.412669821634942 311.428160659512 
175.97039539230468 -124.70909583940139 275.64843797924004 
176.63029836530171 -89.893526343840662 288.48031409587333 
179.88471469484372 -56.859841327599071 294.80238781827217 
138.06637909620119 0 321.6171086545117 
119.62055630058244 29.693804727017589 327.58083043910392 
125.83811606575051 62.960125075521063 320.46964161289515 
125.95435207478153 98.08197080263281 311.47299754054677 
125.05918508792034 133.46798649972854 298.4065964499672 
122.65351000611192 166.36560904205643 282.45105878938784 
122.24847736310248 198.41010974057565 261.12973429913285 
121.73175964425728 228.21948550479433 235.7906807527383 
96.087703593866593 296.56892223595207 159.10382642118654 
112.84700269388364 276.8527875347317 181.98375756439177 
119.99552114002591 254.28272230802904 208.42593898541367 
119.36154031352207 302.63642054467391 129.08919263009855 
105.32808233653448 318.44283458355744 100.00000000000001 
240.16200916497215 -210.13991777008025 143.74778020347915 
240.77856449929172 -223.46465620540309 120.78588619810436 
226.75938255163487 -247.14265649835423 99.999999999999986 
200 -191.35449072103165 214.2042457116446 
223.22803309251194 -194.17069264438388 186.9946185312524 
238.28080785046734 -196.6438556151972 164.4793320114054 
199.99999999999997 -163.97592740586325 235.81856596782922 
200 -134.18187450137924 253.95910016240043 
169.90548011834926 0 305.99360242450956 
182.13502314682418 -25.82760518099165 297.75790191684359 
200 -102.4063802269302 268.34946266492466 
200 -34.817626210498439 285.10740735519727 
200 -69.122362419600634 278.78683436190704 
154.54783634647313 31.550483577630416 312.44124770369461 
151.65151188741714 74.381660150092515 306.54394069297263 
152.52076307789233 111.13640875164799 294.7645085147193 
149.71274441787187 146.06688869070646 280.62529855144157 
148.64490416360709 236.11182831924191 211.31941934885421 
149.69937136921982 179.22730773198523 260.70609961181322 
149.77331305973593 209.29681172361768 237.1978062660759 
133.01160166721334 283.33116606158273 156.62491551508137 
144.31067445118825 260.42031083298559 183.99916017497017 
152.17672160287955 287.64657272370999 128.84756343254261 
138.57455766915848 305.44552474858131 100 
254.74356726625405 -186.57623751549318 150.9802057589861 
257.28813428008596 -203.60375311630042 121.85371424634155 
251.09082297373229 -222.38095342281528 100 
226.78759295766324 -167.97125237844401 207.00977284873855 
245.88950949352176 -175.56476181567282 176.67870140354029 
226.25833951978146 -139.58209533306371 227.64885780557478 
181.0127793477657 24.556076454710588 298.54877796090119 
224.61743033483984 -109.36673612599387 245.12430931859981 
200 0 287.22813232690146 
219.28946178588842 -24.076728903862954 271.72125988767476 
224.18252551127568 -80.83838960170084 256.33444954197995 
221.05711367678799 -49.734684096539333 266.75871811565048 
178.21339861197555 54.840520364054392 296.19672834345897 
177.65858748006914 88.972055170291881 288.13434313417264 
176.41355608782087 123.24073382057037 276.02532267133864 
175.87360103142601 156.76044981112236 258.83322397878788 
174.01383328549059 239.49995545554185 186.70553597063727 
175.4810922665618 213.88106494131455 214.38581183581996 
176.25227429047618 186.37168495695428 238.11915263947282 
170.46668099614675 263.87785411955838 154.30356047549591 
200 237.27973879446375 161.85896810999103 
179.9600977794457 274.07097707300409 122.47229373805811 
170.25147818008088 288.98855687529408 100 
267.0889600908227 -156.71566510399816 163.10636930731553 
274.18512345680779 -175.01510243235768 129.1984210258253 
272.73133731335315 -195.2359062728103 99.999999999999972 
251.7238493250903 -139.4109531427541 199.24781008781017 
273.76583894022212 -126.48276330517113 177.63551451228562 
243.16484876481445 -115.49436013088362 223.67813729361814 
200.00000000000003 34.817626210498496 285.10740735519732 
247.76958805484179 -88.154854736706284 230.9522739041212 
226.22958878320966 22.165589860515183 266.13691924480395 
226.64099542293653 0 266.7090546733769 
238.07826298694036 -26.331097951928623 255.19681419204122 
244.43595265179428 -57.761352061480913 243.75128975913017 
200 69.122362419600705 278.78683436190704 
200.00000000000003 102.40638022693022 268.34946266492466 
200.00000000000003 134.1818745013793 253.95910016240046 
200 163.9759274058633 235.81856596782927 
199.99999999999997 215.90735417433581 189.42680707115952 
200 191.35449072103165 214.20424571164455 
219.14999663728463 214.8794206950715 168.22637586189805 
220.52871602901018 227.7251277443371 148.35212030982748 
200 255.14825307108248 131.90098475186312 
200 269.25824035672525 100 
286.03263793647636 -107.15381705076895 170.88999247045146 
288.48984476567222 -127.32627706757607 151.86055654839802 
288.62577491659539 -148.90460463526776 130.4706126766078 
291.45093299206644 -166.00004808230514 100 
269.2595939086163 -98.867842787461015 200.56026712866367 
226.5516179984657 51.453397662637407 261.77645473045845 
245.82887796287304 33.617139595270345 246.85633612477315 
266.02027786067072 -63.926958472295048 218.2809101763437 
251.18995003911854 0 243.72814422522362 
260.95780103657881 -30.149142545358984 231.28349548105021 
226.8711670320526 80.726455881749587 253.99352922916449 
226.87183574981151 108.76374524893242 243.30971592383216 
228.72736318922992 140.09127931757692 224.8515661223349 
227.10395776643003 167.88678193951188 206.73127682288026 
223.90920606155314 192.15411517122698 188.25903288726352 
237.63735173980197 194.99372713692458 167.34973987235307 
239.17694370438173 209.2736251870808 146.62516632995926 
233.46650326011155 230.77340543991048 121.39615808238347 
226.75938255163481 247.14265649835423 99.999999999999986 
290.18290053956576 -84.559051918379041 176.47563846919314 
300.80745394957955 -96.544589917506528 150.64533781711296 
305.83001074115663 -116.61673020198967 123.96992686559274 
307.0481114780755 -134.98562717201028 100.00000000000001 
285.35356376674565 -63.905585784727243 192.32633660299547 
249.39460970913686 56.032725735935657 239.0871437251044 
262.44539952755434 30.264331796897942 229.57892431081223 
280.64772141817201 -32.204691343405685 206.63909194115249 
273.42044532561471 0 218.49761998024263 
250.64040315310723 86.429944365008609 228.49344197221373 
250.32876430250812 114.34491786397037 216.24233979834108 
253.82437532733044 142.49938617121325 194.33762227247178 
245.47497823195766 173.82639421968923 178.95926836741677 
255.85731179031328 183.97689778215621 152.28111204574407 
255.72151970736562 203.7729895400623 124.83217971525238 
251.09082297373232 222.38095342281528 99.999999999999986 
305.21878447680251 -59.30472695710521 160.69985364973542 
315.74954098163198 -80.357394870134314 127.84723876397956 
319.35565799124026 -102.52514403734143 100.00000000000001 
299.6517078401173 -31.902225739794329 178.01994826801902 
268.17092227074176 59.989310130836216 216.76171045294441 
282.04362855578569 29.098759040231815 205.19418562280097 
293.12689533951794 0 191.250027680268 
269.62647244892884 89.92199879021949 204.24397050664382 
267.77846790456607 114.71961264581961 193.99510973495282 
274.39685298432619 127.29327799727218 176.07608710159158 
269.16564667771809 154.40306365971193 161.89363354085529 
275.58075097526256 173.40600168849625 128.39629383404937 
272.73133731335315 195.23590627281033 99.999999999999986 
317.11981746068926 -26.390429533133872 145.73457586570117 
323.12065047960255 -49.39716059024839 125.11181302842563 
328.24305852969064 -68.966545179098304 100 
310.12734864665458 0 162.2369468078173 
286.75544214501946 63.374318111749233 190.40748988441919 
299.59954654244751 29.290211934276769 178.55586015699677 
286.75744230422271 98.341580890814242 174.9259922110943 
289.68557201526215 125.99535340609093 150.68988116746459 
289.74293641171846 147.47589642602375 129.61439261461521 
291.45093299206644 166.00004808230511 100 
324.26533113915497 0 131.7264425705032 
327.32255025191796 -22.966782232713914 121.78864893928211 
333.61261655761666 -34.668895422883665 100 
316.52809952397166 25.883657356820851 147.1053992672511 
304.34930494742343 66.870443263143684 159.3732863305859 
301.54181380213697 99.34956690676843 147.31665922208157 
306.32142301572316 114.86343166118746 124.39283688636621 
307.04811147807555 134.9856271720102 100 
327.34104096289536 22.351912306910968 121.8533336333161 
335.41019662496848 0 100 
323.02280655506411 50.310387276623572 125.00052550835852 
315.70929558318585 82.838652225257533 126.35425746634505 
319.35565799124032 102.52514403734139 100 
333.6126165576166 34.668895422883615 100 
328.24305852969076 68.966545179098247 100.00000000000001 
Elements
1072
4 2 1 
0 6 8 
7 8 6 
1 0 9 
1 9 4 
8 9 0 
11 3 2 
2 4 11 
12 10 3 
12 3 11 
13 11 4 
14 4 9 
13 4 14 
5 10 15 
15 16 5 
16 17 5 
18 7 6 
7 18 19 
20 7 19 
7 21 8 
20 21 7 
9 8 22 
14 9 22 
21 22 8 
23 21 20 
12 24 10 
15 10 24 
12 25 24 
12 11 25 
13 25 11 
13 26 25 
13 14 26 
27 14 22 
14 27 26 
15 24 28 
15 28 16 
16 29 17 
29 16 30 
16 28 30 
32 17 29 
29 31 32 
33 19 18 
34 19 33 
34 35 19 
20 19 35 
36 20 35 
23 20 36 
37 22 21 
23 37 21 
38 22 37 
38 27 22 
39 23 36 
40 37 23 
39 40 23 
41 24 25 
28 24 41 
25 42 41 
26 42 25 
26 43 42 
27 43 26 
27 44 43 
38 44 27 
28 41 45 
30 28 45 
31 29 46 
30 46 29 
47 31 46 
48 46 30 
30 45 48 
47 49 31 
50 32 31 
31 49 50 
33 51 34 
52 34 51 
52 53 34 
35 34 53 
35 53 54 
36 35 54 
36 54 55 
39 36 55 
37 56 38 
38 56 44 
40 56 37 
40 57 56 
40 39 57 
39 55 57 
55 58 57 
59 41 42 
41 59 45 
42 60 59 
43 60 42 
43 61 60 
61 43 44 
44 62 61 
62 44 56 
63 48 45 
64 45 59 
63 45 64 
65 49 47 
47 46 66 
48 66 46 
67 65 47 
67 47 66 
67 68 65 
63 69 48 
66 48 69 
65 70 49 
49 71 50 
71 49 70 
51 72 52 
73 52 72 
74 52 73 
74 53 52 
53 74 75 
75 54 53 
54 75 76 
76 55 54 
55 76 58 
76 77 58 
78 62 56 
78 56 57 
79 78 57 
79 57 58 
80 58 77 
58 80 79 
81 59 60 
81 64 59 
60 82 81 
61 82 60 
83 62 78 
61 84 82 
84 61 62 
62 83 84 
63 64 85 
63 85 69 
64 81 86 
86 85 64 
65 87 70 
68 87 65 
68 67 88 
67 66 88 
66 69 88 
89 68 88 
90 87 68 
89 90 68 
91 88 69 
92 69 85 
91 69 92 
93 70 87 
70 94 71 
70 93 94 
73 72 95 
96 74 73 
97 73 95 
96 73 97 
74 96 98 
98 75 74 
99 75 98 
75 99 76 
76 99 77 
100 77 99 
77 100 101 
101 80 77 
102 83 78 
102 78 79 
103 102 79 
103 79 80 
80 104 103 
104 80 101 
105 81 82 
105 86 81 
82 106 105 
84 106 82 
102 107 83 
84 108 106 
108 84 83 
83 107 108 
85 86 109 
109 92 85 
86 105 110 
110 109 86 
87 111 93 
90 111 87 
91 112 88 
89 88 113 
112 113 88 
89 114 90 
89 113 114 
90 115 111 
90 114 115 
91 92 116 
112 91 116 
92 109 117 
116 92 117 
111 118 93 
93 119 94 
93 118 119 
97 95 120 
121 98 96 
96 97 122 
121 96 122 
123 97 120 
97 123 122 
121 124 98 
98 124 99 
100 99 124 
125 100 124 
125 126 100 
101 100 126 
127 101 126 
127 104 101 
128 107 102 
103 128 102 
129 128 103 
129 103 104 
104 127 130 
129 104 130 
131 105 106 
131 110 105 
128 132 107 
106 133 131 
106 108 133 
108 134 133 
134 108 107 
107 132 134 
109 110 135 
135 117 109 
110 131 136 
136 135 110 
111 137 118 
115 137 111 
112 116 138 
112 138 113 
114 113 139 
113 138 139 
114 140 115 
114 139 140 
115 141 137 
115 140 141 
116 117 142 
116 142 138 
117 135 143 
117 143 142 
144 138 142 
145 118 137 
118 146 119 
118 145 146 
120 147 123 
121 122 148 
121 148 124 
122 123 149 
122 149 148 
150 123 147 
123 150 149 
148 151 124 
125 124 151 
125 151 152 
125 152 126 
126 152 153 
126 153 127 
127 153 154 
154 130 127 
128 155 132 
129 130 155 
129 155 128 
130 154 156 
130 156 155 
157 131 133 
157 136 131 
158 132 155 
159 134 132 
132 158 159 
133 160 157 
160 133 134 
159 160 134 
135 136 161 
161 143 135 
136 157 162 
162 161 136 
137 163 145 
137 141 163 
164 138 144 
139 138 164 
140 139 165 
139 164 165 
166 141 140 
165 166 140 
167 163 141 
167 141 166 
143 161 168 
143 168 169 
142 143 169 
169 144 142 
144 169 170 
171 144 170 
171 164 144 
172 145 163 
146 145 173 
145 172 173 
147 174 150 
175 150 174 
176 148 149 
148 176 151 
150 175 177 
177 149 150 
176 149 177 
178 151 176 
178 179 151 
152 151 179 
180 152 179 
152 180 153 
180 181 153 
181 154 153 
154 181 182 
182 156 154 
183 155 156 
158 155 183 
184 156 182 
156 184 183 
185 157 160 
185 162 157 
186 158 183 
187 159 158 
186 187 158 
160 188 185 
160 159 188 
187 188 159 
161 162 189 
189 168 161 
185 190 162 
189 162 190 
191 168 189 
163 192 172 
163 167 192 
171 193 164 
165 164 193 
194 166 165 
193 194 165 
166 195 167 
195 166 194 
196 192 167 
167 195 196 
168 191 197 
169 168 197 
170 169 197 
198 170 197 
198 199 170 
171 199 193 
171 170 199 
192 200 172 
173 172 201 
172 200 201 
175 174 203 
202 175 203 
202 204 175 
175 204 177 
202 205 204 
177 204 206 
178 176 206 
177 206 176 
178 206 207 
178 207 179 
179 207 208 
179 208 180 
209 180 208 
180 209 181 
181 209 210 
181 210 182 
211 182 210 
184 182 211 
211 212 184 
213 184 212 
213 183 184 
186 183 213 
185 188 214 
214 190 185 
215 186 213 
216 187 186 
216 186 215 
214 188 217 
187 217 188 
216 217 187 
189 190 218 
218 191 189 
190 214 219 
218 190 219 
220 191 218 
220 221 191 
191 221 197 
192 222 200 
196 222 192 
193 199 223 
194 193 223 
224 194 223 
224 195 194 
225 196 195 
224 225 195 
226 222 196 
226 196 225 
227 197 221 
198 197 227 
198 227 228 
198 228 199 
228 229 199 
223 199 229 
230 200 222 
231 201 200 
230 231 200 
203 232 202 
202 232 205 
233 205 232 
204 205 234 
204 234 206 
235 234 205 
233 235 205 
234 236 206 
207 206 236 
237 207 236 
207 237 208 
238 208 237 
208 238 209 
239 209 238 
209 239 210 
240 210 239 
210 240 211 
241 211 240 
212 211 241 
212 241 242 
243 212 242 
212 243 213 
215 213 243 
244 214 217 
244 219 214 
243 245 215 
246 215 245 
216 215 246 
216 246 217 
247 244 217 
247 217 246 
248 219 244 
248 249 219 
218 219 249 
220 218 249 
220 249 250 
220 250 221 
221 250 251 
221 251 227 
252 230 222 
252 222 253 
226 253 222 
223 229 254 
224 223 254 
224 254 225 
226 255 253 
225 254 255 
226 225 255 
227 251 256 
228 227 256 
256 257 228 
229 228 257 
257 258 229 
258 254 229 
252 259 230 
260 231 230 
260 230 259 
233 261 235 
233 232 262 
233 262 261 
264 236 234 
234 235 264 
264 235 265 
235 261 265 
263 265 261 
266 237 236 
236 264 266 
267 238 237 
237 266 267 
268 239 238 
238 267 268 
269 240 239 
239 268 269 
270 241 240 
240 269 270 
271 242 241 
271 241 270 
272 242 271 
243 242 273 
245 243 273 
242 272 273 
273 274 245 
247 275 244 
248 244 275 
276 245 274 
275 247 276 
245 276 246 
247 246 276 
277 248 275 
277 278 248 
278 249 248 
250 249 279 
278 279 249 
250 279 280 
251 250 280 
280 281 251 
256 251 281 
252 282 259 
252 253 282 
255 283 253 
253 283 282 
258 284 254 
255 284 283 
255 254 284 
281 285 256 
257 256 285 
285 286 257 
258 257 286 
286 287 258 
284 258 287 
259 282 288 
289 260 259 
288 289 259 
263 261 290 
291 261 262 
291 290 261 
292 263 290 
263 292 293 
263 293 265 
294 266 264 
265 294 264 
294 265 293 
295 267 266 
266 294 295 
296 268 267 
295 296 267 
297 269 268 
268 296 297 
298 270 269 
269 297 298 
270 299 271 
298 299 270 
300 272 271 
300 271 299 
301 272 300 
273 302 274 
273 272 302 
272 301 302 
303 274 302 
274 304 276 
275 276 304 
275 304 277 
303 304 274 
277 305 278 
305 277 304 
278 305 306 
278 306 279 
306 307 279 
280 279 307 
307 308 280 
281 280 308 
308 309 281 
285 281 309 
310 288 282 
310 282 311 
311 282 283 
284 287 312 
283 312 311 
283 284 312 
313 312 287 
309 314 285 
314 286 285 
314 315 286 
313 287 315 
315 287 286 
316 288 310 
288 317 289 
316 317 288 
292 290 318 
290 291 319 
290 319 318 
292 318 320 
292 320 293 
321 293 320 
295 294 322 
294 293 322 
321 322 293 
323 296 295 
323 295 322 
296 324 297 
323 324 296 
297 325 298 
325 297 324 
299 298 326 
298 325 326 
300 299 327 
326 327 299 
301 300 328 
300 327 328 
301 329 302 
301 328 329 
303 302 330 
330 302 329 
303 330 331 
331 304 303 
332 305 304 
331 332 304 
333 306 305 
332 333 305 
306 334 307 
333 334 306 
308 307 335 
335 307 334 
309 308 336 
336 308 335 
314 309 337 
337 309 336 
316 310 338 
310 339 338 
339 310 311 
312 313 340 
311 340 339 
340 311 312 
340 313 341 
313 315 342 
342 341 313 
315 314 343 
315 343 342 
343 314 337 
316 344 317 
316 338 344 
345 344 338 
318 347 320 
346 320 347 
318 319 348 
347 318 348 
349 322 321 
346 350 320 
321 320 350 
321 350 349 
323 322 351 
349 351 322 
323 351 324 
324 352 325 
324 351 352 
325 352 353 
353 326 325 
327 326 354 
326 353 354 
327 354 355 
328 327 355 
328 355 356 
356 329 328 
357 330 329 
329 356 357 
330 358 331 
330 357 358 
332 331 359 
359 331 358 
332 359 333 
333 360 334 
359 360 333 
334 361 335 
361 334 360 
335 362 336 
362 335 361 
336 363 337 
363 336 362 
364 343 337 
364 337 363 
365 338 339 
345 338 365 
339 340 366 
365 339 366 
341 366 340 
367 366 341 
368 341 342 
367 341 368 
369 342 343 
342 369 368 
343 364 369 
345 365 370 
345 371 344 
345 370 371 
346 372 350 
346 347 373 
346 373 372 
348 374 347 
373 347 374 
349 350 375 
349 375 351 
372 376 350 
376 375 350 
372 377 376 
378 351 375 
378 352 351 
352 378 379 
379 353 352 
380 356 355 
353 379 381 
381 354 353 
354 381 382 
382 355 354 
382 383 355 
380 355 383 
384 357 356 
380 384 356 
385 358 357 
357 384 385 
358 385 386 
359 358 386 
386 360 359 
387 360 386 
388 361 360 
387 388 360 
361 389 362 
389 361 388 
362 390 363 
390 362 389 
391 364 363 
391 363 390 
392 369 364 
364 391 392 
365 366 393 
370 365 393 
394 366 367 
394 393 366 
394 367 395 
367 368 396 
395 367 396 
397 368 369 
397 396 368 
392 397 369 
370 393 398 
370 399 371 
399 370 398 
372 401 377 
401 372 373 
400 377 401 
374 402 373 
401 373 402 
375 376 403 
403 378 375 
376 377 404 
404 403 376 
405 404 377 
377 400 405 
378 403 406 
406 379 378 
379 406 407 
407 381 379 
380 408 384 
380 383 408 
381 407 409 
409 382 381 
382 409 410 
410 383 382 
383 410 411 
411 408 383 
385 384 412 
412 384 408 
413 385 412 
413 386 385 
387 386 413 
387 413 414 
387 414 388 
388 414 415 
388 415 389 
389 415 416 
416 390 389 
390 416 417 
417 391 390 
418 392 391 
391 417 418 
392 418 419 
397 392 419 
393 420 398 
394 420 393 
395 420 394 
395 421 420 
395 396 421 
396 397 422 
397 419 422 
396 422 421 
398 420 423 
398 424 399 
398 423 424 
425 405 400 
426 425 400 
402 427 401 
400 401 427 
426 400 427 
403 404 428 
428 406 403 
404 429 428 
429 404 405 
430 429 405 
430 405 425 
406 428 431 
431 407 406 
407 431 432 
432 409 407 
433 412 408 
434 433 408 
434 408 411 
409 432 435 
435 410 409 
434 411 436 
410 435 437 
411 437 436 
437 411 410 
433 438 412 
412 438 413 
413 438 414 
414 438 439 
439 415 414 
415 439 440 
440 416 415 
416 440 441 
441 417 416 
442 422 419 
417 441 443 
443 418 417 
418 443 444 
419 444 442 
444 419 418 
423 420 445 
421 445 420 
422 442 446 
422 446 421 
421 446 445 
447 423 445 
448 424 423 
423 447 448 
430 425 449 
426 450 425 
425 450 449 
426 427 451 
426 451 450 
428 452 431 
429 452 428 
429 453 452 
430 453 429 
430 449 453 
431 454 432 
454 431 452 
455 438 433 
435 432 456 
456 432 454 
434 457 433 
434 436 457 
455 433 457 
458 457 436 
435 459 437 
456 459 435 
460 436 437 
458 436 460 
460 437 459 
455 461 438 
461 439 438 
439 461 462 
462 440 439 
440 462 463 
463 441 440 
441 463 464 
464 443 441 
465 446 442 
442 466 465 
466 442 444 
443 464 467 
444 467 466 
467 444 443 
446 465 468 
446 468 445 
447 445 468 
469 468 465 
470 447 468 
471 448 447 
470 471 447 
453 449 472 
449 450 473 
449 473 472 
450 451 474 
450 474 473 
454 452 475 
452 453 475 
472 475 453 
476 475 472 
477 456 454 
477 454 475 
455 457 478 
455 478 461 
456 479 459 
477 479 456 
478 457 480 
481 457 458 
481 480 457 
458 482 481 
458 460 482 
459 483 460 
483 459 479 
460 483 482 
461 478 484 
484 462 461 
462 484 485 
485 463 462 
463 485 486 
486 464 463 
464 486 487 
487 467 464 
488 469 465 
488 465 466 
467 487 489 
489 488 466 
489 466 467 
490 469 488 
491 469 490 
492 468 469 
470 468 492 
469 491 492 
470 493 471 
470 492 493 
476 472 495 
494 476 495 
473 496 472 
495 472 496 
497 473 474 
496 473 497 
477 498 479 
477 475 498 
476 498 475 
494 498 476 
484 478 499 
480 499 478 
480 500 499 
479 501 483 
479 498 501 
482 502 481 
481 502 480 
500 480 502 
482 503 502 
482 483 503 
483 501 503 
485 484 504 
499 504 484 
485 505 486 
505 485 504 
487 486 506 
505 506 486 
489 487 507 
506 507 487 
488 489 508 
490 488 508 
508 489 507 
509 490 508 
491 490 510 
509 510 490 
491 510 511 
491 511 492 
493 492 512 
512 492 511 
513 498 494 
494 495 514 
494 514 513 
495 496 515 
514 495 515 
497 516 496 
515 496 516 
501 498 517 
513 517 498 
499 518 504 
500 518 499 
500 502 519 
500 519 518 
503 501 520 
517 520 501 
502 503 521 
503 520 521 
521 519 502 
504 522 505 
522 504 518 
523 506 505 
522 523 505 
507 506 524 
523 524 506 
508 507 525 
509 508 525 
525 507 524 
509 525 526 
509 526 510 
510 527 511 
510 526 527 
511 528 512 
528 511 527 
513 514 529 
513 529 517 
514 515 530 
514 530 529 
515 516 531 
531 530 515 
520 517 532 
529 532 517 
518 519 533 
518 533 522 
534 519 521 
519 534 533 
521 520 535 
532 535 520 
521 535 534 
522 536 523 
536 522 533 
537 524 523 
537 523 536 
537 538 524 
526 525 539 
525 524 539 
538 539 524 
526 540 527 
526 539 540 
527 541 528 
541 527 540 
532 529 542 
530 543 529 
542 529 543 
544 530 531 
543 530 544 
535 532 545 
545 532 542 
533 534 546 
533 546 536 
535 545 547 
547 534 535 
534 547 546 
536 546 548 
537 536 548 
537 548 538 
538 549 539 
538 548 549 
550 540 539 
549 550 539 
551 541 540 
540 550 551 
542 552 545 
553 552 542 
553 542 543 
543 544 554 
553 543 554 
555 545 552 
545 555 547 
547 555 556 
546 547 556 
546 556 548 
557 548 556 
557 549 548 
549 558 550 
557 558 549 
551 550 559 
559 550 558 
560 555 552 
553 561 552 
553 554 561 
560 552 561 
560 562 555 
562 556 555 
563 556 562 
557 563 558 
557 556 563 
558 564 559 
564 558 563 
560 561 565 
560 565 562 
562 565 566 
563 566 564 
566 563 562 
Concentrations
7
567
0.0 0.0 0.0 0.0 0.0 0.0 0.0 0.0 
0.0 0.0 0.0 0.0 0.0 0.0 0.0 0.0 
0.0 0.0 0.0 0.0 0.0 0.0 0.0 0.0 
0.0 0.0 0.0 0.0 0.0 0.0 0.0 0.0 
0.0 0.0 0.0 0.0 0.0 0.0 0.0 0.0 
0.0 0.0 0.0 0.0 0.0 0.0 0.0 0.0 
0.0 0.0 0.0 0.0 0.0 0.0 0.0 0.0 
0.0 0.0 0.0 0.0 0.0 0.0 0.0 0.0 
0.0 0.0 0.0 0.0 0.0 0.0 0.0 0.0 
0.0 0.0 0.0 0.0 0.0 0.0 0.0 0.0 
0.0 0.0 0.0 0.0 0.0 0.0 0.0 0.0 
0.0 0.0 0.0 0.0 0.0 0.0 0.0 0.0 
0.0 0.0 0.0 0.0 0.0 0.0 0.0 0.0 
0.0 0.0 0.0 0.0 0.0 0.0 0.0 0.0 
0.0 0.0 0.0 0.0 0.0 0.0 0.0 0.0 
0.0 0.0 0.0 0.0 0.0 0.0 0.0 0.0
0.0 0.0 0.0 0.0 0.0 0.0 0.0 0.0 
0.0 0.0 0.0 0.0 0.0 0.0 0.0 0.0 
0.0 0.0 0.0 0.0 0.0 0.0 0.0 0.0 
0.0 0.0 0.0 0.0 0.0 0.0 0.0 0.0 
0.0 0.0 0.0 0.0 0.0 0.0 0.0 0.0 
0.0 0.0 0.0 0.0 0.0 0.0 0.0 0.0 
0.0 0.0 0.0 0.0 0.0 0.0 0.0 0.0 
0.0 0.0 0.0 0.0 0.0 0.0 0.0 0.0
0.0 0.0 0.0 0.0 0.0 0.0 0.0 0.0 
0.0 0.0 0.0 0.0 0.0 0.0 0.0 0.0 
0.0 0.0 0.0 0.0 0.0 0.0 0.0 0.0 
0.0 0.0 0.0 0.0 0.0 0.0 0.0 0.0 
0.0 0.0 0.0 0.0 0.0 0.0 0.0 0.0 
0.0 0.0 0.0 0.0 0.0 0.0 0.0 0.0 
0.0 0.0 0.0 0.0 0.0 0.0 0.0 0.0 
0.0 0.0 0.0 0.0 0.0 0.0 0.0 0.0 
0.0 0.0 0.0 0.0 0.0 0.0 0.0 0.0 
0.0 0.0 0.0 0.0 0.0 0.0 0.0 0.0 
0.0 0.0 0.0 0.0 0.0 0.0 0.0 0.0 
0.0 0.0 0.0 0.0 0.0 0.0 0.0 0.0 
0.0 0.0 0.0 0.0 0.0 0.0 0.0 0.0 
0.0 0.0 0.0 0.0 0.0 0.0 0.0 0.0 
0.0 0.0 0.0 0.0 0.0 0.0 0.0 0.0 
0.0 0.0 0.0 0.0 0.0 0.0 0.0 0.0
0.0 0.0 0.0 0.0 0.0 0.0 0.0 0.0 
0.0 0.0 0.0 0.0 0.0 0.0 0.0 0.0 
0.0 0.0 0.0 0.0 0.0 0.0 0.0 0.0 
0.0 0.0 0.0 0.0 0.0 0.0 0.0 0.0 
0.0 0.0 0.0 0.0 0.0 0.0 0.0 0.0 
0.0 0.0 0.0 0.0 0.0 0.0 0.0 0.0 
0.0 0.0 0.0 0.0 0.0 0.0 0.0 0.0 
0.0 0.0 0.0 0.0 0.0 0.0 0.0 0.0
0.0 0.0 0.0 0.0 0.0 0.0 0.0 0.0 
0.0 0.0 0.0 0.0 0.0 0.0 0.0 0.0 
0.0 0.0 0.0 0.0 0.0 0.0 0.0 0.0 
0.0 0.0 0.0 0.0 0.0 0.0 0.0 0.0 
0.0 0.0 0.0 0.0 0.0 0.0 0.0 0.0 
0.0 0.0 0.0 0.0 0.0 0.0 0.0 0.0 
0.0 0.0 0.0 0.0 0.0 0.0 0.0 0.0 
0.0 0.0 0.0 0.0 0.0 0.0 0.0 0.0 
0.0 0.0 0.0 0.0 0.0 0.0 0.0 0.0 
0.0 0.0 0.0 0.0 0.0 0.0 0.0 0.0 
0.0 0.0 0.0 0.0 0.0 0.0 0.0 0.0 
0.0 0.0 0.0 0.0 0.0 0.0 0.0 0.0 
0.0 0.0 0.0 0.0 0.0 0.0 0.0 0.0 
0.0 0.0 0.0 0.0 0.0 0.0 0.0 0.0 
0.0 0.0 0.0 0.0 0.0 0.0 0.0 0.0
0.0 0.0 0.0 0.0 0.0 0.0 0.0 0.0 
0.0 0.0 0.0 0.0 0.0 0.0 0.0 0.0 
0.0 0.0 0.0 0.0 0.0 0.0 0.0 0.0 
0.0 0.0 0.0 0.0 0.0 0.0 0.0 0.0 
0.0 0.0 0.0 0.0 0.0 0.0 0.0 0.0 
0.0 0.0 0.0 0.0 0.0 0.0 0.0 0.0 
0.0 0.0 0.0 0.0 0.0 0.0 0.0 0.0 
0.0 0.0 0.0 0.0 0.0 0.0 0.0 0.0
0.0 0.0 0.0 0.0 0.0 0.0 0.0 0.0 
0.0 0.0 0.0 0.0 0.0 0.0 0.0 0.0 
0.0 0.0 0.0 0.0 0.0 0.0 0.0 0.0 
0.0 0.0 0.0 0.0 0.0 0.0 0.0 0.0 
0.0 0.0 0.0 0.0 0.0 0.0 0.0 0.0 
0.0 0.0 0.0 0.0 0.0 0.0 0.0 0.0 
0.0 0.0 0.0 0.0 0.0 0.0 0.0 0.0 
0.0 0.0 0.0 0.0 0.0 0.0 0.0 0.0 
0.0 0.0 0.0 0.0 0.0 0.0 0.0 0.0 
0.0 0.0 0.0 0.0 0.0 0.0 0.0 0.0 
0.0 0.0 0.0 0.0 0.0 0.0 0.0 0.0 
0.0 0.0 0.0 0.0 0.0 0.0 0.0 0.0 
0.0 0.0 0.0 0.0 0.0 0.0 0.0 0.0 
0.0 0.0 0.0 0.0 0.0 0.0 0.0 0.0 
0.0 0.0 0.0 0.0 0.0 0.0 0.0 0.0 
0.0 0.0 0.0 0.0 0.0 0.0 0.0 0.0
0.0 0.0 0.0 0.0 0.0 0.0 0.0 0.0 
0.0 0.0 0.0 0.0 0.0 0.0 0.0 0.0 
0.0 0.0 0.0 0.0 0.0 0.0 0.0 0.0 
0.0 0.0 0.0 0.0 0.0 0.0 0.0 0.0 
0.0 0.0 0.0 0.0 0.0 0.0 0.0 0.0 
0.0 0.0 0.0 0.0 0.0 0.0 0.0 0.0 
0.0 0.0 0.0 0.0 0.0 0.0 0.0 0.0 
0.0 0.0 0.0 0.0 0.0 0.0 0.0 0.0
0.0 0.0 0.0 0.0 0.0 0.0 0.0 0.0 
0.0 0.0 0.0 0.0 0.0 0.0 0.0 0.0 
0.0 0.0 0.0 0.0 0.0 0.0 0.0 0.0 
0.0 0.0 0.0 0.0 0.0 0.0 0.0 0.0 
0.0 0.0 0.0 0.0 0.0 0.0 0.0 0.0 
0.0 0.0 0.0 0.0 0.0 0.0 0.0 0.0 
0.0 0.0 0.0 0.0 0.0 0.0 0.0 0.0 
0.0 0.0 0.0 0.0 0.0 0.0 0.0 0.0 
0.0 0.0 0.0 0.0 0.0 0.0 0.0 0.0 
0.0 0.0 0.0 0.0 0.0 0.0 0.0 0.0 
0.0 0.0 0.0 0.0 0.0 0.0 0.0 0.0 
0.0 0.0 0.0 0.0 0.0 0.0 0.0 0.0 
0.0 0.0 0.0 0.0 0.0 0.0 0.0 0.0 
0.0 0.0 0.0 0.0 0.0 0.0 0.0 0.0 
0.0 0.0 0.0 0.0 0.0 0.0 0.0 0.0
0.0 0.0 0.0 0.0 0.0 0.0 0.0 0.0 
0.0 0.0 0.0 0.0 0.0 0.0 0.0 0.0 
0.0 0.0 0.0 0.0 0.0 0.0 0.0 0.0 
0.0 0.0 0.0 0.0 0.0 0.0 0.0 0.0 
0.0 0.0 0.0 0.0 0.0 0.0 0.0 0.0 
0.0 0.0 0.0 0.0 0.0 0.0 0.0 0.0 
0.0 0.0 0.0 0.0 0.0 0.0 0.0 0.0 
0.0 0.0 0.0 0.0 0.0 0.0 0.0 0.0
0.0 0.0 0.0 0.0 0.0 0.0 0.0 0.0 
0.0 0.0 0.0 0.0 0.0 0.0 0.0 0.0 
0.0 0.0 0.0 0.0 0.0 0.0 0.0 0.0 
0.0 0.0 0.0 0.0 0.0 0.0 0.0 0.0 
0.0 0.0 0.0 0.0 0.0 0.0 0.0 0.0 
0.0 0.0 0.0 0.0 0.0 0.0 0.0 0.0 
0.0 0.0 0.0 0.0 0.0 0.0 0.0 0.0 
0.0 0.0 0.0 0.0 0.0 0.0 0.0 0.0 
0.0 0.0 0.0 0.0 0.0 0.0 0.0 0.0 
0.0 0.0 0.0 0.0 0.0 0.0 0.0 0.0 
0.0 0.0 0.0 0.0 0.0 0.0 0.0 0.0 
0.0 0.0 0.0 0.0 0.0 0.0 0.0 0.0 
0.0 0.0 0.0 0.0 0.0 0.0 0.0 0.0 
0.0 0.0 0.0 0.0 0.0 0.0 0.0 0.0 
0.0 0.0 0.0 0.0 0.0 0.0 0.0 0.0 
0.0 0.0 0.0 0.0 0.0 0.0 0.0 0.0
0.0 0.0 0.0 0.0 0.0 0.0 0.0 0.0 
0.0 0.0 0.0 0.0 0.0 0.0 0.0 0.0 
0.0 0.0 0.0 0.0 0.0 0.0 0.0 0.0 
0.0 0.0 0.0 0.0 0.0 0.0 0.0 0.0 
0.0 0.0 0.0 0.0 0.0 0.0 0.0 0.0 
0.0 0.0 0.0 0.0 0.0 0.0 0.0 0.0 
0.0 0.0 0.0 0.0 0.0 0.0 0.0 0.0 
0.0 0.0 0.0 0.0 0.0 0.0 0.0 0.0
0.0 0.0 0.0 0.0 0.0 0.0 0.0 0.0 
0.0 0.0 0.0 0.0 0.0 0.0 0.0 0.0 
0.0 0.0 0.0 0.0 0.0 0.0 0.0 0.0 
0.0 0.0 0.0 0.0 0.0 0.0 0.0 0.0 
0.0 0.0 0.0 0.0 0.0 0.0 0.0 0.0 
0.0 0.0 0.0 0.0 0.0 0.0 0.0 0.0 
0.0 0.0 0.0 0.0 0.0 0.0 0.0 0.0 
0.0 0.0 0.0 0.0 0.0 0.0 0.0 0.0 
0.0 0.0 0.0 0.0 0.0 0.0 0.0 0.0 
0.0 0.0 0.0 0.0 0.0 0.0 0.0 0.0 
0.0 0.0 0.0 0.0 0.0 0.0 0.0 0.0 
0.0 0.0 0.0 0.0 0.0 0.0 0.0 0.0 
0.0 0.0 0.0 0.0 0.0 0.0 0.0 0.0 
0.0 0.0 0.0 0.0 0.0 0.0 0.0 0.0 
0.0 0.0 0.0 0.0 0.0 0.0 0.0 0.0
0.0 0.0 0.0 0.0 0.0 0.0 0.0 0.0 
0.0 0.0 0.0 0.0 0.0 0.0 0.0 0.0 
0.0 0.0 0.0 0.0 0.0 0.0 0.0 0.0 
0.0 0.0 0.0 0.0 0.0 0.0 0.0 0.0 
0.0 0.0 0.0 0.0 0.0 0.0 0.0 0.0 
0.0 0.0 0.0 0.0 0.0 0.0 0.0 0.0 
0.0 0.0 0.0 0.0 0.0 0.0 0.0 0.0 
0.0 0.0 0.0 0.0 0.0 0.0 0.0 0.0
0.0 0.0 0.0 0.0 0.0 0.0 0.0 0.0 
0.0 0.0 0.0 0.0 0.0 0.0 0.0 0.0 
0.0 0.0 0.0 0.0 0.0 0.0 0.0 0.0 
0.0 0.0 0.0 0.0 0.0 0.0 0.0 0.0 
0.0 0.0 0.0 0.0 0.0 0.0 0.0 0.0 
0.0 0.0 0.0 0.0 0.0 0.0 0.0 0.0 
0.0 0.0 0.0 0.0 0.0 0.0 0.0 0.0 
0.0 0.0 0.0 0.0 0.0 0.0 0.0 0.0 
0.0 0.0 0.0 0.0 0.0 0.0 0.0 0.0 
0.0 0.0 0.0 0.0 0.0 0.0 0.0 0.0 
0.0 0.0 0.0 0.0 0.0 0.0 0.0 0.0 
0.0 0.0 0.0 0.0 0.0 0.0 0.0 0.0 
0.0 0.0 0.0 0.0 0.0 0.0 0.0 0.0 
0.0 0.0 0.0 0.0 0.0 0.0 0.0 0.0 
0.0 0.0 0.0 0.0 0.0 0.0 0.0 0.0 
0.0 0.0 0.0 0.0 0.0 0.0 0.0 0.0
0.0 0.0 0.0 0.0 0.0 0.0 0.0 0.0 
0.0 0.0 0.0 0.0 0.0 0.0 0.0 0.0 
0.0 0.0 0.0 0.0 0.0 0.0 0.0 0.0 
0.0 0.0 0.0 0.0 0.0 0.0 0.0 0.0 
0.0 0.0 0.0 0.0 0.0 0.0 0.0 0.0 
0.0 0.0 0.0 0.0 0.0 0.0 0.0 0.0 
0.0 0.0 0.0 0.0 0.0 0.0 0.0 0.0 
0.0 0.0 0.0 0.0 0.0 0.0 0.0 0.0
0.0 0.0 0.0 0.0 0.0 0.0 0.0 0.0 
0.0 0.0 0.0 0.0 0.0 0.0 0.0 0.0 
0.0 0.0 0.0 0.0 0.0 0.0 0.0 0.0 
0.0 0.0 0.0 0.0 0.0 0.0 0.0 0.0
0.0 0.0 0.0 0.0 0.0 0.0 0.0 0.0 
0.0 0.0 0.0 0.0 0.0 0.0 0.0 0.0 
0.0 0.0 0.0 0.0 0.0 0.0 0.0 0.0 
0.0 0.0 0.0 0.0 0.0 0.0 0.0 0.0 
0.0 0.0 0.0 0.0 0.0 0.0 0.0 0.0 
0.0 0.0 0.0 0.0 0.0 0.0 0.0 0.0 
0.0 0.0 0.0 0.0 0.0 0.0 0.0 0.0 
0.0 0.0 0.0 0.0 0.0 0.0 0.0 0.0 
0.0 0.0 0.0 0.0 0.0 0.0 0.0 0.0 
0.0 0.0 0.0 0.0 0.0 0.0 0.0 0.0 
0.0 0.0 0.0 0.0 0.0 0.0 0.0 0.0 
0.0 0.0 0.0 0.0 0.0 0.0 0.0 0.0 
0.0 0.0 0.0 0.0 0.0 0.0 0.0 0.0 
0.0 0.0 0.0 0.0 0.0 0.0 0.0 0.0 
0.0 0.0 0.0 0.0 0.0 0.0 0.0 0.0
0.0 0.0 0.0 0.0 0.0 0.0 0.0 0.0 
0.0 0.0 0.0 0.0 0.0 0.0 0.0 0.0 
0.0 0.0 0.0 0.0 0.0 0.0 0.0 0.0 
0.0 0.0 0.0 0.0 0.0 0.0 0.0 0.0 
0.0 0.0 0.0 0.0 0.0 0.0 0.0 0.0 
0.0 0.0 0.0 0.0 0.0 0.0 0.0 0.0 
0.0 0.0 0.0 0.0 0.0 0.0 0.0 0.0 
0.0 0.0 0.0 0.0 0.0 0.0 0.0 0.0
0.0 0.0 0.0 0.0 0.0 0.0 0.0 0.0 
0.0 0.0 0.0 0.0 0.0 0.0 0.0 0.0 
0.0 0.0 0.0 0.0 0.0 0.0 0.0 0.0 
0.0 0.0 0.0 0.0 0.0 0.0 0.0 0.0 
0.0 0.0 0.0 0.0 0.0 0.0 0.0 0.0 
0.0 0.0 0.0 0.0 0.0 0.0 0.0 0.0 
0.0 0.0 0.0 0.0 0.0 0.0 0.0 0.0 
0.0 0.0 0.0 0.0 0.0 0.0 0.0 0.0 
0.0 0.0 0.0 0.0 0.0 0.0 0.0 0.0 
0.0 0.0 0.0 0.0 0.0 0.0 0.0 0.0 
0.0 0.0 0.0 0.0 0.0 0.0 0.0 0.0 
0.0 0.0 0.0 0.0 0.0 0.0 0.0 0.0 
0.0 0.0 0.0 0.0 0.0 0.0 0.0 0.0 
0.0 0.0 0.0 0.0 0.0 0.0 0.0 0.0 
0.0 0.0 0.0 0.0 0.0 0.0 0.0 0.0 
0.0 0.0 0.0 0.0 0.0 0.0 0.0 0.0
0.0 0.0 0.0 0.0 0.0 0.0 0.0 0.0 
0.0 0.0 0.0 0.0 0.0 0.0 0.0 0.0 
0.0 0.0 0.0 0.0 0.0 0.0 0.0 0.0 
0.0 0.0 0.0 0.0 0.0 0.0 0.0 0.0 
0.0 0.0 0.0 0.0 0.0 0.0 0.0 0.0 
0.0 0.0 0.0 0.0 0.0 0.0 0.0 0.0 
0.0 0.0 0.0 0.0 0.0 0.0 0.0 0.0 
0.0 0.0 0.0 0.0 0.0 0.0 0.0 0.0
0.0 0.0 0.0 0.0 0.0 0.0 0.0 0.0 
0.0 0.0 0.0 0.0 0.0 0.0 0.0 0.0 
0.0 0.0 0.0 0.0 0.0 0.0 0.0 0.0 
0.0 0.0 0.0 0.0 0.0 0.0 0.0 0.0
0.0 0.0 0.0 0.0 0.0 0.0 0.0 0.0 
0.0 0.0 0.0 0.0 0.0 0.0 0.0 0.0 
0.0 0.0 0.0 0.0 0.0 0.0 0.0 0.0 
0.0 0.0 0.0 0.0 0.0 0.0 0.0 0.0 
0.0 0.0 0.0 0.0 0.0 0.0 0.0 0.0 
0.0 0.0 0.0 0.0 0.0 0.0 0.0 0.0 
0.0 0.0 0.0 0.0 0.0 0.0 0.0 0.0 
0.0 0.0 0.0 0.0 0.0 0.0 0.0 0.0 
0.0 0.0 0.0 0.0 0.0 0.0 0.0 0.0 
0.0 0.0 0.0 0.0 0.0 0.0 0.0 0.0 
0.0 0.0 0.0 0.0 0.0 0.0 0.0 0.0 
0.0 0.0 0.0 0.0 0.0 0.0 0.0 0.0 
0.0 0.0 0.0 0.0 0.0 0.0 0.0 0.0 
0.0 0.0 0.0 0.0 0.0 0.0 0.0 0.0 
0.0 0.0 0.0 0.0 0.0 0.0 0.0 0.0
0.0 0.0 0.0 0.0 0.0 0.0 0.0 0.0 
0.0 0.0 0.0 0.0 0.0 0.0 0.0 0.0 
0.0 0.0 0.0 0.0 0.0 0.0 0.0 0.0 
0.0 0.0 0.0 0.0 0.0 0.0 0.0 0.0 
0.0 0.0 0.0 0.0 0.0 0.0 0.0 0.0 
0.0 0.0 0.0 0.0 0.0 0.0 0.0 0.0 
0.0 0.0 0.0 0.0 0.0 0.0 0.0 0.0 
0.0 0.0 0.0 0.0 0.0 0.0 0.0 0.0
0.0 0.0 0.0 0.0 0.0 0.0 0.0 0.0 
0.0 0.0 0.0 0.0 0.0 0.0 0.0 0.0 
0.0 0.0 0.0 0.0 0.0 0.0 0.0 0.0 
0.0 0.0 0.0 0.0 0.0 0.0 0.0 0.0 
0.0 0.0 0.0 0.0 0.0 0.0 0.0 0.0 
0.0 0.0 0.0 0.0 0.0 0.0 0.0 0.0 
0.0 0.0 0.0 0.0 0.0 0.0 0.0 0.0 
0.0 0.0 0.0 0.0 0.0 0.0 0.0 0.0 
0.0 0.0 0.0 0.0 0.0 0.0 0.0 0.0 
0.0 0.0 0.0 0.0 0.0 0.0 0.0 0.0 
0.0 0.0 0.0 0.0 0.0 0.0 0.0 0.0 
0.0 0.0 0.0 0.0 0.0 0.0 0.0 0.0 
0.0 0.0 0.0 0.0 0.0 0.0 0.0 0.0 
0.0 0.0 0.0 0.0 0.0 0.0 0.0 0.0 
0.0 0.0 0.0 0.0 0.0 0.0 0.0 0.0 
0.0 0.0 0.0 0.0 0.0 0.0 0.0 0.0
0.0 0.0 0.0 0.0 0.0 0.0 0.0 0.0 
0.0 0.0 0.0 0.0 0.0 0.0 0.0 0.0 
0.0 0.0 0.0 0.0 0.0 0.0 0.0 0.0 
0.0 0.0 0.0 0.0 0.0 0.0 0.0 0.0 
0.0 0.0 0.0 0.0 0.0 0.0 0.0 0.0 
0.0 0.0 0.0 0.0 0.0 0.0 0.0 0.0 
0.0 0.0 0.0 0.0 0.0 0.0 0.0 0.0 
0.0 0.0 0.0 0.0 0.0 0.0 0.0 0.0
0.0 0.0 0.0 0.0 0.0 0.0 0.0 0.0 
0.0 0.0 0.0 0.0 0.0 0.0 0.0 0.0 
0.0 0.0 0.0 0.0 0.0 0.0 0.0 0.0 
0.0 0.0 0.0 0.0 0.0 0.0 0.0 0.0
0.0 0.0 0.0 0.0 0.0 0.0 0.0 0.0 
0.0 0.0 0.0 0.0 0.0 0.0 0.0 0.0 
0.0 0.0 0.0 0.0 0.0 0.0 0.0 0.0 
0.0 0.0 0.0 0.0 0.0 0.0 0.0 0.0 
0.0 0.0 0.0 0.0 0.0 0.0 0.0 0.0 
0.0 0.0 0.0 0.0 0.0 0.0 0.0 0.0 
0.0 0.0 0.0 0.0 0.0 0.0 0.0 0.0 
0.0 0.0 0.0 0.0 0.0 0.0 0.0 0.0 
0.0 0.0 0.0 0.0 0.0 0.0 0.0 0.0 
0.0 0.0 0.0 0.0 0.0 0.0 0.0 0.0 
0.0 0.0 0.0 0.0 0.0 0.0 0.0 0.0 
0.0 0.0 0.0 0.0 0.0 0.0 0.0 0.0 
0.0 0.0 0.0 0.0 0.0 0.0 0.0 0.0 
0.0 0.0 0.0 0.0 0.0 0.0 0.0 0.0 
0.0 0.0 0.0 0.0 0.0 0.0 0.0 0.0
0.0 0.0 0.0 0.0 0.0 0.0 0.0 0.0 
0.0 0.0 0.0 0.0 0.0 0.0 0.0 0.0 
0.0 0.0 0.0 0.0 0.0 0.0 0.0 0.0 
0.0 0.0 0.0 0.0 0.0 0.0 0.0 0.0 
0.0 0.0 0.0 0.0 0.0 0.0 0.0 0.0 
0.0 0.0 0.0 0.0 0.0 0.0 0.0 0.0 
0.0 0.0 0.0 0.0 0.0 0.0 0.0 0.0 
0.0 0.0 0.0 0.0 0.0 0.0 0.0 0.0
0.0 0.0 0.0 0.0 0.0 0.0 0.0 0.0 
0.0 0.0 0.0 0.0 0.0 0.0 0.0 0.0 
0.0 0.0 0.0 0.0 0.0 0.0 0.0 0.0 
0.0 0.0 0.0 0.0 0.0 0.0 0.0 0.0 
0.0 0.0 0.0 0.0 0.0 0.0 0.0 0.0 
0.0 0.0 0.0 0.0 0.0 0.0 0.0 0.0 
0.0 0.0 0.0 0.0 0.0 0.0 0.0 0.0 
0.0 0.0 0.0 0.0 0.0 0.0 0.0 0.0 
0.0 0.0 0.0 0.0 0.0 0.0 0.0 0.0 
0.0 0.0 0.0 0.0 0.0 0.0 0.0 0.0 
0.0 0.0 0.0 0.0 0.0 0.0 0.0 0.0 
0.0 0.0 0.0 0.0 0.0 0.0 0.0 0.0 
0.0 0.0 0.0 0.0 0.0 0.0 0.0 0.0 
0.0 0.0 0.0 0.0 0.0 0.0 0.0 0.0 
0.0 0.0 0.0 0.0 0.0 0.0 0.0 0.0 
0.0 0.0 0.0 0.0 0.0 0.0 0.0 0.0
0.0 0.0 0.0 0.0 0.0 0.0 0.0 0.0 
0.0 0.0 0.0 0.0 0.0 0.0 0.0 0.0 
0.0 0.0 0.0 0.0 0.0 0.0 0.0 0.0 
0.0 0.0 0.0 0.0 0.0 0.0 0.0 0.0 
0.0 0.0 0.0 0.0 0.0 0.0 0.0 0.0 
0.0 0.0 0.0 0.0 0.0 0.0 0.0 0.0 
0.0 0.0 0.0 0.0 0.0 0.0 0.0 0.0 
0.0 0.0 0.0 0.0 0.0 0.0 0.0 0.0
0.0 0.0 0.0 0.0 0.0 0.0 0.0 0.0 
0.0 0.0 0.0 0.0 0.0 0.0 0.0 0.0 
0.0 0.0 0.0 0.0 0.0 0.0 0.0 0.0 
0.0 0.0 0.0 0.0 0.0 0.0 0.0 0.0
0.0 0.0 0.0 0.0 0.0 0.0 0.0 0.0 
0.0 0.0 0.0 0.0 0.0 0.0 0.0 0.0 
0.0 0.0 0.0 0.0 0.0 0.0 0.0 0.0 
0.0 0.0 0.0 0.0 0.0 0.0 0.0 0.0 
0.0 0.0 0.0 0.0 0.0 0.0 0.0 0.0 
0.0 0.0 0.0 0.0 0.0 0.0 0.0 0.0 
0.0 0.0 0.0 0.0 0.0 0.0 0.0 0.0 
0.0 0.0 0.0 0.0 0.0 0.0 0.0 0.0 
0.0 0.0 0.0 0.0 0.0 0.0 0.0 0.0 
0.0 0.0 0.0 0.0 0.0 0.0 0.0 0.0 
0.0 0.0 0.0 0.0 0.0 0.0 0.0 0.0 
0.0 0.0 0.0 0.0 0.0 0.0 0.0 0.0 
0.0 0.0 0.0 0.0 0.0 0.0 0.0 0.0 
0.0 0.0 0.0 0.0 0.0 0.0 0.0 0.0 
0.0 0.0 0.0 0.0 0.0 0.0 0.0 0.0
0.0 0.0 0.0 0.0 0.0 0.0 0.0 0.0 
0.0 0.0 0.0 0.0 0.0 0.0 0.0 0.0 
0.0 0.0 0.0 0.0 0.0 0.0 0.0 0.0 
0.0 0.0 0.0 0.0 0.0 0.0 0.0 0.0 
0.0 0.0 0.0 0.0 0.0 0.0 0.0 0.0 
0.0 0.0 0.0 0.0 0.0 0.0 0.0 0.0 
0.0 0.0 0.0 0.0 0.0 0.0 0.0 0.0 