0
0
0
0
0
0
0
0
0
0
0
0
0
0
0
0
0
0
0
0
0
0
0
0
0
0
0
0
0
0
0
0
0
0
0
0
0
0
0
0
0
0
0
0.00038442
0.0092883
0.037726
0.088702
0.17412
0.34701
0.53065
0.70181
0.82503
0.86527
0.87075
0.8804
0.81866
0.70577
0.60679
0.54594
0.53245
0.52263
0.47026
0.4455
0.40344
0.3772
0.38929
0.44213
0.49353
0.49852
0.52292
0.52093
0.51035
0.5379
0.5344
0.53814
0.5725
0.60099
0.59049
0.59286
0.61065
0.60773
0.62251
0.65417
0.69649
0.66512
0.63223
0.61687
0.5705
0.51502
0.49204
0.50089
0.47498
0.44518
0.44094
0.39548
0.3724
0.37943
0.37939
0.35603
0.33698
0.29042
0
0
0
0
0
0
0
0
0
0
0
0
0
0
0
0
0
0
0
0
0
0
0
0
0
0
0
0
0
0
0
0
0
0
0
0
0
0
0
0
0
0
0
0.00090749
0.0092393
0.048436
0.12802
0.26
0.40326
0.5121
0.69197
0.82886
0.93951
1
0.93996
0.84569
0.74547
0.661
0.63383
0.59852
0.5846
0.5649
0.48831
0.42347
0.38108
0.37251
0.38133
0.41584
0.44698
0.47164
0.51701
0.53065
0.54689
0.55314
0.57085
0.56786
0.57991
0.57462
0.61874
0.65204
0.61901
0.63781
0.68894
0.69416
0.69214
0.63226
0.61445
0.55879
0.50256
0.47629
0.49267
0.45508
0.42696
0.44218
0.40506
0.36774
0.36652
0.37404
0.35216
0.33511
0.29042
0
0
0
0
0
0
0
0
0
0
0
0
0
0
0
0
0
0
0
0
0
0
0
0
0
0
0
0
0
0
0
0
0
0
0
0
0
0
0
0
0
0
0
0.0014383
0.013822
0.055392
0.16719
0.32495
0.50111
0.66658
0.80583
0.88188
0.932
0.87153
0.79741
0.74115
0.67954
0.65397
0.60907
0.58332
0.5603
0.53288
0.51563
0.48688
0.4237
0.39349
0.35418
0.37472
0.38592
0.43048
0.45829
0.48913
0.50589
0.52826
0.53694
0.55824
0.57542
0.60983
0.62193
0.63525
0.63975
0.65351
0.67913
0.71041
0.7111
0.67158
0.57869
0.56362
0.4948
0.46503
0.47359
0.44721
0.427
0.41907
0.39538
0.36794
0.35816
0.36488
0.35119
0.33504
0.29042
0
0
0
0
0
0
0
0
0
0
0
0
0
0
0
0
0
0
0
0
0
0
0
0
0
0
0
0
0
0
0
0
0
0
0
0
0
0
0
0
0
0
0
0.0024703
0.016305
0.071782
0.19916
0.39998
0.58393
0.71551
0.79982
0.79854
0.81149
0.80413
0.74798
0.70016
0.70765
0.67063
0.62404
0.56134
0.49016
0.46795
0.47934
0.46953
0.46465
0.44055
0.41682
0.41198
0.403
0.40058
0.41177
0.4359
0.45539
0.4663
0.52175
0.54661
0.56534
0.60963
0.62127
0.63622
0.63137
0.62584
0.66489
0.66455
0.65769
0.60282
0.54872
0.52402
0.46875
0.46946
0.45216
0.44474
0.42842
0.40334
0.3777
0.36362
0.35332
0.3673
0.34884
0.33146
0.29042
0
0
0
0
0
0
0
0
0
0
0
0
0
0
0
0
0
0
0
0
0
0
0
0
0
0
0
0
0
0
0
0
0
0
0
0
0
0
0
0
0
0
0
0.007543
0.022075
0.078113
0.20277
0.3974
0.58574
0.68338
0.69728
0.7309
0.73496
0.71338
0.71804
0.68127
0.61815
0.60441
0.56297
0.49769
0.45166
0.45047
0.45366
0.46008
0.44689
0.4704
0.48295
0.47433
0.46377
0.40647
0.40526
0.40573
0.44321
0.45671
0.48116
0.5146
0.55888
0.6244
0.6276
0.6283
0.6449
0.63756
0.62571
0.64921
0.60738
0.58798
0.53586
0.49285
0.45798
0.45193
0.45695
0.43992
0.43367
0.39531
0.37308
0.36554
0.34744
0.36132
0.34885
0.3323
0.29042
0
0
0
0
0
0
0
0
0
0
0
0
0
0
0
0
0
0
0
0
0
0
0
0
0
0
0
0
0
0
0
0
0
0
0
0
0
0
0
0
0
0
0.0001151
0.0043448
0.013963
0.052064
0.1573
0.31967
0.4983
0.6191
0.68101
0.71934
0.74917
0.746
0.74057
0.66695
0.58318
0.51701
0.4651
0.43968
0.44902
0.45253
0.47092
0.47256
0.4579
0.48333
0.51169
0.51065
0.48284
0.44335
0.41666
0.43941
0.45344
0.48316
0.52399
0.56923
0.61552
0.62314
0.62579
0.65163
0.64658
0.67327
0.64536
0.63333
0.61771
0.55939
0.5293
0.49856
0.45177
0.45818
0.45808
0.44026
0.42908
0.40709
0.37832
0.37473
0.34539
0.36327
0.3509
0.32498
0.29042
0
0
0
0
0
0
0
0
0
0
0
0
0
0
0
0
0
0
0
0
0
0
0
0
0
0
0
0
0
0
0
0
0
0
0
0
0
0
0
0
0
0
0.0010128
0.0042221
0.015003
0.070816
0.18358
0.33661
0.5127
0.62009
0.6958
0.71472
0.73091
0.785
0.76451
0.66353
0.58914
0.49928
0.45124
0.41718
0.41902
0.43077
0.4394
0.41697
0.42701
0.44633
0.43358
0.46244
0.46746
0.44943
0.4587
0.49936
0.53235
0.56986
0.60113
0.59512
0.60733
0.59747
0.61032
0.61781
0.6097
0.63706
0.64643
0.60382
0.57922
0.53868
0.50302
0.46393
0.46254
0.46921
0.44901
0.42527
0.41257
0.3863
0.38625
0.37354
0.35168
0.36249
0.35169
0.32453
0.29042
0
0
0
0
0
0
0
0
0
0
0
0
0
0
0
0
0
0
0
0
0
0
0
0
0
0
0
0
0
0
0
0
0
0
0
0
0
0
0
0
0
0
0.0014733
0.0094806
0.021213
0.052733
0.14181
0.28162
0.4434
0.59257
0.68625
0.71945
0.75284
0.73277
0.70939
0.66201
0.57065
0.48966
0.4287
0.39462
0.39237
0.38593
0.41245
0.43088
0.42467
0.42715
0.44367
0.45019
0.45973
0.49401
0.50485
0.54469
0.57741
0.59908
0.61422
0.61197
0.57019
0.5538
0.52835
0.5798
0.62926
0.64011
0.6219
0.57713
0.55853
0.55833
0.51598
0.48311
0.47197
0.47334
0.47218
0.43193
0.40695
0.39531
0.39316
0.38025
0.35347
0.35022
0.35188
0.32073
0.29042
0
0
0
0
0
0
0
0
0
0
0
0
0
0
0
0
0
0
0
0
0
0
0
0
0
0
0
0
0
0
0
0
0
0
0
0
0
0
0
0
0
0
0.0025574
0.0109
0.024337
0.05979
0.11528
0.23479
0.37622
0.54354
0.66433
0.69805
0.67471
0.64848
0.58066
0.55585
0.52463
0.48271
0.45598
0.42833
0.41595
0.41991
0.4255
0.4406
0.45421
0.43535
0.44908
0.45651
0.48631
0.50426
0.52081
0.54959
0.55374
0.58077
0.58715
0.56506
0.52673
0.51744
0.5012
0.57073
0.61605
0.60985
0.6166
0.56886
0.58785
0.57704
0.54583
0.52364
0.49747
0.50125
0.49021
0.45213
0.41216
0.40093
0.40529
0.38762
0.34813
0.34855
0.35402
0.3211
0.29042
0
0
0
0
0
0
0
0
0
0
0
0
0
0
0
0
0
0
0
0
0
0
0
0
0
0
0
0
0
0
0
0
0
0
0
0
0
0
0
0
0
0
0.0024504
0.012094
0.030397
0.078004
0.18095
0.30596
0.48506
0.5966
0.65091
0.6754
0.66678
0.60922
0.54833
0.52909
0.4975
0.47849
0.47044
0.44547
0.42345
0.41154
0.40468
0.41246
0.41765
0.4337
0.44986
0.45971
0.48252
0.50054
0.54411
0.57475
0.58403
0.59413
0.59274
0.60876
0.57007
0.54213
0.5393
0.5714
0.57419
0.58513
0.61023
0.57915
0.60543
0.58978
0.55189
0.55028
0.53452
0.50414
0.47969
0.46183
0.40431
0.41363
0.39802
0.38374
0.34422
0.3471
0.348
0.31894
0.29042
0
0
0
0
0
0
0
0
0
0
0
0
0
0
0
0
0
0
0
0
0
0
0
0
0
0
0
0
0
0
0
0
0
0
0
0
0
0
0
0
0
0
0.0047541
0.015188
0.035646
0.089679
0.20264
0.35038
0.50576
0.58953
0.62887
0.63274
0.61733
0.60971
0.58766
0.51805
0.47563
0.45278
0.44684
0.43402
0.42844
0.42488
0.41645
0.42718
0.42411
0.43219
0.47773
0.50111
0.53414
0.57302
0.60055
0.63484
0.6559
0.6432
0.61504
0.6235
0.61078
0.57427
0.54357
0.55386
0.5369
0.52818
0.55146
0.54531
0.56519
0.60131
0.5613
0.54426
0.54974
0.50971
0.47536
0.4549
0.42539
0.41997
0.38461
0.38374
0.35262
0.33986
0.34603
0.31571
0.29042
0
0
0
0
0
0
0
0
0
0
0
0
0
0
0
0
0
0
0
0
0
0
0
0
0
0
0
0
0
0
0
0
0
0
0
0
0
0
0
0
0
0
0.005088
0.021124
0.054493
0.11401
0.22826
0.38008
0.51036
0.60854
0.63533
0.61808
0.60418
0.56844
0.53931
0.51402
0.48327
0.45071
0.43441
0.43381
0.41797
0.41802
0.42696
0.4523
0.45656
0.47485
0.48377
0.51221
0.5552
0.60424
0.6559
0.71934
0.71564
0.6454
0.63306
0.59367
0.58807
0.54929
0.49937
0.50587
0.49198
0.50098
0.56108
0.55425
0.56662
0.58636
0.55609
0.54353
0.55187
0.51013
0.47235
0.43003
0.42397
0.41752
0.3979
0.37632
0.35897
0.34254
0.34492
0.31281
0.29042
0
0
0
0
0
0
0
0
0
0
0
0
0
0
0
0
0
0
0
0
0
0
0
0
0
0
0
0
0
0
0
0
0
0
0
0
0
0
0
0
0
0.00023139
0.004953
0.026021
0.064896
0.13587
0.2469
0.37638
0.48228
0.55899
0.59892
0.61442
0.5875
0.56488
0.55175
0.53064
0.50291
0.45416
0.43096
0.39042
0.40805
0.42117
0.44622
0.47178
0.47761
0.47517
0.45543
0.47431
0.51508
0.56501
0.6166
0.63819
0.68286
0.63104
0.61436
0.60223
0.55797
0.52756
0.47465
0.43262
0.46953
0.4745
0.48523
0.51387
0.52812
0.54006
0.5062
0.52737
0.51333
0.50187
0.4597
0.41847
0.41322
0.4176
0.42782
0.38216
0.35846
0.34408
0.34298
0.31137
0.29042
0
0
0
0
0
0
0
0
0
0
0
0
0
0
0
0
0
0
0
0
0
0
0
0
0
0
0
0
0
0
0
0
0
0
0
0
0
0
0
0
0
0.00070735
0.013379
0.037852
0.088086
0.16125
0.27629
0.449
0.56785
0.63439
0.66737
0.62801
0.60042
0.56692
0.5582
0.52921
0.51765
0.44993
0.42023
0.39871
0.42166
0.45759
0.49982
0.51073
0.4808
0.45397
0.46632
0.48136
0.52973
0.54981
0.60824
0.6443
0.62801
0.62664
0.59897
0.6116
0.56514
0.51295
0.45469
0.44717
0.44822
0.45701
0.4982
0.47988
0.47713
0.50159
0.48968
0.4886
0.47587
0.47675
0.4402
0.42063
0.38793
0.43143
0.43321
0.38711
0.36821
0.35385
0.34462
0.30996
0.29042
0
0
0
0
0
0
0
0
0
0
0
0
0
0
0
0
0
0
0
0
0
0
0
0
0
0
0
0
0
0
0
0
0
0
0
0
0
0
0
0
0
0.0018625
0.016134
0.054129
0.10694
0.20306
0.34614
0.47827
0.63521
0.69742
0.71581
0.68988
0.64098
0.60612
0.59926
0.55005
0.48928
0.45686
0.42808
0.40244
0.40449
0.42014
0.44215
0.43681
0.4618
0.45944
0.47855
0.50107
0.55625
0.62424
0.63009
0.60912
0.60896
0.59372
0.58326
0.57189
0.58352
0.569
0.49548
0.46203
0.45023
0.4442
0.44999
0.46187
0.47637
0.46826
0.4898
0.47461
0.45172
0.43751
0.41239
0.41089
0.40205
0.42567
0.43694
0.40387
0.38102
0.35783
0.33749
0.30676
0.29042
0
0
0
0
0
0
0
0
0
0
0
0
0
0
0
0
0
0
0
0
0
0
0
0
0
0
0
0
0
0
0
0
0
0
0
0
0
0
0
0
0
0.0014628
0.016852
0.062552
0.12575
0.23158
0.39224
0.53248
0.64998
0.73279
0.73547
0.69473
0.65
0.59621
0.57651
0.54229
0.4921
0.4749
0.43024
0.40584
0.37099
0.35063
0.36012
0.37291
0.36929
0.39746
0.44216
0.51077
0.53804
0.54713
0.55157
0.585
0.58557
0.56895
0.57498
0.60693
0.59316
0.61632
0.58235
0.52204
0.48371
0.4598
0.47071
0.47143
0.47195
0.47355
0.46287
0.45656
0.45113
0.45218
0.43224
0.42212
0.40642
0.43862
0.42919
0.41379
0.38904
0.36102
0.32991
0.30208
0.29042
0
0
0
0
0
0
0
0
0
0
0
0
0
0
0
0
0
0
0
0
0
0
0
0
0
0
0
0
0
0
0
0
0
0
0
0
0
0
0
0
0
0.00094086
0.013916
0.055071
0.11855
0.2628
0.41116
0.59637
0.69108
0.72031
0.72432
0.69785
0.67623
0.60432
0.55911
0.51412
0.4802
0.4446
0.41615
0.39117
0.33598
0.32889
0.32606
0.34609
0.37446
0.38688
0.42184
0.44853
0.48193
0.52622
0.55706
0.5768
0.57739
0.56546
0.5558
0.5486
0.56211
0.59414
0.57599
0.52618
0.48029
0.45507
0.46269
0.47637
0.51107
0.48429
0.45833
0.45087
0.46067
0.46955
0.44103
0.42154
0.4247
0.4437
0.44193
0.42433
0.39225
0.35973
0.32502
0.30186
0.29042
0
0
0
0
0
0
0
0
0
0
0
0
0
0
0
0
0
0
0
0
0
0
0
0
0
0
0
0
0
0
0
0
0
0
0
0
0
0
0
0
0
0.0002289
0.010447
0.047983
0.13252
0.29453
0.46492
0.62344
0.68385
0.70018
0.67228
0.65554
0.62414
0.6058
0.53929
0.47577
0.43801
0.41302
0.36651
0.3487
0.31885
0.31671
0.32462
0.34319
0.38743
0.41743
0.45311
0.49765
0.53103
0.56156
0.58269
0.60215
0.54691
0.54103
0.5248
0.52957
0.54798
0.56944
0.5675
0.52713
0.46849
0.43933
0.43211
0.49077
0.50401
0.51275
0.4993
0.45378
0.45944
0.4616
0.44927
0.41547
0.43379
0.43618
0.43822
0.43437
0.3809
0.35391
0.32187
0.297
0.29042
0
0
0
0
0
0
0
0
0
0
0
0
0
0
0
0
0
0
0
0
0
0
0
0
0
0
0
0
0
0
0
0
0
0
0
0
0
0
0
0
0
0
0.0090433
0.042945
0.12404
0.28345
0.41843
0.52845
0.55398
0.50288
0.52036
0.52461
0.52212
0.50497
0.48215
0.45379
0.41897
0.39257
0.34597
0.3181
0.28876
0.29132
0.30734
0.3238
0.36515
0.40897
0.44354
0.46531
0.49075
0.50974
0.5177
0.51958
0.51611
0.49652
0.50877
0.5306
0.52799
0.52272
0.5248
0.51832
0.46507
0.41633
0.42109
0.45295
0.47236
0.48349
0.47133
0.45319
0.4616
0.44875
0.45564
0.41925
0.43236
0.43322
0.42075
0.42667
0.37249
0.35097
0.31829
0.29542
0.29042
0
0
0
0
0
0
0
0
0
0
0
0
0
0
0
0
0
0
0
0
0
0
0
0
0
0
0
0
0
0
0
0
0
0
0
0
0
0
0
0
0
0
0.011136
0.043571
0.12648
0.27623
0.41631
0.54345
0.60289
0.60721
0.56751
0.52526
0.52658
0.52068
0.47784
0.41556
0.40096
0.36539
0.34622
0.32054
0.2869
0.29259
0.32492
0.36047
0.39512
0.41457
0.43011
0.44299
0.47775
0.45998
0.45998
0.46013
0.46192
0.48938
0.51547
0.48739
0.4829
0.48565
0.49212
0.48037
0.43733
0.40914
0.41488
0.41311
0.44877
0.47372
0.43601
0.44562
0.44344
0.42969
0.42699
0.42918
0.42075
0.42643
0.39791
0.4161
0.3655
0.34889
0.32446
0.29617
0.29042
0
0
0
0
0
0
0
0
0
0
0
0
0
0
0
0
0
0
0
0
0
0
0
0
0
0
0
0
0
0
0
0
0
0
0
0
0
0
0
0
0
0
0.018087
0.051033
0.11464
0.21424
0.35146
0.49613
0.61084
0.62851
0.59091
0.55839
0.51491
0.49879
0.45427
0.38946
0.36218
0.34563
0.33465
0.31799
0.29946
0.28349
0.31711
0.35224
0.37869
0.37892
0.37168
0.3841
0.42351
0.44626
0.44898
0.44126
0.43827
0.44418
0.45919
0.45357
0.42499
0.42481
0.43943
0.43416
0.42459
0.39771
0.39727
0.39726
0.41526
0.42464
0.41712
0.44283
0.44647
0.40443
0.41268
0.41742
0.42017
0.42911
0.41857
0.39506
0.36115
0.34568
0.31908
0.29567
0.29042
0
0
0
0
0
0
0
0
0
0
0
0
0
0
0
0
0
0
0
0
0
0
0
0
0
0
0
0
0
0
0
0
0
0
0
0
0
0
0
0
0
0.00029585
0.019164
0.044131
0.10616
0.20324
0.3435
0.44889
0.53228
0.52208
0.50004
0.46238
0.42618
0.3906
0.37287
0.34387
0.34134
0.33964
0.33319
0.31583
0.31403
0.30428
0.30072
0.2895
0.29989
0.28446
0.28915
0.32545
0.36915
0.42507
0.41027
0.41325
0.41313
0.42105
0.45428
0.45188
0.40929
0.40889
0.41743
0.44855
0.42852
0.40343
0.39637
0.38036
0.38148
0.40624
0.40877
0.43575
0.43827
0.4292
0.41664
0.39795
0.40429
0.42681
0.43102
0.39175
0.35324
0.34321
0.31563
0.29148
0.29042
0
0
0
0
0
0
0
0
0
0
0
0
0
0
0
0
0
0
0
0
0
0
0
0
0
0
0
0
0
0
0
0
0
0
0
0
0
0
0
0
0
0.0018036
0.015323
0.041749
0.092242
0.15446
0.24835
0.34558
0.42495
0.44653
0.43641
0.41693
0.38436
0.35629
0.34807
0.31289
0.29515
0.30456
0.31555
0.30894
0.3109
0.30148
0.29288
0.29313
0.28488
0.26691
0.27457
0.30144
0.34325
0.36484
0.37964
0.37491
0.37815
0.40418
0.42057
0.41062
0.4106
0.40621
0.4086
0.42075
0.42825
0.40174
0.37763
0.37439
0.3675
0.38138
0.41972
0.41785
0.42146
0.4195
0.3924
0.3858
0.38625
0.412
0.4081
0.39766
0.35814
0.35392
0.31568
0.29213
0.29042
0
0
0
0
0
0
0
0
0
0
0
0
0
0
0
0
0
0
0
0
0
0
0
0
0
0
0
0
0
0
0
0
0
0
0
0
0
0
0
0
0
0.0030187
0.017976
0.044774
0.079262
0.12012
0.18669
0.28367
0.33622
0.38602
0.39566
0.3701
0.36431
0.36391
0.34086
0.30827
0.27039
0.24206
0.24022
0.24901
0.24976
0.26388
0.28544
0.29523
0.29112
0.27127
0.27738
0.29315
0.31721
0.32784
0.33059
0.32736
0.33692
0.36708
0.39363
0.37988
0.38002
0.37771
0.39918
0.4061
0.39471
0.40892
0.38933
0.36901
0.37167
0.36095
0.39468
0.41231
0.41594
0.39691
0.37669
0.37484
0.37636
0.39077
0.38269
0.38213
0.35034
0.35684
0.31597
0.29391
0.29042
0
0
0
0
0
0
0
0
0
0
0
0
0
0
0
0
0
0
0
0
0
0
0
0
0
0
0
0
0
0
0
0
0
0
0
0
0
0
0
0
0
0.002607
0.013585
0.036108
0.067813
0.11237
0.17246
0.25826
0.35275
0.42424
0.44134
0.43039
0.41797
0.39568
0.38674
0.34604
0.29773
0.25191
0.22736
0.23178
0.22541
0.23169
0.2269
0.23473
0.24751
0.24723
0.24543
0.25313
0.28519
0.3228
0.34501
0.3549
0.35031
0.34258
0.33461
0.33059
0.34183
0.34057
0.34228
0.36575
0.35941
0.37006
0.37335
0.3614
0.36346
0.36309
0.36376
0.39961
0.41239
0.39711
0.3705
0.37641
0.3546
0.36349
0.37905
0.37065
0.35486
0.35981
0.31332
0.28982
0.29042
0
0
0
0
0
0
0
0
0
0
0
0
0
0
0
0
0
0
0
0
0
0
0
0
0
0
0
0
0
0
0
0
0
0
0
0
0
0
0
0
0
0.0014095
0.0071541
0.024124
0.053973
0.094176
0.1416
0.23104
0.31512
0.3785
0.40535
0.40766
0.39958
0.38541
0.36811
0.33746
0.29915
0.26341
0.24155
0.23049
0.21296
0.20625
0.20475
0.20155
0.21331
0.21327
0.22282
0.24114
0.27889
0.30398
0.32757
0.32677
0.33023
0.32417
0.34317
0.32262
0.33481
0.35106
0.35085
0.3505
0.33839
0.34563
0.38972
0.39366
0.39121
0.35382
0.34096
0.35205
0.38669
0.3817
0.36036
0.34605
0.34311
0.35922
0.36983
0.37463
0.36017
0.35418
0.3155
0.28801
0.29042
0
0
0
0
0
0
0
0
0
0
0
0
0
0
0
0
0
0
0
0
0
0
0
0
0
0
0
0
0
0
0
0
0
0
0
0
0
0
0
0
0
0.0015829
0.0040141
0.019402
0.062134
0.1281
0.20891
0.29013
0.34049
0.36757
0.37832
0.35728
0.37222
0.36526
0.34643
0.30749
0.2552
0.21633
0.19241
0.18503
0.17644
0.17308
0.1801
0.18052
0.1994
0.19052
0.21139
0.22368
0.23126
0.23931
0.24828
0.25226
0.27076
0.29086
0.31124
0.31537
0.33954
0.35802
0.33708
0.34866
0.35854
0.3576
0.39384
0.39505
0.37354
0.36428
0.34553
0.33477
0.35134
0.37114
0.34473
0.32859
0.32813
0.34697
0.36622
0.37696
0.35704
0.34734
0.31249
0.28546
0.29042
0
0
0
0
0
0
0
0
0
0
0
0
0
0
0
0
0
0
0
0
0
0
0
0
0
0
0
0
0
0
0
0
0
0
0
0
0
0
0
0
0
0.0013853
0.0063047
0.021709
0.047825
0.1076
0.178
0.24726
0.30161
0.32207
0.34476
0.36801
0.37722
0.38686
0.3832
0.33991
0.27433
0.22269
0.21195
0.19555
0.18045
0.15783
0.15759
0.15605
0.16322
0.18063
0.19238
0.19793
0.18807
0.18124
0.18223
0.20613
0.23656
0.24586
0.29164
0.30044
0.33246
0.35995
0.36333
0.3643
0.36919
0.39452
0.41791
0.39562
0.37559
0.33095
0.3194
0.34227
0.34695
0.34006
0.32852
0.30097
0.33465
0.34592
0.35664
0.34563
0.35373
0.34157
0.30275
0.28503
0.29042
0
0
0
0
0
0
0
0
0
0
0
0
0
0
0
0
0
0
0
0
0
0
0
0
0
0
0
0
0
0
0
0
0
0
0
0
0
0
0
0
0
0.00020518
0.0044659
0.015514
0.041706
0.087732
0.16279
0.2694
0.3606
0.41692
0.43959
0.40412
0.38542
0.38034
0.35639
0.31759
0.2524
0.2163
0.19993
0.19271
0.17314
0.1524
0.13923
0.14237
0.15208
0.1634
0.17085
0.16669
0.1618
0.16887
0.17911
0.19484
0.20227
0.21168
0.23909
0.27206
0.30035
0.31398
0.33657
0.36303
0.38471
0.40772
0.40778
0.40837
0.36034
0.31439
0.3107
0.34791
0.35336
0.31983
0.30238
0.2862
0.32325
0.34622
0.34594
0.34159
0.32762
0.34066
0.29761
0.28358
0.29042
0
0
0
0
0
0
0
0
0
0
0
0
0
0
0
0
0
0
0
0
0
0
0
0
0
0
0
0
0
0
0
0
0
0
0
0
0
0
0
0
0.00087818
0.0026301
0.0067827
0.014366
0.028706
0.06903
0.14895
0.25827
0.38108
0.4635
0.48382
0.4548
0.39095
0.33639
0.31552
0.26562
0.23583
0.20781
0.17227
0.16455
0.15067
0.13533
0.12187
0.12258
0.12235
0.13211
0.13781
0.12675
0.13148
0.14363
0.163
0.17407
0.17854
0.19097
0.22183
0.25793
0.27786
0.31553
0.31943
0.33141
0.36194
0.36231
0.37244
0.33209
0.29234
0.31888
0.31817
0.34005
0.33915
0.3135
0.27977
0.27486
0.3216
0.3409
0.34517
0.33402
0.32493
0.34071
0.29779
0.28242
0.29042
0
0
0
0
0
0
0
0
0
0
0
0
0
0
0
0
0
0
0
0
0
0
0
0
0
0
0
0
0
0
0
0
0
0
0
0
0
0
0
0
0.0010772
0.0023954
0.0033867
0.010993
0.049243
0.10923
0.17997
0.26014
0.30466
0.35955
0.37467
0.36643
0.33891
0.31917
0.29084
0.26412
0.23021
0.19861
0.16934
0.15177
0.13411
0.12153
0.112
0.1138
0.11115
0.11486
0.11792
0.11813
0.12238
0.13055
0.14342
0.14339
0.1593
0.16861
0.19994
0.23841
0.24774
0.26666
0.29215
0.32426
0.33477
0.3316
0.32136
0.30485
0.31028
0.31481
0.31493
0.32341
0.3237
0.32094
0.26639
0.27307
0.31236
0.3436
0.34273
0.32987
0.32228
0.3332
0.29616
0.27958
0.29042
0
0
0
0
0
0
0
0
0
0
0
0
0
0
0
0
0
0
0
0
0
0
0
0
0
0
0
0
0
0
0
0
0
0
0
0
0
0
0
0
0
0
0.0014183
0.0086835
0.050875
0.11909
0.18696
0.27138
0.30952
0.33467
0.32895
0.34019
0.30395
0.26969
0.23928
0.20821
0.19505
0.17073
0.15296
0.12921
0.12006
0.10682
0.1089
0.11657
0.11819
0.12188
0.12109
0.11739
0.11896
0.12011
0.13252
0.13093
0.13847
0.16039
0.17595
0.20046
0.23067
0.2523
0.27811
0.27851
0.2959
0.30672
0.29592
0.2968
0.31068
0.31467
0.33826
0.34902
0.34555
0.29969
0.27705
0.28546
0.31825
0.34122
0.33435
0.32248
0.31638
0.32013
0.28775
0.2799
0.29042
0
0
0
0
0
0
0
0
0
0
0
0
0
0
0
0
0
0
0
0
0
0
0
0
0
0
0
0
0
0
0
0
0
0
0
0
0
0
0
0
0
0.00028666
0.001336
0.0086378
0.034141
0.089867
0.16011
0.22436
0.27456
0.31599
0.34435
0.33176
0.29911
0.25212
0.20793
0.18271
0.16445
0.15332
0.13284
0.10429
0.099812
0.089978
0.091169
0.099954
0.1031
0.11014
0.11016
0.10448
0.12195
0.12478
0.12805
0.13602
0.13489
0.15052
0.17266
0.18379
0.20851
0.22483
0.26935
0.29505
0.29227
0.29435
0.28055
0.28918
0.31227
0.32686
0.35681
0.35361
0.33818
0.30131
0.28805
0.29188
0.32301
0.34751
0.33821
0.33112
0.32023
0.3161
0.28681
0.27492
0.29042
0
0
0
0
0
0
0
0
0
0
0
0
0
0
0
0
0
0
0
0
0
0
0
0
0
0
0
0
0
0
0
0
0
0
0
0
0
0
0
0
0
0
0.0014648
0.0085311
0.035849
0.080312
0.14651
0.20709
0.22491
0.24228
0.24567
0.25936
0.26583
0.22705
0.20393
0.19353
0.18305
0.16413
0.12622
0.11251
0.10204
0.094504
0.092988
0.093499
0.089452
0.08866
0.096594
0.11477
0.12931
0.13759
0.13606
0.14242
0.15903
0.17041
0.18028
0.1832
0.202
0.23233
0.2565
0.26572
0.27323
0.27102
0.28595
0.2866
0.30041
0.32623
0.34469
0.34885
0.3275
0.29324
0.28445
0.30195
0.32331
0.34482
0.33483
0.33225
0.32018
0.31745
0.28884
0.27715
0.29042
0
0
0
0
0
0
0
0
0
0
0
0
0
0
0
0
0
0
0
0
0
0
0
0
0
0
0
0
0
0
0
0
0
0
0
0
0
0
0
0
0
0.00031881
0.00031881
0.0021334
0.011673
0.052332
0.10482
0.16573
0.19735
0.20691
0.22903
0.241
0.27198
0.27304
0.26258
0.24133
0.21839
0.16647
0.13033
0.10494
0.1027
0.10056
0.092301
0.092878
0.087354
0.084735
0.099405
0.11803
0.13376
0.13753
0.14961
0.14851
0.16252
0.17358
0.17858
0.18386
0.18628
0.20514
0.22473
0.23655
0.25126
0.26322
0.26682
0.26757
0.26955
0.30076
0.33496
0.35137
0.33662
0.31649
0.30132
0.29498
0.3265
0.341
0.32481
0.33634
0.33224
0.31849
0.28188
0.27864
0.29042
0
0
0
0
0
0
0
0
0
0
0
0
0
0
0
0
0
0
0
0
0
0
0
0
0
0
0
0
0
0
0
0
0
0
0
0
0
0
0
0
0
0
0.00020044
0.00218
0.0051328
0.015748
0.038558
0.071626
0.11911
0.15423
0.18341
0.25102
0.27956
0.30231
0.2875
0.26559
0.24097
0.20845
0.16676
0.13398
0.11461
0.10192
0.093835
0.088217
0.092379
0.095058
0.095635
0.11204
0.13275
0.14138
0.13878
0.13511
0.15108
0.15041
0.1652
0.177
0.17279
0.18768
0.20254
0.2164
0.23593
0.23461
0.25716
0.24142
0.25386
0.27346
0.33717
0.35631
0.3405
0.33225
0.30018
0.3002
0.32236
0.32451
0.31056
0.33175
0.32843
0.31791
0.2841
0.27756
0.29042
0
0
0
0
0
0
0
0
0
0
0
0
0
0
0
0
0
0
0
0
0
0
0
0
0
0
0
0
0
0
0
0
0
0
0
0
0
0
0
0
0
0
0.00026859
0.0013306
0.0050473
0.018442
0.04153
0.059691
0.088018
0.13312
0.19225
0.25574
0.28042
0.29804
0.28405
0.27333
0.25798
0.20223
0.17763
0.13631
0.1078
0.090904
0.083401
0.083267
0.082882
0.082614
0.08463
0.097097
0.10462
0.11321
0.11592
0.11672
0.12143
0.13419
0.15543
0.15886
0.17648
0.18383
0.19364
0.20661
0.22566
0.22585
0.23058
0.2291
0.23647
0.27305
0.31614
0.32754
0.33887
0.29847
0.29017
0.29864
0.31649
0.31288
0.30079
0.33494
0.32254
0.3133
0.28334
0.27735
0.29042
0
0
0
0
0
0
0
0
0
0
0
0
0
0
0
0
0
0
0
0
0
0
0
0
0
0
0
0
0
0
0
0
0
0
0
0
0
0
0
0
0
0
0
0.00034766
0.0033158
0.018735
0.039409
0.055721
0.079726
0.11135
0.17754
0.2529
0.29735
0.33154
0.31921
0.28488
0.24919
0.19339
0.14997
0.11296
0.09643
0.084189
0.08036
0.076806
0.078101
0.073035
0.070997
0.073084
0.08552
0.096318
0.099703
0.11176
0.12619
0.12927
0.13456
0.14242
0.14861
0.15953
0.1849
0.19738
0.20274
0.20613
0.20566
0.20668
0.22115
0.25534
0.29366
0.32939
0.33092
0.30115
0.28919
0.28543
0.29194
0.29973
0.30169
0.33073
0.31638
0.30847
0.28534
0.27333
0.29042
0
0
0
0
0
0
0
0
0
0
0
0
0
0
0
0
0
0
0
0
0
0
0
0
0
0
0
0
0
0
0
0
0
0
0
0
0
0
0
0
0
0
0
0
0.0039556
0.015772
0.028091
0.042068
0.056361
0.088609
0.13078
0.18491
0.2378
0.25196
0.25516
0.26005
0.2133
0.1797
0.14287
0.1148
0.092488
0.086305
0.073189
0.069364
0.07259
0.069765
0.072006
0.069304
0.07457
0.084317
0.089498
0.096598
0.10175
0.10797
0.11848
0.11993
0.13379
0.14422
0.16821
0.17942
0.19136
0.18961
0.17298
0.18062
0.2049
0.23049
0.2797
0.30725
0.31406
0.28363
0.2831
0.28244
0.28745
0.30148
0.31758
0.3227
0.3177
0.30769
0.28887
0.2704
0.29042
0
0
0
0
0
0
0
0
0
0
0
0
0
0
0
0
0
0
0
0
0
0
0
0
0
0
0
0
0
0
0
0
0
0
0
0
0
0
0
0
0
0
0
0.00026073
0.003333
0.011483
0.022217
0.039113
0.059914
0.10432
0.157
0.18689
0.21196
0.22377
0.22561
0.22569
0.2021
0.17747
0.13778
0.11834
0.096292
0.07631
0.070286
0.068056
0.061176
0.063664
0.067392
0.07102
0.071381
0.072714
0.072885
0.080354
0.091791
0.098398
0.099415
0.1068
0.12368
0.14103
0.16088
0.17441
0.17788
0.17761
0.1703
0.17083
0.18464
0.21785
0.26156
0.28022
0.28533
0.2846
0.28219
0.2771
0.28219
0.29639
0.31186
0.31736
0.31911
0.31194
0.2923
0.26727
0.29042
0
0
0
0
0
0
0
0
0
0
0
0
0
0
0
0
0
0
0
0
0
0
0
0
0
0
0
0
0
0
0
0
0
0
0
0
0
0
0
0
0
0
0
5.2492e-05
0.0038849
0.015112
0.030283
0.051645
0.08231
0.11745
0.15764
0.19921
0.21446
0.23258
0.2352
0.21516
0.17868
0.15735
0.13319
0.11633
0.093539
0.083582
0.074512
0.062267
0.060362
0.062577
0.062998
0.066787
0.069248
0.073243
0.075624
0.081428
0.085161
0.090452
0.097983
0.10242
0.11342
0.12719
0.15709
0.17924
0.19438
0.18303
0.16899
0.15661
0.1646
0.19693
0.22893
0.23937
0.27111
0.27424
0.28104
0.27994
0.28575
0.30097
0.30905
0.31398
0.31746
0.30692
0.28538
0.26824
0.29042
0
0
0
0
0
0
0
0
0
0
0
0
0
0
0
0
0
0
0
0
0
0
0
0
0
0
0
0
0
0
0
0
0
0
0
0
0
0
0
0
0
0
0
0.00055412
0.0028732
0.014976
0.02749
0.042738
0.071622
0.11192
0.15409
0.18218
0.2155
0.23345
0.22213
0.21224
0.17825
0.15757
0.12981
0.11411
0.093575
0.080907
0.07411
0.069704
0.072181
0.066204
0.06914
0.07235
0.08012
0.08153
0.077679
0.077755
0.0869
0.089475
0.096713
0.10426
0.11224
0.13154
0.17878
0.20603
0.22982
0.19222
0.17037
0.16897
0.17523
0.20057
0.22531
0.23508
0.26312
0.2748
0.28239
0.2927
0.27886
0.29787
0.29837
0.3229
0.31777
0.30373
0.28562
0.2693
0.29042
0
0
0
0
0
0
0
0
0
0
0
0
0
0
0
0
0
0
0
0
0
0
0
0
0
0
0
0
0
0
0
0
0
0
0
0
0
0
0
0
0
0
0
0.00025202
0.0046989
0.011977
0.019939
0.032855
0.061471
0.094711
0.15808
0.21752
0.23637
0.23966
0.2198
0.20183
0.18993
0.17364
0.15891
0.13132
0.10381
0.094035
0.081193
0.077233
0.076475
0.078377
0.072385
0.071471
0.074186
0.074821
0.074554
0.076426
0.077827
0.088181
0.10115
0.11556
0.13197
0.15966
0.2047
0.21034
0.22558
0.20121
0.17516
0.1674
0.17776
0.19373
0.22945
0.23891
0.24893
0.26473
0.29248
0.29824
0.29103
0.29945
0.28455
0.32611
0.31359
0.30305
0.28493
0.26394
0.29042
0
0
0
0
0
0
0
0
0
0
0
0
0
0
0
0
0
0
0
0
0
0
0
0
0
0
0
0
0
0
0
0
0
0
0
0
0
0
0
0
0
0
0
0.00051149
0.0024826
0.0077446
0.017045
0.02691
0.055077
0.082429
0.1306
0.15773
0.19018
0.21123
0.22444
0.22919
0.22577
0.20217
0.17144
0.14438
0.11892
0.093807
0.080962
0.078264
0.078278
0.075539
0.069023
0.070143
0.069181
0.069304
0.069167
0.063257
0.066042
0.075152
0.091579
0.11202
0.12865
0.14273
0.19391
0.20148
0.20931
0.18406
0.17212
0.17835
0.18624
0.19833
0.22924
0.24222
0.24952
0.28138
0.30753
0.31401
0.30385
0.28664
0.28046
0.30889
0.3066
0.29693
0.27964
0.2655
0.29042
0
0
0
0
0
0
0
0
0
0
0
0
0
0
0
0
0
0
0
0
0
0
0
0
0
0
0
0
0
0
0
0
0
0
0
0
0
0
0
0
0
0
0
0.00077228
0.0039825
0.0094239
0.016359
0.035803
0.06777
0.096727
0.1365
0.16255
0.18989
0.21718
0.23745
0.24667
0.23222
0.21541
0.18195
0.14273
0.10753
0.09124
0.079373
0.075544
0.077497
0.077554
0.07053
0.070063
0.074333
0.072773
0.067406
0.066688
0.06931
0.067917
0.083304
0.094369
0.11521
0.12846
0.14057
0.1421
0.14303
0.14946
0.16281
0.17761
0.19882
0.20352
0.22568
0.22587
0.24839
0.28546
0.31119
0.31198
0.31471
0.27458
0.27674
0.30063
0.29759
0.2968
0.27733
0.26823
0.29042
0
0
0
0
0
0
0
0
0
0
0
0
0
0
0
0
0
0
0
0
0
0
0
0
0
0
0
0
0
0
0
0
0
0
0
0
0
0
0
0
0
0
0
0.00077683
0.003116
0.0065644
0.010511
0.017842
0.03411
0.069014
0.10041
0.13664
0.16633
0.18554
0.21341
0.2202
0.2468
0.23447
0.20886
0.17011
0.11844
0.096542
0.084023
0.082557
0.079379
0.073444
0.073464
0.074649
0.073099
0.074101
0.06623
0.068411
0.0688
0.074124
0.082937
0.089968
0.10288
0.11343
0.12231
0.13399
0.14023
0.15419
0.16565
0.17611
0.19214
0.19294
0.20913
0.21279
0.22068
0.27883
0.29814
0.31385
0.31178
0.26791
0.26628
0.28374
0.28593
0.30139
0.27531
0.26837
0.29042
0
0
0
0
0
0
0
0
0
0
0
0
0
0
0
0
0
0
0
0
0
0
0
0
0
0
0
0
0
0
0
0
0
0
0
0
0
0
0
0
0
0
0.00024434
0.00042491
0.0015039
0.0032434
0.0087583
0.016962
0.02484
0.044286
0.066929
0.083386
0.099346
0.12125
0.12957
0.15744
0.18578
0.21041
0.20148
0.17588
0.15265
0.13782
0.13373
0.11995
0.10326
0.087805
0.077979
0.067249
0.065652
0.06547
0.062451
0.068274
0.072683
0.072087
0.076688
0.09035
0.10148
0.1182
0.13478
0.13588
0.14502
0.16048
0.17673
0.1826
0.18756
0.19227
0.19819
0.20217
0.2257
0.2745
0.29281
0.30238
0.30342
0.26499
0.25741
0.27347
0.27854
0.28961
0.27582
0.26958
0.29042
0
0
0
0
0
0
0
0
0
0
0
0
0
0
0
0
0
0
0
0
0
0
0
0
0
0
0
0
0
0
0
0
0
0
0
0
0
0
0
0
0
0
0
0.00018502
0.0011838
0.0082999
0.018941
0.020127
0.027679
0.036989
0.042599
0.055079
0.063172
0.073638
0.084344
0.11003
0.12626
0.13859
0.15259
0.1557
0.14876
0.15513
0.15624
0.14182
0.11865
0.095922
0.082409
0.067542
0.064157
0.060618
0.063792
0.066323
0.062649
0.068164
0.077156
0.087764
0.10314
0.10897
0.12041
0.13302
0.15345
0.16923
0.17062
0.19278
0.19428
0.19832
0.18719
0.19168
0.21915
0.2463
0.28818
0.29773
0.2846
0.24557
0.24634
0.25512
0.27246
0.27884
0.27398
0.27191
0.29042
0
0
0
0
0
0
0
0
0
0
0
0
0
0
0
0
0
0
0
0
0
0
0
0
0
0
0
0
0
0
0
0
0
0
0
0
0
0
0
0
0
0
0
0.00078441
0.0057211
0.0077933
0.012651
0.019246
0.022055
0.0291
0.040759
0.056149
0.064947
0.073484
0.08074
0.098715
0.11158
0.12971
0.12466
0.11569
0.11954
0.12048
0.11574
0.10236
0.085821
0.078691
0.068133
0.065733
0.066805
0.066138
0.06921
0.071961
0.072625
0.074807
0.080053
0.095957
0.10323
0.11005
0.11315
0.13577
0.16214
0.1752
0.19092
0.1941
0.2254
0.23287
0.19619
0.18679
0.22075
0.25377
0.29335
0.28433
0.25334
0.24793
0.23311
0.22636
0.258
0.26922
0.26901
0.27059
0.29042
0
0
0
0
0
0
0
0
0
0
0
0
0
0
0
0
0
0
0
0
0
0
0
0
0
0
0
0
0
0
0
0
0
0
0
0
0
0
0
0
0
0
0
0.00023797
0.00060092
0.0040717
0.0068972
0.011612
0.015935
0.024722
0.035664
0.05167
0.070315
0.08324
0.093689
0.11024
0.11847
0.11999
0.11088
0.10461
0.10407
0.1072
0.10394
0.09072
0.07345
0.059537
0.05923
0.058657
0.060845
0.072665
0.075917
0.07628
0.070561
0.074252
0.091098
0.10032
0.10732
0.1122
0.12165
0.14726
0.15585
0.16425
0.18317
0.21434
0.21504
0.23926
0.23454
0.2084
0.2203
0.26019
0.28788
0.28371
0.24726
0.24202
0.22607
0.21785
0.25707
0.26943
0.26433
0.271
0.29042
0
0
0
0
0
0
0
0
0
0
0
0
0
0
0
0
0
0
0
0
0
0
0
0
0
0
0
0
0
0
0
0
0
0
0
0
0
0
0
0
0
0
0
0
0.00095115
0.0036921
0.0071693
0.010911
0.015304
0.021816
0.032461
0.054027
0.085031
0.10284
0.11572
0.11793
0.12216
0.13218
0.12895
0.12226
0.12552
0.12503
0.11686
0.099384
0.078291
0.072618
0.06168
0.060349
0.062003
0.069431
0.072042
0.071727
0.07411
0.081258
0.08626
0.096879
0.11079
0.11092
0.13035
0.14811
0.16716
0.17542
0.17356
0.20692
0.22735
0.24038
0.22869
0.2134
0.23764
0.26553
0.28838
0.27021
0.24236
0.22871
0.22625
0.22755
0.25017
0.26061
0.26326
0.27037
0.29042
0
0
0
0
0
0
0
0
0
0
0
0
0
0
0
0
0
0
0
0
0
0
0
0
0
0
0
0
0
0
0
0
0
0
0
0
0
0
0
0
0
0
0
7.7055e-05
0.00096164
0.003533
0.0083655
0.013231
0.017527
0.022987
0.040837
0.075693
0.10311
0.13474
0.14438
0.14053
0.15465
0.15196
0.15891
0.15231
0.14942
0.14859
0.13384
0.11206
0.097695
0.090494
0.081928
0.072517
0.062948
0.064346
0.072892
0.074075
0.077277
0.083672
0.091852
0.096894
0.10015
0.1084
0.13134
0.14418
0.15945
0.16973
0.17494
0.20912
0.2256
0.24353
0.21066
0.2349
0.25101
0.25862
0.26631
0.25393
0.23203
0.22661
0.22477
0.23188
0.25054
0.25588
0.261
0.27306
0.29042
0
0
0
0
0
0
0
0
0
0
0
0
0
0
0
0
0
0
0
0
0
0
0
0
0
0
0
0
0
0
0
0
0
0
0
0
0
0
0
0
0
0
0
7.7055e-05
0.0010976
0.0027767
0.0087963
0.012317
0.019309
0.035191
0.063388
0.099371
0.13713
0.16383
0.1752
0.17164
0.16107
0.17768
0.1849
0.17337
0.1558
0.14625
0.12678
0.11858
0.10778
0.10597
0.095125
0.072438
0.061935
0.057442
0.056004
0.05524
0.06901
0.078162
0.086963
0.095144
0.096256
0.10766
0.1159
0.13895
0.15095
0.16929
0.18102
0.18468
0.19303
0.21744
0.21437
0.24473
0.25049
0.25944
0.25482
0.24575
0.23032
0.24003
0.22745
0.23931
0.25278
0.25508
0.26859
0.27428
0.29042
0
0
0
0
0
0
0
0
0
0
0
0
0
0
0
0
0
0
0
0
0
0
0
0
0
0
0
0
0
0
0
0
0
0
0
0
0
0
0
0
0
0.00031676
0.00090776
0.0011381
0.00062271
0.0017014
0.0035134
0.0075589
0.016088
0.027961
0.059935
0.093701
0.12913
0.16269
0.16344
0.17746
0.19288
0.19967
0.19341
0.18255
0.16805
0.1529
0.12568
0.11346
0.11326
0.1046
0.08725
0.068117
0.061542
0.056873
0.061023
0.064449
0.061949
0.067978
0.076545
0.085883
0.0919
0.11167
0.12
0.12805
0.14894
0.16595
0.17359
0.17938
0.19397
0.2139
0.21807
0.23952
0.24263
0.25951
0.24473
0.24625
0.2393
0.24513
0.24346
0.246
0.26309
0.25573
0.26642
0.27435
0.29042
0
0
0
0
0
0
0
0
0
0
0
0
0
0
0
0
0
0
0
0
0
0
0
0
0
0
0
0
0
0
0
0
0
0
0
0
0
0
0
7.537e-05
0.00044333
0.0030066
0.0044071
0.0040401
0.0037389
0.0032635
0.0051512
0.0096724
0.018148
0.037144
0.062127
0.089994
0.11391
0.11955
0.12995
0.156
0.17021
0.18794
0.19169
0.17432
0.1595
0.1544
0.13606
0.11406
0.093431
0.081441
0.072724
0.056977
0.059936
0.057548
0.063353
0.064206
0.063494
0.065907
0.069618
0.077183
0.091255
0.10377
0.11658
0.12611
0.13755
0.15836
0.16664
0.17602
0.19984
0.21349
0.24
0.25857
0.2445
0.23917
0.23813
0.22797
0.23985
0.25012
0.25345
0.26396
0.26826
0.25659
0.26967
0.27753
0.29042
0
0
0
0
0
0
0
0
0
0
0
0
0
0
0
0
0
0
0
0
0
0
0
0
0
0
0
0
0
0
0
0
0
0
0
0
0
0
0
0
0.00067251
0.0028457
0.0048707
0.0049328
0.0043003
0.0048596
0.010158
0.023735
0.042241
0.067191
0.09809
0.11787
0.13056
0.14041
0.15331
0.16979
0.19349
0.20775
0.19021
0.17305
0.15741
0.14341
0.12027
0.095655
0.076553
0.066815
0.05721
0.054353
0.054181
0.05246
0.056847
0.061467
0.069922
0.076677
0.079309
0.085524
0.094229
0.12029
0.13278
0.14546
0.14798
0.15157
0.1616
0.18148
0.19444
0.22227
0.23525
0.24498
0.25588
0.24001
0.22844
0.23314
0.25004
0.24818
0.26828
0.26668
0.26634
0.26008
0.27096
0.28221
0.29042
0
0
0
0
0
0
0
0
0
0
0
0
0
0
0
0
0
0
0
0
0
0
0
0
0
0
0
0
0
0
0
0
0
0
0
0
0
0
0
0
7.7859e-05
0.00022912
0.0014064
0.0019763
0.0045602
0.011316
0.023827
0.03984
0.054664
0.08494
0.12695
0.1621
0.18416
0.18117
0.19282
0.2104
0.20853
0.20194
0.17671
0.15442
0.14609
0.12669
0.10696
0.094221
0.07403
0.065081
0.061873
0.060807
0.058716
0.062819
0.063839
0.066434
0.074656
0.08605
0.091219
0.096065
0.10063
0.11583
0.12195
0.13795
0.15067
0.15279
0.18493
0.21265
0.22525
0.24778
0.2476
0.24555
0.25678
0.23971
0.23065
0.24845
0.25635
0.26261
0.28865
0.27131
0.26657
0.27439
0.27143
0.28587
0.29042
0
0
0
0
0
0
0
0
0
0
0
0
0
0
0
0
0
0
0
0
0
0
0
0
0
0
0
0
0
0
0
0
0
0
0
0
0
0
0
0
0
0
5.4949e-05
0.00037265
0.0061165
0.022701
0.040017
0.052375
0.06582
0.092343
0.15877
0.2125
0.24392
0.24545
0.24381
0.22724
0.20191
0.17233
0.14191
0.12309
0.11009
0.089432
0.087194
0.074373
0.070655
0.070157
0.061604
0.061614
0.066654
0.068372
0.069109
0.074332
0.079371
0.082791
0.091331
0.090761
0.088063
0.10558
0.11555
0.12076
0.12974
0.15898
0.18703
0.22172
0.23906
0.26857
0.25527
0.24464
0.24638
0.2439
0.24982
0.25532
0.25259
0.27594
0.29335
0.26764
0.26968
0.27692
0.27272
0.28914
0.29042
0
0
0
0
0
0
0
0
0
0
0
0
0
0
0
0
0
0
0
0
0
0
0
0
0
0
0
0
0
0
0
0
0
0
0
0
0
0
0
0
0
0
0
0.00031745
0.0062391
0.022063
0.049015
0.068562
0.09149
0.12168
0.18558
0.25091
0.29995
0.30414
0.26857
0.24166
0.19426
0.15217
0.12833
0.095757
0.080158
0.073946
0.073547
0.075304
0.078077
0.07265
0.069853
0.066615
0.066729
0.070997
0.077498
0.076455
0.081043
0.081987
0.080566
0.085865
0.087641
0.092919
0.10179
0.10648
0.12084
0.1588
0.20007
0.23732
0.25078
0.25589
0.24482
0.23676
0.24008
0.24664
0.25131
0.26959
0.26724
0.28633
0.29092
0.26988
0.28291
0.28438
0.27219
0.28639
0.29042
0
0
0
0
0
0
0
0
0
0
0
0
0
0
0
0
0
0
0
0
0
0
0
0
0
0
0
0
0
0
0
0
0
0
0
0
0
0
0
0
0
0
0
0
0.0068352
0.034044
0.066247
0.10611
0.14218
0.17443
0.23051
0.27842
0.29381
0.27378
0.23444
0.19014
0.15912
0.14556
0.11996
0.094326
0.079501
0.069952
0.066219
0.070123
0.075983
0.079369
0.072717
0.064212
0.069316
0.069074
0.070781
0.081835
0.086723
0.089896
0.094361
0.085755
0.094377
0.10659
0.11578
0.11847
0.13503
0.16764
0.21365
0.23817
0.25335
0.25216
0.2457
0.23761
0.24221
0.25499
0.26557
0.27291
0.27827
0.29219
0.288
0.27526
0.29066
0.28617
0.2765
0.28563
0.29042
0
0
0
0
0
0
0
0
0
0
0
0
0
0
0
0
0
0
0
0
0
0
0
0
0
0
0
0
0
0
0
0
0
0
0
0
0
0
0
0
0
0
0
0.0015244
0.010276
0.045088
0.10059
0.13989
0.16598
0.21076
0.25231
0.29862
0.3022
0.26376
0.19275
0.15594
0.12859
0.11514
0.097996
0.083807
0.073542
0.072378
0.070892
0.077257
0.07689
0.077244
0.07397
0.075353
0.072966
0.073932
0.078085
0.079116
0.080522
0.097227
0.10594
0.11126
0.11874
0.12104
0.12828
0.1414
0.1614
0.17583
0.20742
0.22481
0.23035
0.22693
0.22498
0.23895
0.24926
0.2621
0.27615
0.27799
0.288
0.29592
0.29296
0.27459
0.29665
0.28621
0.28188
0.2837
0.29042
0
0
0
0
0
0
0
0
0
0
0
0
0
0
0
0
0
0
0
0
0
0
0
0
0
0
0
0
0
0
0
0
0
0
0
0
0
0
0
0
0
0
0
0.0012981
0.018381
0.053851
0.094063
0.1567
0.19113
0.21847
0.2655
0.29506
0.30102
0.27574
0.22361
0.15672
0.13236
0.11145
0.086989
0.085349
0.08468
0.082542
0.075593
0.071656
0.071309
0.072216
0.074803
0.07538
0.080581
0.090194
0.081643
0.087804
0.099293
0.10023
0.11846
0.11881
0.11458
0.13595
0.14342
0.15244
0.16489
0.16723
0.20524
0.22144
0.22532
0.22062
0.22844
0.23924
0.24977
0.26505
0.28272
0.27885
0.28629
0.28567
0.29188
0.27669
0.3004
0.28807
0.28684
0.28428
0.29042
0
0
0
0
0
0
0
0
0
0
0
0
0
0
0
0
0
0
0
0
0
0
0
0
0
0
0
0
0
0
0
0
0
0
0
0
0
0
0
0
0
0
0
0.00071439
0.021156
0.050889
0.10511
0.15005
0.17817
0.25393
0.28678
0.30681
0.30161
0.26579
0.24308
0.21568
0.16761
0.13935
0.1153
0.08787
0.090315
0.085139
0.072509
0.063207
0.057233
0.064292
0.068752
0.075127
0.077038
0.083518
0.094935
0.098136
0.10212
0.11038
0.12414
0.12131
0.13003
0.13455
0.15604
0.17351
0.18507
0.18364
0.19884
0.20482
0.20718
0.2156
0.2232
0.24198
0.26048
0.27272
0.27956
0.27998
0.28354
0.28321
0.28959
0.28733
0.29717
0.29049
0.28934
0.28624
0.29042
0
0
0
0
0
0
0
0
0
0
0
0
0
0
0
0
0
0
0
0
0
0
0
0
0
0
0
0
0
0
0
0
0
0
0
0
0
0
0
0
0
0
0
0.001758
0.017046
0.056511
0.085306
0.12089
0.17059
0.23884
0.30916
0.35021
0.35164
0.30797
0.26833
0.22513
0.19331
0.1568
0.13453
0.10883
0.092344
0.089053
0.079343
0.069579
0.076184
0.081339
0.086369
0.088041
0.088523
0.091747
0.084512
0.090851
0.10027
0.11404
0.12871
0.12225
0.12908
0.13218
0.15658
0.17844
0.17578
0.17608
0.19371
0.20852
0.21429
0.22151
0.23174
0.25587
0.27464
0.26285
0.28503
0.27696
0.29113
0.28325
0.30399
0.29806
0.29908
0.29345
0.28495
0.28638
0.29042
0
0
0
0
0
0
0
0
0
0
0
0
0
0
0
0
0
0
0
0
0
0
0
0
0
0
0
0
0
0
0
0
0
0
0
0
0
0
0
0
0
0
0
0.00075715
0.013625
0.03219
0.068267
0.1162
0.16288
0.21496
0.25174
0.29167
0.29662
0.27823
0.25832
0.22262
0.17989
0.17125
0.14875
0.12387
0.10483
0.091964
0.091341
0.085978
0.085403
0.090011
0.094306
0.10159
0.10472
0.098818
0.094894
0.099361
0.11085
0.12792
0.1306
0.13081
0.12439
0.1332
0.15722
0.17945
0.18261
0.1793
0.18479
0.19784
0.21474
0.22347
0.23216
0.25145
0.26906
0.27839
0.27048
0.28614
0.30551
0.29263
0.30442
0.30991
0.30408
0.29817
0.28852
0.28776
0.29042
0
0
0
0
0
0
0
0
0
0
0
0
0
0
0
0
0
0
0
0
0
0
0
0
0
0
0
0
0
0
0
0
0
0
0
0
0
0
0
0
0
0
0
0.00078321
0.0068098
0.022339
0.051829
0.10902
0.1867
0.24901
0.28386
0.30291
0.31456
0.29944
0.27718
0.23813
0.20638
0.17042
0.15258
0.13409
0.11385
0.098001
0.093095
0.096702
0.096898
0.092233
0.090402
0.097931
0.1065
0.11694
0.12391
0.11755
0.11705
0.12305
0.12639
0.12904
0.12861
0.13652
0.16463
0.17691
0.17844
0.17251
0.18258
0.20225
0.22898
0.23131
0.24297
0.26355
0.26753
0.27885
0.26867
0.28363
0.29931
0.29249
0.29946
0.30267
0.29825
0.29204
0.29064
0.28828
0.29042
0
0
0
0
0
0
0
0
0
0
0
0
0
0
0
0
0
0
0
0
0
0
0
0
0
0
0
0
0
0
0
0
0
0
0
0
0
0
0
0
0
0
8.8686e-05
0.0011044
0.0067135
0.021204
0.0568
0.11335
0.16864
0.24212
0.29264
0.33377
0.36162
0.36239
0.32621
0.26131
0.21268
0.16916
0.15206
0.12953
0.11814
0.10839
0.096694
0.10273
0.092903
0.10068
0.097062
0.10001
0.12228
0.12806
0.13303
0.12981
0.12157
0.11809
0.12617
0.135
0.14448
0.15812
0.1739
0.1868
0.1884
0.1814
0.18824
0.21271
0.23073
0.24505
0.2693
0.2801
0.27687
0.28028
0.2856
0.28799
0.31848
0.29137
0.29453
0.30429
0.30352
0.29487
0.296
0.28952
0.29042
0
0
0
0
0
0
0
0
0
0
0
0
0
0
0
0
0
0
0
0
0
0
0
0
0
0
0
0
0
0
0
0
0
0
0
0
0
0
0
0
0.00016145
0.00026529
0.0017693
0.0094342
0.0075922
0.022748
0.0457
0.086253
0.15097
0.2193
0.26345
0.32696
0.3748
0.37832
0.36241
0.31225
0.26668
0.20761
0.16841
0.14781
0.13124
0.11881
0.10432
0.099242
0.10161
0.10956
0.11159
0.11176
0.12206
0.1323
0.13162
0.12893
0.12701
0.12953
0.14437
0.14699
0.15532
0.17372
0.19009
0.1958
0.19464
0.19141
0.20954
0.24284
0.25498
0.24861
0.25714
0.27849
0.27709
0.29321
0.29534
0.29317
0.32711
0.29306
0.29762
0.2973
0.30021
0.30117
0.30115
0.29018
0.29042
0
0
0
0
0
0
0
0
0
0
0
0
0
0
0
0
0
0
0
0
0
0
0
0
0
0
0
0
0
0
0
0
0
0
0
0
0
0
0
0
0.00026779
0.0044707
0.010467
0.012076
0.02312
0.035538
0.058129
0.10913
0.16509
0.24066
0.30224
0.31652
0.33968
0.35161
0.36734
0.33812
0.28558
0.24199
0.19585
0.16921
0.13333
0.11664
0.11003
0.10598
0.11042
0.12174
0.13697
0.13167
0.14077
0.14488
0.13198
0.12979
0.13221
0.13357
0.15169
0.15551
0.1626
0.16539
0.17614
0.18966
0.20021
0.21046
0.23778
0.25237
0.27171
0.27794
0.27211
0.29563
0.29245
0.31121
0.31114
0.31578
0.32611
0.30399
0.31312
0.29955
0.31694
0.3095
0.30964
0.28969
0.29042
0
0
0
0
0
0
0
0
0
0
0
0
0
0
0
0
0
0
0
0
0
0
0
0
0
0
0
0
0
0
0
0
0
0
0
0
0
0
0
0
0.00012969
0.00052229
0.0019707
0.0071977
0.0099934
0.027062
0.056124
0.13214
0.21399
0.29057
0.34121
0.35067
0.37267
0.36778
0.34041
0.29392
0.24682
0.21591
0.18826
0.15757
0.13468
0.1148
0.11342
0.11167
0.12691
0.14702
0.14952
0.15614
0.16177
0.15359
0.15774
0.14049
0.14077
0.15536
0.166
0.17052
0.17316
0.18354
0.18521
0.19831
0.18714
0.21781
0.24735
0.2645
0.2756
0.29711
0.29628
0.31228
0.3373
0.31353
0.32131
0.33454
0.32201
0.31327
0.31524
0.30187
0.31783
0.31196
0.30816
0.29496
0.29042
0
0
0
0
0
0
0
0
0
0
0
0
0
0
0
0
0
0
0
0
0
0
0
0
0
0
0
0
0
0
0
0
0
0
0
0
0
0
0.0013367
0.0074176
0.010362
0.011004
0.0069535
0.0065556
0.0111
0.030812
0.06467
0.11977
0.20784
0.31665
0.37448
0.38504
0.37201
0.35198
0.33843
0.28896
0.26182
0.22964
0.20257
0.17654
0.14751
0.12606
0.12641
0.12283
0.13421
0.15267
0.17195
0.17077
0.17254
0.16664
0.16294
0.16386
0.17865
0.18067
0.19653
0.20354
0.19443
0.19564
0.18852
0.18863
0.18933
0.21216
0.24316
0.2781
0.29471
0.31178
0.32738
0.33711
0.34344
0.32325
0.32269
0.33443
0.32251
0.31864
0.31592
0.30986
0.32883
0.31808
0.31608
0.29872
0.29042
0
0
0
0
0
0
0
0
0
0
0
0
0
0
0
0
0
0
0
0
0
0
0
0
0
0
0
0
0
0
0
0
0
0
0
0
0
0
0.0018869
0.0083956
0.009968
0.013298
0.010496
0.0070802
0.010989
0.028588
0.058892
0.11465
0.20537
0.32648
0.40051
0.40754
0.38617
0.34574
0.31847
0.29531
0.27096
0.24476
0.21404
0.17891
0.15367
0.14109
0.13621
0.14763
0.1531
0.17242
0.18977
0.18377
0.17885
0.1746
0.17755
0.1918
0.20042
0.20314
0.22341
0.21435
0.21689
0.19826
0.18763
0.19602
0.19821
0.21388
0.25474
0.29226
0.30349
0.33812
0.35956
0.36348
0.36298
0.34901
0.34351
0.33859
0.32492
0.31659
0.30834
0.31713
0.32941
0.33061
0.31824
0.30846
0.29042
0
0
0
0
0
0
0
0
0
0
0
0
0
0
0
0
0
0
0
0
0
0
0
0
0
0
0
0
0
0
0
0
0
0
0
0
0
0
0
0
0.00092576
0.0021563
0.0043456
0.0080946
0.015202
0.038296
0.069207
0.12925
0.21081
0.29401
0.36338
0.38884
0.36623
0.34538
0.32723
0.28692
0.27065
0.22636
0.20832
0.17603
0.1609
0.16061
0.16468
0.16832
0.17925
0.16686
0.16368
0.17112
0.18382
0.2001
0.20972
0.21739
0.21281
0.22814
0.22932
0.22796
0.21405
0.2027
0.19742
0.20624
0.2129
0.25115
0.27732
0.30818
0.3386
0.35779
0.37951
0.36158
0.36819
0.35341
0.34736
0.3549
0.3134
0.31444
0.30613
0.3293
0.33901
0.33027
0.31687
0.31378
0.29042
0
0
0
0
0
0
0
0
0
0
0
0
0
0
0
0
0
0
0
0
0
0
0
0
0
0
0
0
0
0
0
0
0
0
0
0
0
0
0
0
0
0
0.002217
0.0041456
0.0078321
0.023427
0.054075
0.10224
0.18738
0.2703
0.33659
0.37392
0.36556
0.37472
0.36056
0.32052
0.28929
0.23343
0.20335
0.18459
0.17156
0.1689
0.16964
0.17904
0.16726
0.16099
0.1543
0.15984
0.19626
0.21986
0.23313
0.23698
0.23083
0.23936
0.25097
0.23969
0.22067
0.21727
0.22362
0.24377
0.27262
0.29494
0.33122
0.35762
0.35186
0.3589
0.36394
0.36388
0.35474
0.36893
0.34828
0.33136
0.33028
0.32049
0.31237
0.3345
0.35245
0.34171
0.32344
0.31323
0.29042
0
0
0
0
0
0
0
0
0
0
0
0
0
0
0
0
0
0
0
0
0
0
0
0
0
0
0
0
0
0
0
0
0
0
0
0
0
0
0
0
0
0
0.00057324
0.0011135
0.0031198
0.014861
0.042363
0.090209
0.16413
0.24205
0.29813
0.33077
0.36056
0.35776
0.35179
0.32001
0.27504
0.25916
0.24135
0.21334
0.20597
0.18595
0.19226
0.19291
0.18306
0.17741
0.17549
0.17548
0.19157
0.21451
0.22838
0.22459
0.22351
0.22344
0.24448
0.25091
0.24678
0.25854
0.24786
0.27142
0.30303
0.33504
0.35068
0.36289
0.35934
0.36052
0.37583
0.36992
0.3458
0.3528
0.36263
0.34428
0.34509
0.32118
0.33415
0.33987
0.35674
0.34698
0.3246
0.31212
0.29042
0
0
0
0
0
0
0
0
0
0
0
0
0
0
0
0
0
0
0
0
0
0
0
0
0
0
0
0
0
0
0
0
0
0
0
0
0
0
0
0
0
0
0.00033476
0.00050456
0.0011793
0.0099653
0.034634
0.074369
0.13722
0.23247
0.27779
0.31304
0.34758
0.34823
0.32715
0.30019
0.26722
0.24811
0.23278
0.22134
0.20097
0.19789
0.18064
0.18778
0.19862
0.18486
0.18355
0.18203
0.20614
0.23409
0.2375
0.2229
0.2096
0.20575
0.21641
0.23453
0.24115
0.24275
0.24762
0.26137
0.30526
0.33908
0.35254
0.35324
0.37645
0.37927
0.36683
0.37829
0.37454
0.38101
0.37858
0.35218
0.3547
0.34441
0.34368
0.36428
0.36397
0.35179
0.32624
0.31319
0.29042
0
0
0
0
0
0
0
0
0
0
0
0
0
0
0
0
0
0
0
0
0
0
0
0
0
0
0
0
0
0
0
0
0
0
0
0
0
0
0
0
0.00019248
0.00094441
0.0015285
0.0018296
0.0032864
0.01562
0.046065
0.10329
0.18368
0.27166
0.31381
0.32907
0.34415
0.35756
0.35765
0.32616
0.28432
0.25403
0.22962
0.21981
0.21102
0.18925
0.17974
0.17703
0.17653
0.17626
0.1909
0.19269
0.21299
0.23901
0.24665
0.23954
0.23158
0.22331
0.22204
0.23176
0.2421
0.2365
0.22728
0.24542
0.28198
0.32185
0.34341
0.34943
0.36635
0.39845
0.39628
0.39025
0.38095
0.3881
0.39398
0.36959
0.35136
0.35339
0.35183
0.37657
0.35666
0.35845
0.32588
0.31377
0.29042
0
0
0
0
0
0
0
0
0
0
0
0
0
0
0
0
0
0
0
0
0
0
0
0
0
0
0
0
0
0
0
0
0
0
0
0
0
0
0
0
0.00013713
0.00063308
0.0013415
0.0017134
0.0036791
0.023318
0.054907
0.12892
0.23318
0.30848
0.36861
0.40058
0.41874
0.42987
0.43988
0.40489
0.34135
0.29461
0.2684
0.24575
0.2238
0.21214
0.19708
0.18532
0.1787
0.18515
0.20757
0.22342
0.24489
0.25617
0.25708
0.27145
0.26402
0.25964
0.25502
0.23245
0.22777
0.2242
0.24396
0.27393
0.31115
0.3376
0.35015
0.34652
0.37529
0.42241
0.42378
0.44479
0.42052
0.4091
0.40534
0.3815
0.36818
0.37143
0.3626
0.37762
0.36949
0.35281
0.33047
0.31884
0.29042
0
0
0
0
0
0
0
0
0
0
0
0
0
0
0
0
0
0
0
0
0
0
0
0
0
0
0
0
0
0
0
0
0
0
0
0
0
0
0
0
5.9766e-05
0.00016962
0.00079676
0.0027773
0.0073404
0.023741
0.054939
0.11273
0.214
0.32748
0.41674
0.48821
0.51543
0.51095
0.48018
0.4372
0.40298
0.34302
0.29699
0.26403
0.23217
0.20758
0.20541
0.20829
0.21072
0.22185
0.24506
0.24704
0.26942
0.26027
0.27963
0.27081
0.27202
0.28189
0.28055
0.25547
0.23377
0.2382
0.26805
0.31488
0.35416
0.36438
0.37492
0.36534
0.40273
0.43021
0.44733
0.44832
0.45793
0.4331
0.41022
0.37804
0.38109
0.38828
0.38355
0.37268
0.36931
0.35185
0.33366
0.31831
0.29042
0
0
0
0
0
0
0
0
0
0
0
0
0
0
0
0
0
0
0
0
0
0
0
0
0
0
0
0
0
0
0
0
0
0
0
0
0
0
0
0
0
5.5675e-05
0.00092299
0.0064198
0.0091861
0.026856
0.051414
0.10728
0.22148
0.36059
0.47922
0.57306
0.57995
0.55824
0.52408
0.50659
0.44806
0.39883
0.34121
0.28439
0.25679
0.24215
0.24587
0.24485
0.25949
0.2579
0.27164
0.26747
0.26823
0.28736
0.28296
0.28427
0.29566
0.30013
0.30721
0.31053
0.26363
0.24799
0.29095
0.3542
0.40272
0.42418
0.42073
0.40494
0.46087
0.48119
0.48081
0.47131
0.45811
0.45131
0.42013
0.38538
0.38374
0.38589
0.39891
0.37614
0.3665
0.36643
0.33861
0.31843
0.29042
0
0
0
0
0
0
0
0
0
0
0
0
0
0
0
0
0
0
0
0
0
0
0
0
0
0
0
0
0
0
0
0
0
0
0
0
0
0
0
0
0
7.3205e-05
0.0019537
0.0068995
0.011292
0.032229
0.070348
0.13053
0.22135
0.35552
0.47587
0.53482
0.5437
0.55367
0.52622
0.53649
0.50556
0.439
0.37689
0.32262
0.29012
0.26668
0.25935
0.27139
0.28296
0.28882
0.29301
0.28514
0.2819
0.30635
0.32282
0.33704
0.34096
0.36999
0.38911
0.364
0.33076
0.32184
0.33039
0.37247
0.41632
0.43417
0.44736
0.44185
0.47162
0.49431
0.50271
0.48397
0.46558
0.44666
0.4175
0.38557
0.38789
0.38788
0.41346
0.37989
0.36591
0.37486
0.33931
0.3131
0.29042
0
0
0
0
0
0
0
0
0
0
0
0
0
0
0
0
0
0
0
0
0
0
0
0
0
0
0
0
0
0
0
0
0
0
0
0
0
0
0
0
0
0.00017087
0.0016025
0.0043421
0.0093065
0.059925
0.14651
0.25411
0.34335
0.43678
0.51227
0.5402
0.5645
0.54454
0.55984
0.56457
0.51109
0.45238
0.36498
0.32202
0.29074
0.25864
0.244
0.25867
0.28135
0.30586
0.30089
0.31167
0.32274
0.32441
0.34077
0.35461
0.38263
0.40174
0.41874
0.42064
0.40564
0.3808
0.40051
0.42151
0.46188
0.4506
0.45402
0.47243
0.47568
0.47527
0.46547
0.47924
0.47785
0.44222
0.40985
0.40285
0.37441
0.389
0.41322
0.3943
0.38471
0.38
0.3401
0.3133
0.29042
0
0
0
0
0
0
0
0
0
0
0
0
0
0
0
0
0
0
0
0
0
0
0
0
0
0
0
0
0
0
0
0
0
0
0
0
0
0
0
0
0
0
0.00031811
0.0022942
0.007681
0.06422
0.14898
0.2761
0.40981
0.49404
0.56019
0.59764
0.61216
0.5926
0.59401
0.55679
0.49663
0.42202
0.36881
0.3328
0.31543
0.28044
0.25947
0.26548
0.27539
0.30856
0.33141
0.33723
0.35594
0.36691
0.37021
0.38542
0.42611
0.45481
0.4821
0.4718
0.44693
0.44722
0.47908
0.46122
0.48398
0.46745
0.46777
0.45449
0.43989
0.45538
0.45896
0.46032
0.46865
0.45546
0.42196
0.37906
0.37546
0.39947
0.44233
0.4005
0.38757
0.3769
0.35155
0.31413
0.29042
0
0
0
0
0
0
0
0
0
0
0
0
0
0
0
0
0
0
0
0
0
0
0
0
0
0
0
0
0
0
0
0
0
0
0
0
0
0
0
0
0
0
9.5169e-05
0.00057202
0.0058233
0.054155
0.16819
0.32995
0.51857
0.59624
0.63487
0.63483
0.60027
0.56216
0.52978
0.47906
0.44902
0.42166
0.37232
0.35165
0.31938
0.30746
0.28432
0.2787
0.29071
0.3264
0.35159
0.39062
0.41388
0.42466
0.44027
0.451
0.47032
0.54353
0.53451
0.53277
0.51981
0.51281
0.54026
0.49558
0.50182
0.52765
0.50168
0.47014
0.4366
0.44546
0.44264
0.4539
0.48044
0.44475
0.39833
0.3882
0.38531
0.41998
0.44588
0.40634
0.39025
0.37924
0.36261
0.31469
0.29042
0
0
0
0
0
0
0
0
0
0
0
0
0
0
0
0
0
0
0
0
0
0
0
0
0
0
0
0
0
0
0
0
0
0
0
0
0
0
0
0
0
0
0.00066894
0.003427
0.0094384
0.049265
0.20959
0.35759
0.55257
0.70071
0.75161
0.706
0.66618
0.62026
0.5532
0.50045
0.4694
0.43774
0.40699
0.36524
0.33442
0.32361
0.30769
0.31414
0.31445
0.3503
0.38088
0.41418
0.43638
0.45944
0.4602
0.478
0.50161
0.54441
0.57029
0.55922
0.57379
0.54828
0.57161
0.57064
0.56076
0.58505
0.58166
0.53836
0.48038
0.41353
0.43793
0.45831
0.47356
0.43396
0.39984
0.38002
0.41981
0.44049
0.44204
0.40916
0.39433
0.40172
0.36623
0.31997
0.29042
0
0
0
0
0
0
0
0
0
0
0
0
0
0
0
0
0
0
0
0
0
0
0
0
0
0
0
0
0
0
0
0
0
0
0
0
0
0
0
0
0
0
0.00019274
0.0022594
0.0084118
0.057521
0.16261
0.30193
0.49406
0.57813
0.65735
0.72521
0.67958
0.5991
0.55686
0.51604
0.49168
0.44798
0.41512
0.37019
0.35369
0.35014
0.34687
0.3298
0.32573
0.34976
0.39249
0.40857
0.44886
0.45824
0.4649
0.45958
0.46412
0.51259
0.56827
0.59491
0.59451
0.61221
0.62077
0.60228
0.6188
0.64628
0.63645
0.58456
0.51778
0.45282
0.44815
0.47266
0.45005
0.44316
0.3978
0.39867
0.42389
0.44137
0.44335
0.41154
0.40119
0.40247
0.3651
0.31877
0.29042
0
0
0
0
0
0
0
0
0
0
0
0
0
0
0
0
0
0
0
0
0
0
0
0
0
0
0
0
0
0
0
0
0
0
0
0
0
0
0
0
0
0
0
0.0011473
0.0058493
0.086848
0.27867
0.45422
0.63959
0.76238
0.80272
0.75969
0.71272
0.67179
0.61199
0.56969
0.55165
0.48181
0.42426
0.36334
0.3499
0.35152
0.35367
0.34304
0.32763
0.35739
0.37987
0.4158
0.43306
0.43038
0.43031
0.44231
0.47238
0.52683
0.5683
0.58539
0.60583
0.61904
0.65033
0.65651
0.64651
0.67801
0.65147
0.58469
0.53928
0.48411
0.46377
0.48019
0.4692
0.45263
0.40878
0.40074
0.42024
0.44591
0.44822
0.4293
0.41748
0.40006
0.36388
0.32226
0.29042
0
0
0
0
0
0
0
0
0
0
0
0
0
0
0
0
0
0
0
0
0
0
0
0
0
0
0
0
0
0
0
0
0
0
0
0
0
0
0
0
0
0
0
0.00033034
0.038226
0.11327
0.26312
0.51801
0.7448
0.86756
0.87001
0.77112
0.71127
0.67677
0.6477
0.59029
0.53232
0.50596
0.43515
0.40472
0.35749
0.32737
0.33028
0.33963
0.34562
0.37441
0.36938
0.39468
0.41038
0.42306
0.44857
0.45113
0.46637
0.49301
0.52881
0.58945
0.63691
0.6638
0.65347
0.62753
0.6246
0.59863
0.60006
0.57758
0.52919
0.4945
0.47774
0.4859
0.46868
0.4718
0.41681
0.40663
0.43753
0.4477
0.4635
0.44789
0.41671
0.39465
0.37341
0.32858
0.29042
0
0
0
0
0
0
0
0
0
0
0
0
0
0
0
0
0
0
0
0
0
0
0
0
0
0
0
0
0
0
0
0
0
0
0
0
0
0
0
0
0
0
0
0
0.0061246
0.030248
0.13799
0.35643
0.56729
0.73923
0.79613
0.7617
0.72873
0.66767
0.59708
0.56864
0.5435
0.5081
0.48306
0.43808
0.41057
0.38685
0.371
0.37608
0.35368
0.36219
0.39848
0.42037
0.43242
0.4545
0.45991
0.46488
0.47067
0.46612
0.48079
0.54757
0.56678
0.63411
0.6271
0.58323
0.55835
0.54893
0.54152
0.55213
0.52744
0.49374
0.50721
0.53662
0.49393
0.48916
0.44695
0.4196
0.44429
0.45923
0.47327
0.46208
0.41452
0.38157
0.3759
0.3324
0.29042
0
0
0
0
0
0
0
0
0
0
0
0
0
0
0
0
0
0
0
0
0
0
0
0
0
0
0
0
0
0
0
0
0
0
0
0
0
0
0
0
0
0
0
0
0.0089692
0.039221
0.14029
0.31373
0.51859
0.67409
0.76718
0.7823
0.69967
0.66764
0.62659
0.59713
0.547
0.4691
0.43512
0.40837
0.38875
0.41052
0.41959
0.399
0.41572
0.42714
0.4212
0.45482
0.48741
0.48355
0.47476
0.45955
0.45193
0.464
0.47054
0.51677
0.56761
0.57999
0.56011
0.52519
0.49864
0.48771
0.51071
0.52374
0.51233
0.48987
0.50553
0.53651
0.51486
0.499
0.46747
0.43329
0.44759
0.46618
0.48303
0.46086
0.40966
0.38235
0.37632
0.33051
0.29042
0
0
0
0
0
0
0
0
0
0
0
0
0
0
0
0
0
0
0
0
0
0
0
0
0
0
0
0
0
0
0
0
0
0
0
0
0
0
0
0
0
0
0
5.6025e-05
0.009699
0.042761
0.13681
0.28586
0.45072
0.61118
0.70604
0.6872
0.64408
0.6298
0.64231
0.62995
0.61313
0.52041
0.44406
0.4199
0.41394
0.40562
0.39857
0.4088
0.37794
0.41151
0.4266
0.46579
0.48659
0.50147
0.50024
0.49745
0.49026
0.51366
0.54026
0.56755
0.54059
0.55448
0.52203
0.50686
0.50994
0.50449
0.52033
0.52057
0.51402
0.51441
0.50042
0.54476
0.56071
0.50353
0.46585
0.44401
0.42598
0.45453
0.45892
0.45302
0.39544
0.38802
0.38005
0.3334
0.29042
0
0
0
0
0
0
0
0
0
0
0
0
0
0
0
0
0
0
0
0
0
0
0
0
0
0
0
0
0
0
0
0
0
0
0
0
0
0
0
0
0
0
0
0
0.0093317
0.04686
0.13994
0.27858
0.45262
0.60657
0.69242
0.70045
0.69871
0.67273
0.71452
0.68818
0.63329
0.53835
0.45796
0.3998
0.38117
0.3846
0.38215
0.37338
0.37885
0.4023
0.42271
0.46814
0.51359
0.55231
0.56928
0.57332
0.58118
0.59468
0.57069
0.56471
0.57312
0.54501
0.54797
0.56936
0.54609
0.52954
0.53229
0.50921
0.50217
0.51017
0.53469
0.54763
0.54704
0.498
0.47298
0.42888
0.42539
0.45052
0.44995
0.43431
0.40155
0.38375
0.3758
0.33454
0.29042
0
0
0
0
0
0
0
0
0
0
0
0
0
0
0
0
0
0
0
0
0
0
0
0
0
0
0
0
0
0
0
0
0
0
0
0
0
0
0
0
0
0
0
0
0.01451
0.059504
0.15329
0.29081
0.48146
0.60419
0.73644
0.76434
0.73192
0.70102
0.69905
0.66282
0.6092
0.51809
0.44667
0.4021
0.37781
0.36766
0.3672
0.3887
0.41187
0.44839
0.48173
0.5059
0.52511
0.54995
0.57351
0.61308
0.60832
0.646
0.65446
0.66591
0.59626
0.60845
0.61391
0.60637
0.60674
0.58117
0.55518
0.5498
0.54174
0.51952
0.53166
0.52052
0.51693
0.48035
0.46417
0.42906
0.41773
0.4365
0.43378
0.42721
0.40756
0.38635
0.38328
0.3349
0.29042
0
0
0
0
0
0
0
0
0
0
0
0
0
0
0
0
0
0
0
0
0
0
0
0
0
0
0
0
0
0
0
0
0
0
0
0
0
0
0
0
0
0
0
4.1451e-05
0.014576
0.059836
0.16107
0.29307
0.46774
0.62068
0.74503
0.75861
0.73531
0.69458
0.61318
0.61999
0.5504
0.47901
0.43574
0.40626
0.38254
0.37658
0.38702
0.40382
0.40735
0.4419
0.47672
0.5213
0.52584
0.53658
0.56307
0.57438
0.65509
0.68754
0.67392
0.66457
0.62615
0.61747
0.6021
0.61013
0.63064
0.59243
0.59233
0.54896
0.54255
0.53118
0.55184
0.51872
0.49305
0.46572
0.44373
0.4202
0.4203
0.42684
0.43846
0.42283
0.4176
0.38554
0.38138
0.33689
0.29042
0
0
0
0
0
0
0
0
0
0
0
0
0
0
0
0
0
0
0
0
0
0
0
0
0
0
0
0
0
0
0
0
0
0
0
0
0
0
0
0
0
0
0
0.0002008
0.011207
0.062407
0.15049
0.2836
0.45872
0.60969
0.76331
0.82342
0.8311
0.7932
0.74101
0.66613
0.58118
0.52554
0.44058
0.40629
0.41134
0.44762
0.46731
0.45855
0.48383
0.48107
0.47868
0.51319
0.5122
0.53327
0.55802
0.58455
0.59249
0.62152
0.6362
0.58982
0.60867
0.60433
0.60014
0.61881
0.6191
0.61583
0.6001
0.57105
0.5542
0.57651
0.54061
0.50522
0.49414
0.45269
0.43961
0.39685
0.39136
0.43457
0.44196
0.4145
0.39515
0.38424
0.38372
0.33694
0.29042
0
0
0
0
0
0
0
0
0
0
0
0
0
0
0
0
0
0
0
0
0
0
0
0
0
0
0
0
0
0
0
0
0
0
0
0
0
0
0
0
0
0
0
0
0.010923
0.053662
0.15184
0.27993
0.43725
0.56702
0.72193
0.82423
0.83025
0.79325
0.73603
0.69196
0.63472
0.59549
0.50117
0.42711
0.44802
0.46619
0.49178
0.51543
0.51015
0.50381
0.52599
0.52537
0.53773
0.56009
0.55951
0.5656
0.593
0.56789
0.55155
0.57956
0.59017
0.56984
0.55641
0.56294
0.576
0.5922
0.59837
0.55175
0.57169
0.56007
0.52805
0.52864
0.49034
0.45685
0.42654
0.4095
0.38769
0.43384
0.43605
0.42043
0.38527
0.39378
0.38369
0.33991
0.29042
0
0
0
0
0
0
0
0
0
0
0
0
0
0
0
0
0
0
0
0
0
0
0
0
0
0
0
0
0
0
0
0
0
0
0
0
0
0
0
0
0
0
0
6.4453e-05
0.0062525
0.044009
0.13297
0.23073
0.38255
0.51391
0.64381
0.80888
0.88
0.87074
0.80158
0.77434
0.7459
0.67665
0.60013
0.53625
0.50983
0.51083
0.51478
0.48563
0.49163
0.51506
0.51457
0.55934
0.56176
0.59054
0.61341
0.63616
0.6354
0.65233
0.63926
0.62542
0.63979
0.62947
0.58159
0.54508
0.56379
0.61619
0.63309
0.58702
0.55983
0.54122
0.54282
0.55865
0.49873
0.4819
0.46286
0.41921
0.40476
0.41465
0.42518
0.40847
0.39095
0.39035
0.37463
0.33732
0.29042
0
0
0
0
0
0
0
0
0
0
0
0
0
0
0
0
0
0
0
0
0
0
0
0
0
0
0
0
0
0
0
0
0
0
0
0
0
0
0
0
0
0
0
8.9386e-05
0.0094492
0.043641
0.1235
0.22622
0.35359
0.50203
0.66178
0.85404
0.91108
0.9046
0.81643
0.76027
0.71288
0.68224
0.64127
0.56072
0.51345
0.50508
0.47854
0.45955
0.4464
0.45854
0.47697
0.52781
0.57667
0.58388
0.60437
0.6536
0.68582
0.68757
0.68327
0.70017
0.72113
0.64872
0.58377
0.55472
0.59358
0.68936
0.6737
0.65686
0.61041
0.54134
0.54963
0.56665
0.51782
0.51326
0.4795
0.44922
0.43755
0.42001
0.40882
0.41027
0.38891
0.39158
0.36789
0.33784
0.29042
0
0
0
0
0
0
0
0
0
0
0
0
0
0
0
0
0
0
0
0
0
0
0
0
0
0
0
0
0
0
0
0
0
0
0
0
0
0
0
0
0
0
0
0.00012342
0.011791
0.044798
0.097819
0.18565
0.30158
0.49055
0.70394
0.8718
0.91955
0.84718
0.77972
0.68632
0.65055
0.63064
0.61247
0.56514
0.51825
0.47937
0.4426
0.43785
0.43876
0.44839
0.48974
0.52618
0.54432
0.56749
0.58718
0.56745
0.60719
0.61596
0.63151
0.6746
0.68701
0.67033
0.6247
0.57411
0.63495
0.67766
0.68405
0.64646
0.60738
0.55616
0.55958
0.5467
0.53088
0.51809
0.47434
0.45191
0.4463
0.42618
0.40951
0.39475
0.38604
0.3904
0.36447
0.33593
0.29042
0
0
0
0
0
0
0
0
0
0
0
0
0
0
0
0
0
0
0
0
0
0
0
0
0
0
0
0
0
0
0
0
0
0
0
0
0
0
0
0
0
0
0
0.00048557
0.0070482
0.029386
0.067718
0.13412
0.27776
0.53008
0.76193
0.89228
0.89538
0.84259
0.77013
0.70423
0.65343
0.59627
0.54646
0.52288
0.50838
0.45911
0.44655
0.43807
0.45356
0.47854
0.47388
0.5116
0.53334
0.53412
0.53775
0.51464
0.51814
0.51266
0.53639
0.60081
0.62965
0.61876
0.60363
0.61074
0.61999
0.65881
0.66225
0.64482
0.63539
0.61584
0.58788
0.56539
0.53983
0.52548
0.47909
0.47606
0.44906
0.42653
0.40176
0.38449
0.38792
0.38908
0.35547
0.33823
0.29042
0
0
0
0
0
0
0
0
0
0
0
0
0
0
0
0
0
0
0
0
0
0
0
0
0
0
0
0
0
0
0
0
0
0
0
0
0
0
0
0
0
0
0
0.00038442
0.0092883
0.037726
0.088702
0.17412
0.34701
0.53065
0.70181
0.82503
0.86527
0.87075
0.8804
0.81866
0.70577
0.60679
0.54594
0.53245
0.52263
0.47026
0.4455
0.40344
0.3772
0.38929
0.44213
0.49353
0.49852
0.52292
0.52093
0.51035
0.5379
0.5344
0.53814
0.5725
0.60099
0.59049
0.59286
0.61065
0.60773
0.62251
0.65417
0.69649
0.66512
0.63223
0.61687
0.5705
0.51502
0.49204
0.50089
0.47498
0.44518
0.44094
0.39548
0.3724
0.37943
0.37939
0.35603
0.33698
0.29042
