0
0
0
0
0
0
0
0
0
0
0
0
0
0
0
0
0
0
0
0
0
0
0
0
0
0
0
0
0
0
0
0
0
0
0
0
0
0
0
0
0.0092883
0.037726
0.088702
0.17412
0.34701
0.53065
0.70181
0.82503
0.86527
0.87075
0.8804
0.81866
0.70577
0.60679
0.54594
0.53245
0.5125
0.52321
0.49941
0.54292
0.58599
0.58042
0.61125
0.70054
0.7574
0.79261
0.77907
0.81743
0.8667
0.86661
0.77089
0.70455
0.67074
0.64467
0.63423
0.60096
0.68975
0.79088
0.83031
0.83057
0.80649
0.78329
0.7778
0.79479
0.74504
0.73386
0.66593
0.64376
0.5726
0.51236
0.48552
0.432
0.42344
0.42035
0.38398
0.40774
0.46212
0.47959
0.48374
0.41242
0.37303
0
0
0
0
0
0
0
0
0
0
0
0
0
0
0
0
0
0
0
0
0
0
0
0
0
0
0
0
0
0
0
0
0
0
0
0
0
0
0
0
0.0092393
0.048436
0.12802
0.26
0.40326
0.5121
0.69197
0.82886
0.93951
1
0.93996
0.84569
0.74547
0.661
0.63383
0.59852
0.48263
0.4966
0.55994
0.61679
0.62503
0.68175
0.71998
0.7449
0.81759
0.83798
0.81274
0.83771
0.84285
0.81842
0.75247
0.66311
0.58786
0.61204
0.61214
0.58308
0.60094
0.72897
0.79964
0.85113
0.87003
0.82758
0.91058
0.79274
0.77268
0.77791
0.6533
0.62488
0.59742
0.5295
0.50233
0.44536
0.42966
0.41552
0.37861
0.39481
0.44715
0.49387
0.47246
0.41489
0.37303
0
0
0
0
0
0
0
0
0
0
0
0
0
0
0
0
0
0
0
0
0
0
0
0
0
0
0
0
0
0
0
0
0
0
0
0
0
0
0
0
0.013822
0.055392
0.16719
0.32495
0.50111
0.66658
0.80583
0.88188
0.932
0.87153
0.79741
0.74115
0.67954
0.65397
0.60907
0.58332
0.43014
0.46759
0.5267
0.60562
0.65397
0.65072
0.6842
0.7482
0.80414
0.84726
0.87699
0.87483
0.88015
0.83407
0.76697
0.71762
0.70096
0.61845
0.59479
0.63593
0.64567
0.70239
0.7261
0.78365
0.75572
0.77625
0.84248
0.80356
0.73982
0.72058
0.6361
0.65139
0.58792
0.51846
0.50346
0.46459
0.44784
0.423
0.3474
0.38081
0.45684
0.49213
0.44492
0.42116
0.37303
0
0
0
0
0
0
0
0
0
0
0
0
0
0
0
0
0
0
0
0
0
0
0
0
0
0
0
0
0
0
0
0
0
0
0
0
0
0
0
0
0.016305
0.071782
0.19916
0.39998
0.58393
0.71551
0.79982
0.79854
0.81149
0.80413
0.74798
0.70016
0.70765
0.67063
0.62404
0.56134
0.40278
0.42653
0.47877
0.50588
0.52227
0.54638
0.56102
0.65218
0.6955
0.73351
0.77994
0.78535
0.79272
0.83776
0.83907
0.76019
0.71966
0.67534
0.64523
0.68182
0.71069
0.70599
0.73826
0.68035
0.72989
0.74619
0.73799
0.7458
0.71681
0.68138
0.63333
0.64967
0.58022
0.50555
0.48864
0.4546
0.45277
0.41025
0.35087
0.39332
0.45096
0.47331
0.44262
0.42097
0.37303
0
0
0
0
0
0
0
0
0
0
0
0
0
0
0
0
0
0
0
0
0
0
0
0
0
0
0
0
0
0
0
0
0
0
0
0
0
0
0
0
0.022075
0.078113
0.20277
0.3974
0.58574
0.68338
0.69728
0.7309
0.73496
0.71338
0.71804
0.68127
0.61815
0.60441
0.56297
0.49769
0.36554
0.3392
0.34939
0.38832
0.43221
0.44912
0.44714
0.48546
0.49088
0.62892
0.63782
0.68498
0.73963
0.71667
0.72309
0.76488
0.70528
0.65889
0.68703
0.70564
0.78107
0.81644
0.77911
0.74884
0.70259
0.69128
0.65573
0.70765
0.70025
0.69088
0.68212
0.63389
0.55208
0.52782
0.49114
0.45176
0.44077
0.41144
0.37709
0.39438
0.43115
0.49876
0.44528
0.42407
0.37303
0
0
0
0
0
0
0
0
0
0
0
0
0
0
0
0
0
0
0
0
0
0
0
0
0
0
0
0
0
0
0
0
0
0
0
0
0
0
0
0
0.013963
0.052064
0.1573
0.31967
0.4983
0.6191
0.68101
0.71934
0.74917
0.746
0.74057
0.66695
0.58318
0.51701
0.4651
0.43968
0.29508
0.31686
0.31963
0.38215
0.4325
0.46515
0.50265
0.44301
0.46971
0.54857
0.64042
0.70937
0.74369
0.73781
0.75114
0.7476
0.72146
0.6753
0.70963
0.72832
0.79398
0.79656
0.81706
0.75141
0.76603
0.70996
0.68166
0.68895
0.7066
0.63744
0.64136
0.60942
0.58208
0.58001
0.5307
0.43955
0.42595
0.4177
0.42129
0.40882
0.4322
0.48145
0.44977
0.42769
0.37303
0
0
0
0
0
0
0
0
0
0
0
0
0
0
0
0
0
0
0
0
0
0
0
0
0
0
0
0
0
0
0
0
0
0
0
0
0
0
0
0
0.015003
0.070816
0.18358
0.33661
0.5127
0.62009
0.6958
0.71472
0.73091
0.785
0.76451
0.66353
0.58914
0.49928
0.45124
0.41718
0.25538
0.29233
0.32694
0.38032
0.46849
0.45941
0.47681
0.52577
0.57313
0.62618
0.69131
0.71781
0.77551
0.82775
0.75621
0.76368
0.69594
0.64646
0.6644
0.66629
0.71309
0.79692
0.88938
0.89706
0.79978
0.73841
0.66031
0.69834
0.70948
0.67104
0.66904
0.6305
0.63696
0.57004
0.52537
0.44236
0.43056
0.45006
0.44615
0.42418
0.42345
0.47175
0.43998
0.4191
0.37303
0
0
0
0
0
0
0
0
0
0
0
0
0
0
0
0
0
0
0
0
0
0
0
0
0
0
0
0
0
0
0
0
0
0
0
0
0
0
0
0
0.021213
0.052733
0.14181
0.28162
0.4434
0.59257
0.68625
0.71945
0.75284
0.73277
0.70939
0.66201
0.57065
0.48966
0.4287
0.39462
0.21626
0.27662
0.36935
0.48055
0.53102
0.5417
0.56609
0.58346
0.66483
0.68421
0.72535
0.71196
0.74584
0.76237
0.66557
0.6497
0.60686
0.62928
0.70484
0.72698
0.75385
0.8328
0.91356
0.91926
0.8698
0.78771
0.67768
0.68262
0.69961
0.67261
0.61548
0.6399
0.64435
0.60324
0.54993
0.47676
0.43702
0.45379
0.45801
0.41547
0.42754
0.47643
0.43035
0.41741
0.37303
0
0
0
0
0
0
0
0
0
0
0
0
0
0
0
0
0
0
0
0
0
0
0
0
0
0
0
0
0
0
0
0
0
0
0
0
0
0
0
0
0.024337
0.05979
0.11528
0.23479
0.37622
0.54354
0.66433
0.69805
0.67471
0.64848
0.58066
0.55585
0.52463
0.48271
0.45598
0.42833
0.24891
0.28902
0.35136
0.39642
0.51931
0.58685
0.63856
0.65511
0.68402
0.68959
0.69722
0.73622
0.74494
0.79281
0.77527
0.65141
0.6218
0.64949
0.62969
0.68058
0.73455
0.81501
0.92038
0.90818
0.85499
0.79064
0.67586
0.65004
0.65322
0.61204
0.60289
0.58591
0.62626
0.63728
0.54733
0.46921
0.42944
0.45575
0.46234
0.42386
0.42532
0.46738
0.41888
0.41706
0.37303
0
0
0
0
0
0
0
0
0
0
0
0
0
0
0
0
0
0
0
0
0
0
0
0
0
0
0
0
0
0
0
0
0
0
0
0
0
0
0
0
0.030397
0.078004
0.18095
0.30596
0.48506
0.5966
0.65091
0.6754
0.66678
0.60922
0.54833
0.52909
0.4975
0.47849
0.47044
0.44547
0.34557
0.34164
0.35101
0.39501
0.48955
0.60878
0.69605
0.69608
0.73892
0.67948
0.67059
0.65769
0.71558
0.80503
0.75849
0.67702
0.563
0.58684
0.62533
0.69629
0.75103
0.75029
0.82891
0.81885
0.79357
0.77154
0.71031
0.65746
0.61744
0.5791
0.55628
0.56173
0.61503
0.65335
0.58227
0.4865
0.45591
0.46136
0.46458
0.43246
0.42674
0.44815
0.42544
0.41692
0.37303
0
0
0
0
0
0
0
0
0
0
0
0
0
0
0
0
0
0
0
0
0
0
0
0
0
0
0
0
0
0
0
0
0
0
0
0
0
0
0
0
0.035646
0.089679
0.20264
0.35038
0.50576
0.58953
0.62887
0.63274
0.61733
0.60971
0.58766
0.51805
0.47563
0.45278
0.44684
0.43402
0.3259
0.37069
0.43236
0.48429
0.58339
0.66683
0.72245
0.71488
0.68589
0.63029
0.63211
0.57121
0.65452
0.72078
0.70454
0.60789
0.52378
0.54931
0.58179
0.63211
0.71199
0.7696
0.75901
0.73142
0.71218
0.67854
0.67124
0.63983
0.55909
0.54336
0.5688
0.53309
0.58795
0.60239
0.54148
0.4839
0.48804
0.46338
0.45185
0.41975
0.42968
0.44825
0.41511
0.41621
0.37303
0
0
0
0
0
0
0
0
0
0
0
0
0
0
0
0
0
0
0
0
0
0
0
0
0
0
0
0
0
0
0
0
0
0
0
0
0
0
0
0
0.054493
0.11401
0.22826
0.38008
0.51036
0.60854
0.63533
0.61808
0.60418
0.56844
0.53931
0.51402
0.48327
0.45071
0.43441
0.43381
0.30467
0.35465
0.43156
0.45333
0.57261
0.6341
0.68218
0.7185
0.65116
0.64
0.63492
0.55619
0.59156
0.64897
0.6439
0.63515
0.58247
0.61532
0.64972
0.66865
0.73656
0.73678
0.66108
0.61673
0.62059
0.63891
0.63372
0.59861
0.58727
0.5179
0.52033
0.54903
0.54318
0.54954
0.48554
0.48629
0.49111
0.4776
0.45679
0.41375
0.41369
0.4326
0.40516
0.4096
0.37303
0
0
0
0
0
0
0
0
0
0
0
0
0
0
0
0
0
0
0
0
0
0
0
0
0
0
0
0
0
0
0
0
0
0
0
0
0
0
0
0
0.064896
0.13587
0.2469
0.37638
0.48228
0.55899
0.59892
0.61442
0.5875
0.56488
0.55175
0.53064
0.50291
0.45416
0.43096
0.39042
0.30268
0.34036
0.36709
0.40198
0.48636
0.54911
0.59993
0.60944
0.64459
0.63855
0.5998
0.57321
0.55158
0.57261
0.58933
0.61871
0.68484
0.76647
0.75874
0.72518
0.72671
0.67421
0.56997
0.52103
0.46315
0.51991
0.59128
0.56464
0.55226
0.50798
0.48254
0.48511
0.51622
0.56213
0.50053
0.49324
0.46711
0.48081
0.47265
0.41339
0.39854
0.41271
0.40433
0.40913
0.37303
0
0
0
0
0
0
0
0
0
0
0
0
0
0
0
0
0
0
0
0
0
0
0
0
0
0
0
0
0
0
0
0
0
0
0
0
0
0
0
0
0.088086
0.16125
0.27629
0.449
0.56785
0.63439
0.66737
0.62801
0.60042
0.56692
0.5582
0.52921
0.51765
0.44993
0.42023
0.39871
0.32762
0.36094
0.42277
0.45343
0.45506
0.48108
0.49164
0.48685
0.52723
0.57689
0.56232
0.52828
0.52469
0.48551
0.53092
0.58213
0.6632
0.7127
0.78066
0.75463
0.70925
0.63299
0.53946
0.48426
0.46329
0.5068
0.55856
0.5499
0.51167
0.4637
0.44257
0.51496
0.5133
0.54056
0.52054
0.48329
0.4528
0.46286
0.46581
0.39453
0.38086
0.40491
0.38209
0.41221
0.37303
0
0
0
0
0
0
0
0
0
0
0
0
0
0
0
0
0
0
0
0
0
0
0
0
0
0
0
0
0
0
0
0
0
0
0
0
0
0
0
0
0.10694
0.20306
0.34614
0.47827
0.63521
0.69742
0.71581
0.68988
0.64098
0.60612
0.59926
0.55005
0.48928
0.45686
0.42808
0.40244
0.30366
0.35717
0.37507
0.38402
0.35718
0.35223
0.35016
0.38051
0.4456
0.49303
0.48977
0.46309
0.43257
0.42661
0.43801
0.48565
0.54537
0.62969
0.65223
0.66214
0.66833
0.64804
0.57034
0.49025
0.50661
0.50854
0.5103
0.50072
0.44061
0.44849
0.45432
0.50371
0.50605
0.53428
0.5005
0.47921
0.47171
0.42273
0.43831
0.38839
0.37841
0.3827
0.37741
0.41588
0.37303
0
0
0
0
0
0
0
0
0
0
0
0
0
0
0
0
0
0
0
0
0
0
0
0
0
0
0
0
0
0
0
0
0
0
0
0
0
0
0
0
0.12575
0.23158
0.39224
0.53248
0.64998
0.73279
0.73547
0.69473
0.65
0.59621
0.57651
0.54229
0.4921
0.4749
0.43024
0.40584
0.28971
0.28452
0.29586
0.31051
0.32336
0.29713
0.34002
0.40393
0.43195
0.47923
0.48427
0.4569
0.42301
0.43113
0.41206
0.43544
0.50488
0.49472
0.53525
0.53269
0.5492
0.58119
0.55964
0.55731
0.53884
0.51643
0.5015
0.4658
0.4637
0.4656
0.51095
0.5103
0.50922
0.47764
0.46778
0.45715
0.44469
0.40981
0.39842
0.35567
0.36066
0.36147
0.3724
0.41047
0.37303
0
0
0
0
0
0
0
0
0
0
0
0
0
0
0
0
0
0
0
0
0
0
0
0
0
0
0
0
0
0
0
0
0
0
0
0
0
0
0
0
0.11855
0.2628
0.41116
0.59637
0.69108
0.72031
0.72432
0.69785
0.67623
0.60432
0.55911
0.51412
0.4802
0.4446
0.41615
0.39117
0.31724
0.3115
0.2932
0.28466
0.29567
0.3281
0.34396
0.38507
0.4528
0.48228
0.50648
0.49902
0.46025
0.4463
0.45025
0.45196
0.46383
0.5154
0.50285
0.49707
0.52393
0.50955
0.52254
0.55647
0.52877
0.52209
0.51971
0.49433
0.50791
0.52517
0.53325
0.50593
0.51114
0.48109
0.42753
0.44815
0.44585
0.40405
0.38062
0.32918
0.3404
0.35758
0.36353
0.40701
0.37303
0
0
0
0
0
0
0
0
0
0
0
0
0
0
0
0
0
0
0
0
0
0
0
0
0
0
0
0
0
0
0
0
0
0
0
0
0
0
0
0
0.13252
0.29453
0.46492
0.62344
0.68385
0.70018
0.67228
0.65554
0.62414
0.6058
0.53929
0.47577
0.43801
0.41302
0.36651
0.3487
0.3322
0.34079
0.32164
0.34481
0.36331
0.35187
0.32704
0.33945
0.37348
0.43427
0.47697
0.48209
0.44793
0.43892
0.44039
0.4885
0.49762
0.48317
0.49897
0.42682
0.46967
0.48028
0.48587
0.54968
0.54183
0.55005
0.5257
0.50528
0.53718
0.54177
0.55714
0.52966
0.45801
0.43143
0.41993
0.42061
0.43018
0.38275
0.35194
0.31668
0.32318
0.35832
0.35533
0.39655
0.37303
0
0
0
0
0
0
0
0
0
0
0
0
0
0
0
0
0
0
0
0
0
0
0
0
0
0
0
0
0
0
0
0
0
0
0
0
0
0
0
0
0.12404
0.28345
0.41843
0.52845
0.55398
0.50288
0.52036
0.52461
0.52212
0.50497
0.48215
0.45379
0.41897
0.39257
0.34597
0.3181
0.31253
0.32148
0.35696
0.4062
0.38797
0.36096
0.32345
0.30742
0.34584
0.38071
0.39063
0.42066
0.43952
0.49655
0.49467
0.48447
0.47689
0.4222
0.43429
0.4163
0.42519
0.44188
0.43169
0.45061
0.49749
0.49678
0.50749
0.51968
0.55094
0.54625
0.52531
0.46827
0.38698
0.38937
0.40844
0.41143
0.38599
0.38184
0.33945
0.31765
0.31809
0.3652
0.3573
0.38811
0.37303
0
0
0
0
0
0
0
0
0
0
0
0
0
0
0
0
0
0
0
0
0
0
0
0
0
0
0
0
0
0
0
0
0
0
0
0
0
0
0
0
0.12648
0.27623
0.41631
0.54345
0.60289
0.60721
0.56751
0.52526
0.52658
0.52068
0.47784
0.41556
0.40096
0.36539
0.34622
0.32054
0.34157
0.35374
0.35727
0.37134
0.3669
0.36543
0.34044
0.32127
0.30931
0.30665
0.35843
0.40251
0.41486
0.44975
0.46331
0.48077
0.45729
0.41014
0.39463
0.42202
0.43
0.41158
0.4102
0.39688
0.43024
0.44598
0.47759
0.51567
0.52609
0.50966
0.47028
0.41636
0.37738
0.35734
0.39209
0.38936
0.37499
0.36977
0.34108
0.31706
0.31251
0.36955
0.36115
0.38303
0.37303
0
0
0
0
0
0
0
0
0
0
0
0
0
0
0
0
0
0
0
0
0
0
0
0
0
0
0
0
0
0
0
0
0
0
0
0
0
0
0
0
0.11464
0.21424
0.35146
0.49613
0.61084
0.62851
0.59091
0.55839
0.51491
0.49879
0.45427
0.38946
0.36218
0.34563
0.33465
0.31799
0.32805
0.32374
0.30152
0.28974
0.32014
0.34814
0.33316
0.30769
0.29543
0.33146
0.33637
0.39403
0.39451
0.39991
0.43063
0.39876
0.41473
0.40014
0.41542
0.4621
0.45079
0.41212
0.38076
0.37391
0.39363
0.39431
0.45941
0.45713
0.48445
0.49788
0.40409
0.37032
0.35486
0.36406
0.38219
0.38457
0.39483
0.3645
0.32057
0.31861
0.3148
0.35811
0.36899
0.38813
0.37303
0
0
0
0
0
0
0
0
0
0
0
0
0
0
0
0
0
0
0
0
0
0
0
0
0
0
0
0
0
0
0
0
0
0
0
0
0
0
0
0
0.10616
0.20324
0.3435
0.44889
0.53228
0.52208
0.50004
0.46238
0.42618
0.3906
0.37287
0.34387
0.34134
0.33964
0.33319
0.31583
0.27628
0.25787
0.23427
0.23788
0.27142
0.31262
0.31646
0.30005
0.29239
0.32467
0.34643
0.35472
0.38596
0.39657
0.38959
0.38493
0.36389
0.36534
0.39945
0.45069
0.41728
0.40633
0.38732
0.4136
0.418
0.40244
0.43291
0.47172
0.50555
0.5102
0.45754
0.3768
0.34068
0.34715
0.37066
0.39134
0.40625
0.38074
0.30739
0.29612
0.31313
0.34455
0.3666
0.38692
0.37303
0
0
0
0
0
0
0
0
0
0
0
0
0
0
0
0
0
0
0
0
0
0
0
0
0
0
0
0
0
0
0
0
0
0
0
0
0
0
0
0
0.092242
0.15446
0.24835
0.34558
0.42495
0.44653
0.43641
0.41693
0.38436
0.35629
0.34807
0.31289
0.29515
0.30456
0.31555
0.30894
0.23466
0.23396
0.20724
0.21028
0.23406
0.24816
0.24193
0.24174
0.26439
0.27979
0.30793
0.32878
0.34453
0.36704
0.36034
0.30975
0.29506
0.31766
0.36524
0.40445
0.39303
0.38962
0.37623
0.41556
0.41119
0.42266
0.42234
0.47816
0.50833
0.47396
0.47442
0.41395
0.32553
0.32823
0.36713
0.41003
0.39362
0.36488
0.31827
0.29394
0.30519
0.33345
0.37096
0.38201
0.37303
0
0
0
0
0
0
0
0
0
0
0
0
0
0
0
0
0
0
0
0
0
0
0
0
0
0
0
0
0
0
0
0
0
0
0
0
0
0
0
0
0.079262
0.12012
0.18669
0.28367
0.33622
0.38602
0.39566
0.3701
0.36431
0.36391
0.34086
0.30827
0.27039
0.24206
0.24022
0.24901
0.21506
0.23342
0.2371
0.21504
0.19548
0.18417
0.17516
0.18716
0.21504
0.25175
0.26383
0.27677
0.2898
0.29625
0.30958
0.30414
0.28359
0.32153
0.36182
0.37484
0.3484
0.35191
0.37959
0.37358
0.37361
0.41397
0.41714
0.45802
0.49857
0.49297
0.44554
0.39605
0.31909
0.31456
0.38134
0.36409
0.37914
0.36175
0.30918
0.28791
0.3111
0.33303
0.36374
0.37552
0.37303
0
0
0
0
0
0
0
0
0
0
0
0
0
0
0
0
0
0
0
0
0
0
0
0
0
0
0
0
0
0
0
0
0
0
0
0
0
0
0
0
0.067813
0.11237
0.17246
0.25826
0.35275
0.42424
0.44134
0.43039
0.41797
0.39568
0.38674
0.34604
0.29773
0.25191
0.22736
0.23178
0.24603
0.23793
0.22961
0.21885
0.19677
0.18893
0.18701
0.19878
0.22004
0.23456
0.24722
0.25077
0.23022
0.23113
0.22745
0.23451
0.26537
0.27416
0.30467
0.29852
0.29928
0.29643
0.31485
0.33503
0.34615
0.36677
0.38686
0.41988
0.46861
0.47275
0.40199
0.35536
0.29992
0.31365
0.36177
0.38927
0.37106
0.35371
0.32255
0.2841
0.30062
0.31464
0.36333
0.37107
0.37303
0
0
0
0
0
0
0
0
0
0
0
0
0
0
0
0
0
0
0
0
0
0
0
0
0
0
0
0
0
0
0
0
0
0
0
0
0
0
0
0
0.053973
0.094176
0.1416
0.23104
0.31512
0.3785
0.40535
0.40766
0.39958
0.38541
0.36811
0.33746
0.29915
0.26341
0.24155
0.23049
0.25697
0.25192
0.21978
0.19812
0.21404
0.23628
0.2203
0.21732
0.22326
0.22314
0.20709
0.19337
0.17281
0.18953
0.19304
0.18619
0.19296
0.22296
0.22989
0.2301
0.25325
0.25751
0.2697
0.29587
0.28401
0.30672
0.36081
0.37397
0.39068
0.37983
0.36368
0.30866
0.28368
0.30768
0.37529
0.37751
0.37992
0.34808
0.33332
0.30233
0.28056
0.30622
0.36414
0.37317
0.37303
0
0
0
0
0
0
0
0
0
0
0
0
0
0
0
0
0
0
0
0
0
0
0
0
0
0
0
0
0
0
0
0
0
0
0
0
0
0
0
0
0.062134
0.1281
0.20891
0.29013
0.34049
0.36757
0.37832
0.35728
0.37222
0.36526
0.34643
0.30749
0.2552
0.21633
0.19241
0.18503
0.26198
0.23274
0.21083
0.2242
0.20727
0.21178
0.22233
0.21506
0.19805
0.22344
0.19302
0.17952
0.19328
0.18162
0.1767
0.1806
0.17467
0.18636
0.21552
0.24143
0.25267
0.27592
0.26196
0.24412
0.26421
0.2808
0.31263
0.34007
0.33259
0.32222
0.31161
0.29997
0.29884
0.31094
0.32933
0.38576
0.38945
0.34554
0.34432
0.2958
0.28057
0.30664
0.35827
0.36407
0.37303
0
0
0
0
0
0
0
0
0
0
0
0
0
0
0
0
0
0
0
0
0
0
0
0
0
0
0
0
0
0
0
0
0
0
0
0
0
0
0
0
0.047825
0.1076
0.178
0.24726
0.30161
0.32207
0.34476
0.36801
0.37722
0.38686
0.3832
0.33991
0.27433
0.22269
0.21195
0.19555
0.25971
0.23776
0.21413
0.20367
0.2008
0.17617
0.16115
0.19387
0.20505
0.19526
0.20419
0.18053
0.17799
0.19402
0.17958
0.18052
0.18135
0.19076
0.20369
0.24144
0.23639
0.24039
0.23515
0.24614
0.27524
0.28429
0.29621
0.31783
0.32805
0.33881
0.32626
0.28921
0.29064
0.29455
0.32592
0.36573
0.37295
0.35552
0.32937
0.2899
0.27962
0.29454
0.34573
0.36311
0.37303
0
0
0
0
0
0
0
0
0
0
0
0
0
0
0
0
0
0
0
0
0
0
0
0
0
0
0
0
0
0
0
0
0
0
0
0
0
0
0
0
0.041706
0.087732
0.16279
0.2694
0.3606
0.41692
0.43959
0.40412
0.38542
0.38034
0.35639
0.31759
0.2524
0.2163
0.19993
0.19271
0.28136
0.23949
0.23029
0.21491
0.19586
0.18221
0.16771
0.1645
0.17687
0.19169
0.19179
0.20669
0.20901
0.19102
0.16733
0.17563
0.20589
0.20447
0.21021
0.20299
0.20422
0.1841
0.21014
0.25187
0.27582
0.27024
0.26614
0.2883
0.31504
0.34323
0.33328
0.28316
0.27035
0.29266
0.30135
0.34876
0.36315
0.33247
0.31887
0.28728
0.28639
0.3001
0.34076
0.35903
0.37303
0
0
0
0
0
0
0
0
0
0
0
0
0
0
0
0
0
0
0
0
0
0
0
0
0
0
0
0
0
0
0
0
0
0
0
0
0
0
0
0.00057265
0.028706
0.06903
0.14895
0.25827
0.38108
0.4635
0.48382
0.4548
0.39095
0.33639
0.31552
0.26562
0.23583
0.20781
0.17227
0.16455
0.24662
0.22735
0.1986
0.18947
0.17331
0.15153
0.14903
0.1388
0.14359
0.1584
0.19398
0.20135
0.18794
0.17123
0.16578
0.1716
0.2065
0.20644
0.21467
0.19114
0.18155
0.18164
0.20186
0.24743
0.26263
0.27389
0.27202
0.28825
0.29451
0.32422
0.33134
0.28573
0.26797
0.25605
0.31716
0.32743
0.34356
0.33676
0.32685
0.28952
0.28498
0.29963
0.33859
0.3611
0.37303
0
0
0
0
0
0
0
0
0
0
0
0
0
0
0
0
0
0
0
0
0
0
0
0
0
0
0
0
0
0
0
0
0
0
0
0
0
0
0
0
0.049243
0.10923
0.17997
0.26014
0.30466
0.35955
0.37467
0.36643
0.33891
0.31917
0.29084
0.26412
0.23021
0.19861
0.16934
0.15177
0.18239
0.18509
0.17772
0.16832
0.13859
0.13682
0.13727
0.14268
0.16192
0.168
0.18354
0.18429
0.18
0.15466
0.17085
0.20343
0.21271
0.21493
0.19275
0.18674
0.20389
0.18899
0.20235
0.21857
0.2342
0.24244
0.23814
0.24176
0.28388
0.30461
0.30468
0.27894
0.26368
0.27197
0.28379
0.31809
0.339
0.34511
0.31081
0.27878
0.276
0.2972
0.34167
0.35549
0.37303
0
0
0
0
0
0
0
0
0
0
0
0
0
0
0
0
0
0
0
0
0
0
0
0
0
0
0
0
0
0
0
0
0
0
0
0
0
0.00062121
0.0009861
0.003673
0.050875
0.11909
0.18696
0.27138
0.30952
0.33467
0.32895
0.34019
0.30395
0.26969
0.23928
0.20821
0.19505
0.17073
0.15296
0.12921
0.2
0.18366
0.16834
0.15965
0.14788
0.13852
0.14267
0.1517
0.17371
0.20257
0.18783
0.16273
0.1579
0.15368
0.18926
0.20325
0.22642
0.23075
0.19705
0.19836
0.18427
0.18132
0.17804
0.1859
0.19475
0.20642
0.23173
0.23233
0.23822
0.24504
0.23618
0.23888
0.25189
0.26798
0.26611
0.30609
0.33742
0.34295
0.31435
0.2864
0.28561
0.30639
0.33863
0.3562
0.37303
0
0
0
0
0
0
0
0
0
0
0
0
0
0
0
0
0
0
0
0
0
0
0
0
0
0
0
0
0
0
0
0
0
0
0
0
0
0.0013707
0.0070381
0.01536
0.034141
0.089867
0.16011
0.22436
0.27456
0.31599
0.34435
0.33176
0.29911
0.25212
0.20793
0.18271
0.16445
0.15332
0.13284
0.10429
0.177
0.16368
0.16972
0.18265
0.19056
0.16965
0.13496
0.14859
0.16384
0.17422
0.16635
0.14738
0.16107
0.15621
0.16996
0.18729
0.17952
0.17842
0.18721
0.1849
0.17957
0.17639
0.17017
0.17734
0.19069
0.21361
0.22606
0.22823
0.22184
0.22481
0.22783
0.24342
0.25707
0.25991
0.27603
0.28876
0.31706
0.32784
0.3088
0.28703
0.29301
0.31508
0.34154
0.35198
0.37303
0
0
0
0
0
0
0
0
0
0
0
0
0
0
0
0
0
0
0
0
0
0
0
0
0
0
0
0
0
0
0
0
0
0
0
0
0
0.0020264
0.0072072
0.022454
0.035849
0.080312
0.14651
0.20709
0.22491
0.24228
0.24567
0.25936
0.26583
0.22705
0.20393
0.19353
0.18305
0.16413
0.12622
0.11251
0.19594
0.14514
0.17391
0.16903
0.1635
0.14708
0.12452
0.1307
0.12977
0.13247
0.11962
0.12372
0.13733
0.16736
0.16579
0.15252
0.15027
0.15962
0.15469
0.15046
0.1751
0.17265
0.18842
0.19545
0.18908
0.19626
0.19065
0.20162
0.21185
0.2056
0.22422
0.25347
0.25207
0.2589
0.2734
0.27433
0.26793
0.30436
0.29659
0.29489
0.31834
0.31954
0.34469
0.35896
0.37303
0
0
0
0
0
0
0
0
0
0
0
0
0
0
0
0
0
0
0
0
0
0
0
0
0
0
0
0
0
0
0
0
0
0
0
0
0
0.0016361
0.00718
0.021711
0.011673
0.052332
0.10482
0.16573
0.19735
0.20691
0.22903
0.241
0.27198
0.27304
0.26258
0.24133
0.21839
0.16647
0.13033
0.10494
0.18282
0.17229
0.15188
0.12543
0.13727
0.11099
0.10586
0.12152
0.11806
0.11422
0.10022
0.11239
0.11587
0.14888
0.16672
0.15563
0.16394
0.14877
0.15087
0.16362
0.16302
0.18312
0.20466
0.20113
0.1981
0.19632
0.22158
0.21305
0.19315
0.21259
0.21892
0.24177
0.24837
0.25755
0.25625
0.25516
0.24869
0.26932
0.29912
0.30047
0.33138
0.32588
0.34594
0.35473
0.37303
0
0
0
0
0
0
0
0
0
0
0
0
0
0
0
0
0
0
0
0
0
0
0
0
0
0
0
0
0
0
0
0
0
0
0
0
0
0.00061195
0.005909
0.017052
0.0051328
0.015748
0.038558
0.071626
0.11911
0.15423
0.18341
0.25102
0.27956
0.30231
0.2875
0.26559
0.24097
0.20845
0.16676
0.13398
0.17034
0.14875
0.14092
0.13924
0.12406
0.12013
0.11623
0.12803
0.14143
0.13524
0.12317
0.10743
0.11505
0.13004
0.15264
0.15512
0.17424
0.15939
0.14867
0.14741
0.15543
0.18819
0.20201
0.20667
0.20887
0.19691
0.20097
0.21068
0.20462
0.21721
0.23006
0.23953
0.24228
0.22839
0.22801
0.23573
0.24198
0.25335
0.29797
0.30116
0.33556
0.33747
0.34175
0.35084
0.37303
0
0
0
0
0
0
0
0
0
0
0
0
0
0
0
0
0
0
0
0
0
0
0
0
0
0
0
0
0
0
0
0
0
0
0
0
0
0
0.0044564
0.016185
0.0050473
0.018442
0.04153
0.059691
0.088018
0.13312
0.19225
0.25574
0.28042
0.29804
0.28405
0.27333
0.25798
0.20223
0.17763
0.13631
0.19847
0.15344
0.14188
0.13596
0.13302
0.12073
0.13235
0.13882
0.15679
0.14244
0.13143
0.10768
0.095854
0.11011
0.13061
0.14459
0.15276
0.1679
0.16032
0.15403
0.16006
0.18633
0.19354
0.18943
0.20526
0.19828
0.19816
0.2105
0.20198
0.21128
0.20605
0.22215
0.23403
0.20738
0.2103
0.21498
0.2235
0.26599
0.3047
0.29678
0.3212
0.34503
0.35002
0.35203
0.37303
0
0
0
0
0
0
0
0
0
0
0
0
0
0
0
0
0
0
0
0
0
0
0
0
0
0
0
0
0
0
0
0
0
0
0
0
0
0
0.0065514
0.020404
0.0033158
0.018735
0.039409
0.055721
0.079726
0.11135
0.17754
0.2529
0.29735
0.33154
0.31921
0.28488
0.24919
0.19339
0.14997
0.11296
0.2005
0.15957
0.14416
0.13311
0.1323
0.1188
0.1124
0.13144
0.13833
0.14344
0.13639
0.11733
0.10888
0.10109
0.10371
0.12776
0.13457
0.15467
0.15362
0.15143
0.15391
0.15028
0.17024
0.17952
0.18746
0.19215
0.2074
0.18879
0.187
0.19636
0.20505
0.21216
0.22605
0.21534
0.21422
0.20814
0.2235
0.26244
0.29229
0.30842
0.32627
0.34909
0.34508
0.35475
0.37303
0
0
0
0
0
0
0
0
0
0
0
0
0
0
0
0
0
0
0
0
0
0
0
0
0
0
0
0
0
0
0
0
0
0
0
0
0
0
0.0096492
0.021513
0.0039556
0.015772
0.028091
0.042068
0.056361
0.088609
0.13078
0.18491
0.2378
0.25196
0.25516
0.26005
0.2133
0.1797
0.14287
0.1148
0.13133
0.14648
0.15777
0.14179
0.12464
0.10924
0.10756
0.12064
0.12736
0.12096
0.12068
0.11414
0.11366
0.1169
0.11261
0.12451
0.12163
0.16243
0.16405
0.15632
0.1555
0.15242
0.15999
0.16323
0.15983
0.15722
0.17992
0.17533
0.18339
0.20263
0.2026
0.20722
0.22321
0.22353
0.218
0.20713
0.21238
0.25176
0.29845
0.30967
0.32467
0.35101
0.36568
0.34961
0.37303
0
0
0
0
0
0
0
0
0
0
0
0
0
0
0
0
0
0
0
0
0
0
0
0
0
0
0
0
0
0
0
0
0
0
0
0
0
0
0.0095321
0.026396
0.003333
0.011483
0.022217
0.039113
0.059914
0.10432
0.157
0.18689
0.21196
0.22377
0.22561
0.22569
0.2021
0.17747
0.13778
0.11834
0.16392
0.16344
0.16249
0.15222
0.13253
0.1069
0.12673
0.12986
0.12063
0.11252
0.11114
0.12523
0.1139
0.10908
0.10808
0.11207
0.13859
0.1528
0.15922
0.14689
0.13947
0.13255
0.13601
0.15556
0.16545
0.16991
0.16095
0.17953
0.18967
0.18395
0.19688
0.19661
0.22599
0.22446
0.218
0.21933
0.21064
0.26772
0.3013
0.31435
0.33021
0.34413
0.37865
0.35102
0.37303
0
0
0
0
0
0
0
0
0
0
0
0
0
0
0
0
0
0
0
0
0
0
0
0
0
0
0
0
0
0
0
0
0
0
0
0
0
0
0.012667
0.040935
0.0038849
0.015112
0.030283
0.051645
0.08231
0.11745
0.15764
0.19921
0.21446
0.23258
0.2352
0.21516
0.17868
0.15735
0.13319
0.11633
0.19751
0.18164
0.15958
0.14695
0.13902
0.14312
0.1338
0.12129
0.11713
0.121
0.12142
0.12546
0.1138
0.10976
0.10601
0.11492
0.13265
0.13781
0.13643
0.11788
0.10836
0.11528
0.14217
0.15222
0.15178
0.18124
0.16822
0.1658
0.17638
0.1827
0.19895
0.2002
0.21439
0.20191
0.21038
0.21712
0.2157
0.27406
0.31325
0.31841
0.3278
0.36099
0.37472
0.34733
0.37303
0
0
0
0
0
0
0
0
0
0
0
0
0
0
0
0
0
0
0
0
0
0
0
0
0
0
0
0
0
0
0
0
0
0
0
0
0
0.001459
0.023274
0.051913
0.0028732
0.014976
0.02749
0.042738
0.071622
0.11192
0.15409
0.18218
0.2155
0.23345
0.22213
0.21224
0.17825
0.15757
0.12981
0.11411
0.17367
0.15851
0.15113
0.15233
0.15784
0.15892
0.15381
0.13431
0.12395
0.1193
0.11536
0.12138
0.12461
0.11647
0.12199
0.12712
0.13654
0.13175
0.1286
0.10676
0.10926
0.11289
0.12286
0.15107
0.15999
0.17312
0.14234
0.15685
0.1745
0.1818
0.19245
0.19701
0.20536
0.2048
0.20111
0.21035
0.22684
0.27013
0.30564
0.32886
0.33986
0.37013
0.38552
0.35109
0.37303
0
0
0
0
0
0
0
0
0
0
0
0
0
0
0
0
0
0
0
0
0
0
0
0
0
0
0
0
0
0
0
0
0
0
0
0
0
0.00077987
0.029455
0.089881
0.0046989
0.011977
0.019939
0.032855
0.061471
0.094711
0.15808
0.21752
0.23637
0.23966
0.2198
0.20183
0.18993
0.17364
0.15891
0.13132
0.18311
0.18011
0.16963
0.17239
0.16266
0.15286
0.14879
0.14019
0.13843
0.14295
0.14478
0.14879
0.11984
0.12017
0.12125
0.11883
0.12645
0.12872
0.11945
0.12112
0.13302
0.14046
0.14405
0.1612
0.17536
0.16086
0.15547
0.1823
0.17845
0.16999
0.19575
0.20232
0.20022
0.19037
0.19609
0.18937
0.22995
0.2707
0.30029
0.3394
0.33946
0.36493
0.39223
0.35821
0.37303
0
0
0
0
0
0
0
0
0
0
0
0
0
0
0
0
0
0
0
0
0
0
0
0
0
0
0
0
0
0
0
0
0
0
0
0
0
0.00046139
0.027205
0.099153
0.0024826
0.0077446
0.017045
0.02691
0.055077
0.082429
0.1306
0.15773
0.19018
0.21123
0.22444
0.22919
0.22577
0.20217
0.17144
0.14438
0.22076
0.21808
0.23481
0.22892
0.20685
0.17818
0.14634
0.13942
0.13927
0.14242
0.15924
0.15241
0.11909
0.11047
0.12053
0.11796
0.11679
0.12338
0.11841
0.13341
0.12848
0.13906
0.14469
0.15418
0.16709
0.16934
0.1682
0.17437
0.16519
0.17324
0.18533
0.1994
0.20676
0.17975
0.1777
0.17741
0.22061
0.26596
0.2972
0.33686
0.3331
0.36072
0.39921
0.36429
0.37303
0
0
0
0
0
0
0
0
0
0
0
0
0
0
0
0
0
0
0
0
0
0
0
0
0
0
0
0
0
0
0
0
0
0
0
0
0
0.009369
0.055599
0.12694
0.0039825
0.0094239
0.016359
0.035803
0.06777
0.096727
0.1365
0.16255
0.18989
0.21718
0.23745
0.24667
0.23222
0.21541
0.18195
0.14273
0.27758
0.23823
0.25043
0.21582
0.21837
0.20044
0.16915
0.15918
0.14513
0.14629
0.13514
0.12197
0.11766
0.12562
0.12549
0.13285
0.13642
0.13496
0.11944
0.12264
0.11789
0.11548
0.1296
0.13537
0.15045
0.16356
0.15793
0.15446
0.16543
0.17803
0.1906
0.20045
0.20398
0.1756
0.17988
0.18145
0.21341
0.2604
0.28048
0.32425
0.34395
0.3773
0.39265
0.36705
0.37303
0
0
0
0
0
0
0
0
0
0
0
0
0
0
0
0
0
0
0
0
0
0
0
0
0
0
0
0
0
0
0
0
0
0
0
0
0
0.021133
0.071461
0.15468
0.003116
0.0065644
0.010511
0.017842
0.03411
0.069014
0.10041
0.13664
0.16633
0.18554
0.21341
0.2202
0.2468
0.23447
0.20886
0.17011
0.34324
0.29051
0.25125
0.21388
0.19644
0.1968
0.19983
0.18957
0.17417
0.15517
0.12789
0.12705
0.11738
0.12447
0.12786
0.13021
0.12905
0.14492
0.13806
0.12492
0.10053
0.09546
0.10708
0.11777
0.12906
0.12945
0.14299
0.14629
0.15943
0.16896
0.18704
0.20886
0.22087
0.18952
0.18509
0.19116
0.21892
0.25376
0.27185
0.32745
0.34378
0.38309
0.39406
0.3667
0.37303
0
0
0
0
0
0
0
0
0
0
0
0
0
0
0
0
0
0
0
0
0
0
0
0
0
0
0
0
0
0
0
0
0
0
0
0
0
0.0043828
0.033862
0.07482
0.0015039
0.0032434
0.0087583
0.016962
0.02484
0.044286
0.066929
0.083386
0.099346
0.12125
0.12957
0.15744
0.18578
0.21041
0.20148
0.17588
0.34202
0.31817
0.26809
0.23256
0.1953
0.18354
0.19903
0.18746
0.17453
0.16521
0.13795
0.12124
0.13111
0.12825
0.12002
0.1155
0.11286
0.11731
0.11482
0.11082
0.10195
0.101
0.10777
0.10718
0.11811
0.11607
0.11914
0.1326
0.14395
0.15171
0.18609
0.20745
0.20107
0.18684
0.19348
0.18245
0.22449
0.23905
0.26392
0.29902
0.35518
0.38183
0.39469
0.36102
0.37303
0
0
0
0
0
0
0
0
0
0
0
0
0
0
0
0
0
0
0
0
0
0
0
0
0
0
0
0
0
0
0
0
0
0
0
0
0
0.0044348
0.010964
0.018262
0.0011838
0.0082999
0.018941
0.020127
0.027679
0.036989
0.042599
0.055079
0.063172
0.073638
0.084344
0.11003
0.12626
0.13859
0.15259
0.1557
0.28943
0.25985
0.21589
0.19365
0.16749
0.16793
0.1726
0.17542
0.17133
0.164
0.15635
0.13752
0.13591
0.12918
0.11168
0.11149
0.10048
0.11118
0.10405
0.1026
0.09596
0.086388
0.099649
0.10392
0.11686
0.133
0.13165
0.13448
0.13726
0.1531
0.17214
0.19475
0.17887
0.17588
0.17938
0.1904
0.22354
0.24745
0.27205
0.28985
0.32463
0.37109
0.39925
0.36216
0.37303
0
0
0
0
0
0
0
0
0
0
0
0
0
0
0
0
0
0
0
0
0
0
0
0
0
0
0
0
0
0
0
0
0
0
0
0
0.00069382
0.013053
0.020245
0.034343
0.0057211
0.0077933
0.012651
0.019246
0.022055
0.0291
0.040759
0.056149
0.064947
0.073484
0.08074
0.098715
0.11158
0.12971
0.12466
0.11569
0.24477
0.21105
0.18095
0.18527
0.20417
0.18838
0.18808
0.18156
0.16525
0.15313
0.13958
0.13999
0.12778
0.11959
0.10527
0.098912
0.097026
0.10535
0.10897
0.10223
0.09101
0.094845
0.098893
0.10279
0.10949
0.11963
0.13168
0.12767
0.12955
0.15007
0.16088
0.17925
0.16586
0.16633
0.17939
0.19213
0.23135
0.24885
0.259
0.2716
0.31779
0.37322
0.40495
0.35825
0.37303
0
0
0
0
0
0
0
0
0
0
0
0
0
0
0
0
0
0
0
0
0
0
0
0
0
0
0
0
0
0
0
0
0
0
0
0
0
0.010037
0.024012
0.032397
0.00060092
0.0040717
0.0068972
0.011612
0.015935
0.024722
0.035664
0.05167
0.070315
0.08324
0.093689
0.11024
0.11847
0.11999
0.11088
0.10461
0.1734
0.17696
0.17881
0.19776
0.19614
0.19544
0.19446
0.15884
0.15327
0.14529
0.13508
0.12743
0.12298
0.12494
0.11069
0.1085
0.11145
0.10782
0.10786
0.10691
0.10491
0.11483
0.10068
0.11481
0.1212
0.12894
0.12984
0.13381
0.13487
0.15265
0.16411
0.1809
0.17369
0.16512
0.17499
0.19167
0.24109
0.26849
0.2558
0.26101
0.31264
0.38552
0.39604
0.35976
0.37303
0
0
0
0
0
0
0
0
0
0
0
0
0
0
0
0
0
0
0
0
0
0
0
0
0
0
0
0
0
0
0
0
0
0
0
0
0.0036072
0.0098767
0.020093
0.028993
0.00095115
0.0036921
0.0071693
0.010911
0.015304
0.021816
0.032461
0.054027
0.085031
0.10284
0.11572
0.11793
0.12216
0.13218
0.12895
0.12226
0.19278
0.19652
0.19676
0.17849
0.16966
0.17556
0.16882
0.14449
0.13236
0.1372
0.12667
0.11707
0.11869
0.11018
0.10482
0.1079
0.10865
0.11103
0.10644
0.1163
0.12214
0.12337
0.11822
0.12137
0.12619
0.1387
0.15889
0.1407
0.14695
0.16439
0.17829
0.18739
0.17405
0.17227
0.17595
0.20389
0.24672
0.26324
0.27877
0.26998
0.31928
0.37544
0.39432
0.35639
0.37303
0
0
0
0
0
0
0
0
0
0
0
0
0
0
0
0
0
0
0
0
0
0
0
0
0
0
0
0
0
0
0
0
0
0
0
0
0.0046879
0.02976
0.043811
0.063602
0.00096164
0.003533
0.0083655
0.013231
0.017527
0.022987
0.040837
0.075693
0.10311
0.13474
0.14438
0.14053
0.15465
0.15196
0.15891
0.15231
0.26242
0.25627
0.22509
0.19624
0.18406
0.17835
0.16583
0.14902
0.13659
0.12483
0.12224
0.11692
0.11201
0.10555
0.085578
0.087159
0.094826
0.10652
0.11532
0.12464
0.12041
0.12802
0.13282
0.13689
0.15445
0.17701
0.17688
0.18715
0.17842
0.17607
0.21046
0.20557
0.19971
0.18482
0.18973
0.21988
0.25288
0.26674
0.29586
0.28255
0.32228
0.36665
0.38174
0.3642
0.37303
0
0
0
0
0
0
0
0
0
0
0
0
0
0
0
0
0
0
0
0
0
0
0
0
0
0
0
0
0
0
0
0
0
0
0
0
0.014519
0.040554
0.062166
0.075093
0.0010976
0.0027767
0.0087963
0.012317
0.019309
0.035191
0.063388
0.099371
0.13713
0.16383
0.1752
0.17164
0.16107
0.17768
0.1849
0.17337
0.25084
0.24824
0.22408
0.19729
0.16688
0.15634
0.14812
0.12535
0.11253
0.10958
0.11334
0.11268
0.11136
0.10212
0.084234
0.09883
0.096944
0.11035
0.12048
0.13192
0.13231
0.12546
0.11846
0.14247
0.16307
0.18574
0.18797
0.18855
0.18544
0.18362
0.20475
0.20109
0.21977
0.20772
0.19216
0.22336
0.24805
0.28097
0.31077
0.3001
0.33775
0.35637
0.37964
0.36406
0.37303
0
0
0
0
0
0
0
0
0
0
0
0
0
0
0
0
0
0
0
0
0
0
0
0
0
0
0
0
0
0
0
0
0
0
0
0
0.010709
0.03063
0.047659
0.064167
0.00062271
0.0017014
0.0035134
0.0075589
0.016088
0.027961
0.059935
0.093701
0.12913
0.16269
0.16344
0.17746
0.19288
0.19967
0.19341
0.18255
0.21912
0.19463
0.18167
0.16314
0.14026
0.1332
0.12839
0.12622
0.11567
0.10449
0.099232
0.10697
0.11007
0.10023
0.085179
0.08627
0.094173
0.10281
0.11842
0.11394
0.11977
0.12369
0.11742
0.12562
0.15695
0.17582
0.19365
0.18572
0.16682
0.17197
0.19922
0.20921
0.22831
0.21524
0.19882
0.2326
0.24998
0.29046
0.30642
0.3132
0.34847
0.35362
0.37473
0.37069
0.37303
0
0
0
0
0
0
0
0
0
0
0
0
0
0
0
0
0
0
0
0
0
0
0
0
0
0
0
0
0
0
0
0
0
0
0
0
0.0059168
0.027546
0.042324
0.050866
0.0037389
0.0032635
0.0051512
0.0096724
0.018148
0.037144
0.062127
0.089994
0.11391
0.11955
0.12995
0.156
0.17021
0.18794
0.19169
0.17432
0.16721
0.16535
0.15631
0.14321
0.13426
0.13029
0.12679
0.1365
0.12076
0.11186
0.11339
0.12228
0.106
0.10048
0.090165
0.093946
0.11018
0.11187
0.11712
0.13199
0.1272
0.11423
0.12026
0.12304
0.1506
0.14908
0.17004
0.18908
0.187
0.17783
0.1935
0.20651
0.22773
0.22834
0.21233
0.23741
0.26667
0.29322
0.31773
0.3335
0.35867
0.35489
0.37307
0.37197
0.37303
0
0
0
0
0
0
0
0
0
0
0
0
0
0
0
0
0
0
0
0
0
0
0
0
0
0
0
0
0
0
0
0
0
0
0
0
0.0094709
0.020572
0.029841
0.039122
0.0043003
0.0048596
0.010158
0.023735
0.042241
0.067191
0.09809
0.11787
0.13056
0.14041
0.15331
0.16979
0.19349
0.20775
0.19021
0.17305
0.16872
0.14734
0.13082
0.12421
0.13009
0.1226
0.12217
0.11179
0.11353
0.11658
0.093066
0.10617
0.10269
0.095897
0.097946
0.095406
0.1031
0.11554
0.12459
0.13608
0.13988
0.13089
0.14206
0.13782
0.15238
0.16208
0.18734
0.20129
0.19925
0.18638
0.19303
0.1951
0.21969
0.21721
0.22914
0.24984
0.27711
0.31107
0.32447
0.3422
0.35848
0.35143
0.37409
0.38062
0.37303
0
0
0
0
0
0
0
0
0
0
0
0
0
0
0
0
0
0
0
0
0
0
0
0
0
0
0
0
0
0
0
0
0
0
0
0
0.007281
0.018896
0.028853
0.027248
0.0045602
0.011316
0.023827
0.03984
0.054664
0.08494
0.12695
0.1621
0.18416
0.18117
0.19282
0.2104
0.20853
0.20194
0.17671
0.15442
0.16205
0.13261
0.11503
0.12966
0.13077
0.13546
0.13714
0.11957
0.10944
0.11421
0.10875
0.10229
0.093402
0.090675
0.084658
0.091514
0.091182
0.086295
0.11279
0.11998
0.12463
0.13951
0.14854
0.15573
0.16709
0.18124
0.19674
0.2109
0.20772
0.21208
0.19678
0.21645
0.23831
0.23484
0.24038
0.23994
0.29071
0.32628
0.32401
0.34186
0.35792
0.35466
0.37417
0.38225
0.37303
0
0
0
0
0
0
0
0
0
0
0
0
0
0
0
0
0
0
0
0
0
0
0
0
0
0
0
0
0
0
0
0
0
0
0
0.00041174
0.0070787
0.012831
0.024424
0.035509
0.0061165
0.022701
0.040017
0.052375
0.06582
0.092343
0.15877
0.2125
0.24392
0.24545
0.24381
0.22724
0.20191
0.17233
0.14191
0.12309
0.15658
0.13722
0.13247
0.12373
0.12219
0.12744
0.11978
0.11688
0.11239
0.10443
0.094348
0.10419
0.087967
0.087546
0.091786
0.079997
0.090514
0.09739
0.10087
0.10888
0.12937
0.13622
0.15268
0.17477
0.17026
0.16593
0.17518
0.20107
0.21358
0.21651
0.22208
0.23003
0.2563
0.24547
0.25633
0.25763
0.30401
0.35224
0.32621
0.32881
0.34804
0.36597
0.36765
0.38332
0.37303
0
0
0
0
0
0
0
0
0
0
0
0
0
0
0
0
0
0
0
0
0
0
0
0
0
0
0
0
0
0
0
0
0
0
0
0
0.0073326
0.014912
0.020844
0.028961
0.0062391
0.022063
0.049015
0.068562
0.09149
0.12168
0.18558
0.25091
0.29995
0.30414
0.26857
0.24166
0.19426
0.15217
0.12833
0.095757
0.15087
0.14528
0.13633
0.1194
0.11845
0.12034
0.11601
0.13023
0.13199
0.12542
0.10986
0.098081
0.097292
0.090269
0.092265
0.091866
0.09904
0.10003
0.10845
0.11876
0.13208
0.13707
0.15473
0.16131
0.14983
0.16126
0.18091
0.20711
0.21273
0.21645
0.22598
0.25242
0.27711
0.26368
0.27318
0.28111
0.30295
0.34585
0.34189
0.33174
0.34036
0.36015
0.37027
0.38124
0.37303
0
0
0
0
0
0
0
0
0
0
0
0
0
0
0
0
0
0
0
0
0
0
0
0
0
0
0
0
0
0
0
0
0
0
0
0.0006232
0.0070459
0.0097085
0.017147
0.018841
0.0068352
0.034044
0.066247
0.10611
0.14218
0.17443
0.23051
0.27842
0.29381
0.27378
0.23444
0.19014
0.15912
0.14556
0.11996
0.094326
0.13315
0.15225
0.13514
0.10685
0.10307
0.10332
0.11127
0.1254
0.12699
0.1461
0.12537
0.10972
0.091614
0.085011
0.10496
0.1042
0.10263
0.10977
0.11675
0.12692
0.13505
0.13672
0.13618
0.14362
0.15361
0.16394
0.18875
0.21436
0.24787
0.2653
0.27451
0.27787
0.29085
0.27842
0.27927
0.28354
0.32544
0.33494
0.33968
0.32797
0.34384
0.3606
0.37441
0.37907
0.37303
0
0
0
0
0
0
0
0
0
0
0
0
0
0
0
0
0
0
0
0
0
0
0
0
0
0
0
0
0
0
0
0
0
0
0
0.00045843
0.0043686
0.013002
0.023723
0.029107
0.010276
0.045088
0.10059
0.13989
0.16598
0.21076
0.25231
0.29862
0.3022
0.26376
0.19275
0.15594
0.12859
0.11514
0.097996
0.083807
0.11928
0.1161
0.12131
0.10489
0.099906
0.1071
0.11886
0.1044
0.1059
0.12806
0.11515
0.11163
0.10434
0.11208
0.1176
0.12696
0.11872
0.11641
0.13466
0.1372
0.14259
0.1497
0.14343
0.15477
0.1573
0.17063
0.19274
0.23629
0.25064
0.28016
0.30298
0.30325
0.30283
0.27856
0.2699
0.26991
0.30687
0.32548
0.33457
0.33603
0.33653
0.36997
0.37591
0.37013
0.37303
0
0
0
0
0
0
0
0
0
0
0
0
0
0
0
0
0
0
0
0
0
0
0
0
0
0
0
0
0
0
0
0
0
0
0
0.00093384
0.0049041
0.014421
0.024309
0.036435
0.018381
0.053851
0.094063
0.1567
0.19113
0.21847
0.2655
0.29506
0.30102
0.27574
0.22361
0.15672
0.13236
0.11145
0.086989
0.085349
0.11192
0.11557
0.11673
0.11498
0.10387
0.11097
0.11054
0.11002
0.10366
0.092818
0.097933
0.10731
0.115
0.13428
0.14793
0.15265
0.13777
0.12671
0.1349
0.13942
0.15075
0.14925
0.15655
0.15138
0.15287
0.17009
0.19467
0.24766
0.26862
0.2901
0.30351
0.30449
0.30167
0.27397
0.25257
0.27194
0.28913
0.31973
0.35164
0.33721
0.34391
0.36628
0.38116
0.3586
0.37303
0
0
0
0
0
0
0
0
0
0
0
0
0
0
0
0
0
0
0
0
0
0
0
0
0
0
0
0
0
0
0
0
0
0
0
0.0013375
0.0037048
0.011392
0.017903
0.026714
0.021156
0.050889
0.10511
0.15005
0.17817
0.25393
0.28678
0.30681
0.30161
0.26579
0.24308
0.21568
0.16761
0.13935
0.1153
0.08787
0.14948
0.15448
0.14028
0.12812
0.1174
0.11958
0.12534
0.11853
0.10529
0.10493
0.1049
0.10373
0.11886
0.13622
0.16439
0.16839
0.17182
0.17062
0.12981
0.12505
0.13733
0.1435
0.16473
0.16331
0.16471
0.16934
0.18266
0.20346
0.25629
0.27467
0.26712
0.30452
0.28117
0.2504
0.23246
0.2529
0.26328
0.29833
0.33571
0.33017
0.33358
0.38162
0.37768
0.35686
0.37303
0
0
0
0
0
0
0
0
0
0
0
0
0
0
0
0
0
0
0
0
0
0
0
0
0
0
0
0
0
0
0
0
0
0
0
0
0.0055153
0.0094583
0.01741
0.024738
0.017046
0.056511
0.085306
0.12089
0.17059
0.23884
0.30916
0.35021
0.35164
0.30797
0.26833
0.22513
0.19331
0.1568
0.13453
0.10883
0.17376
0.16924
0.15925
0.14593
0.12292
0.13279
0.1387
0.13262
0.12864
0.12122
0.12161
0.12067
0.12223
0.12758
0.1477
0.1635
0.16702
0.15402
0.15164
0.14122
0.14281
0.17542
0.17066
0.17488
0.17367
0.16823
0.19037
0.19776
0.25247
0.26742
0.31395
0.29176
0.27247
0.23481
0.21211
0.25381
0.25723
0.28967
0.32719
0.31875
0.33776
0.37261
0.36685
0.35614
0.37303
0
0
0
0
0
0
0
0
0
0
0
0
0
0
0
0
0
0
0
0
0
0
0
0
0
0
0
0
0
0
0
0
0
0
0
0
0.0025275
0.0066112
0.014122
0.020892
0.013625
0.03219
0.068267
0.1162
0.16288
0.21496
0.25174
0.29167
0.29662
0.27823
0.25832
0.22262
0.17989
0.17125
0.14875
0.12387
0.15942
0.15796
0.14653
0.14651
0.14076
0.14025
0.15015
0.15489
0.13951
0.12755
0.12127
0.1243
0.13909
0.13848
0.13116
0.12497
0.14041
0.14999
0.15733
0.17294
0.18152
0.19212
0.20668
0.2183
0.20874
0.21186
0.2144
0.21416
0.26808
0.30467
0.3261
0.32455
0.27893
0.23822
0.21855
0.22682
0.24878
0.28087
0.31337
0.31087
0.33874
0.36289
0.36468
0.35425
0.37303
0
0
0
0
0
0
0
0
0
0
0
0
0
0
0
0
0
0
0
0
0
0
0
0
0
0
0
0
0
0
0
0
0
0
0
0.0016169
0.006852
0.010723
0.017077
0.019335
0.0068098
0.022339
0.051829
0.10902
0.1867
0.24901
0.28386
0.30291
0.31456
0.29944
0.27718
0.23813
0.20638
0.17042
0.15258
0.13409
0.15194
0.14591
0.12843
0.1365
0.14725
0.16172
0.15636
0.14981
0.12685
0.11255
0.1122
0.12837
0.14076
0.13884
0.12982
0.13092
0.12681
0.1533
0.1696
0.18785
0.1806
0.20862
0.22817
0.23558
0.25269
0.24584
0.23785
0.25961
0.3059
0.33407
0.34935
0.31342
0.27493
0.24001
0.21707
0.2294
0.24255
0.28207
0.2911
0.30394
0.34076
0.36313
0.3468
0.35539
0.37303
0
0
0
0
0
0
0
0
0
0
0
0
0
0
0
0
0
0
0
0
0
0
0
0
0
0
0
0
0
0
0
0
0
0
0
0
0.0021116
0.006432
0.010578
0.01257
0.0067135
0.021204
0.0568
0.11335
0.16864
0.24212
0.29264
0.33377
0.36162
0.36239
0.32621
0.26131
0.21268
0.16916
0.15206
0.12953
0.1476
0.14496
0.15479
0.1614
0.16778
0.16205
0.15043
0.15129
0.12612
0.11453
0.1198
0.11233
0.10365
0.11409
0.13761
0.14073
0.15952
0.16556
0.15929
0.17231
0.19018
0.23264
0.23254
0.24082
0.2598
0.26724
0.30624
0.33525
0.37473
0.38449
0.35958
0.31218
0.27393
0.22659
0.23304
0.22498
0.26437
0.27666
0.27974
0.30762
0.36394
0.36058
0.33198
0.35787
0.37303
0
0
0
0
0
0
0
0
0
0
0
0
0
0
0
0
0
0
0
0
0
0
0
0
0
0
0
0
0
0
0
0
0
0
0
0
0.00043472
0.00059758
0.0048292
0.0063893
0.0075922
0.022748
0.0457
0.086253
0.15097
0.2193
0.26345
0.32696
0.3748
0.37832
0.36241
0.31225
0.26668
0.20761
0.16841
0.14781
0.15002
0.15042
0.15261
0.17838
0.18877
0.18403
0.15597
0.14483
0.13002
0.12488
0.12697
0.11404
0.12259
0.11305
0.137
0.15224
0.16792
0.17372
0.17066
0.18695
0.22007
0.22303
0.24201
0.2425
0.24608
0.29761
0.3301
0.35703
0.38294
0.36435
0.37349
0.30997
0.26793
0.23906
0.23052
0.2287
0.25914
0.27706
0.27932
0.30425
0.35054
0.34787
0.33407
0.36285
0.37303
0
0
0
0
0
0
0
0
0
0
0
0
0
0
0
0
0
0
0
0
0
0
0
0
0
0
0
0
0
0
0
0
0
0
0
0
0.0011503
0.0046914
0.0054413
0.0072747
0.02312
0.035538
0.058129
0.10913
0.16509
0.24066
0.30224
0.31652
0.33968
0.35161
0.36734
0.33812
0.28558
0.24199
0.19585
0.16921
0.18538
0.15997
0.1533
0.15248
0.16696
0.17112
0.15593
0.12136
0.12206
0.15269
0.15489
0.14822
0.13834
0.12721
0.12556
0.1506
0.16082
0.1823
0.2023
0.22771
0.25323
0.27099
0.25349
0.23266
0.25525
0.30281
0.33543
0.34797
0.35411
0.32195
0.31986
0.28675
0.27124
0.2633
0.26311
0.25557
0.27428
0.28309
0.28128
0.32663
0.35519
0.37111
0.34528
0.35752
0.37303
0
0
0
0
0
0
0
0
0
0
0
0
0
0
0
0
0
0
0
0
0
0
0
0
0
0
0
0
0
0
0
0
0
0
0
0
0.00060769
0.0021351
0.0044256
0.0039625
0.0099934
0.027062
0.056124
0.13214
0.21399
0.29057
0.34121
0.35067
0.37267
0.36778
0.34041
0.29392
0.24682
0.21591
0.18826
0.15757
0.18901
0.16783
0.14063
0.12741
0.15688
0.16207
0.17025
0.17136
0.17618
0.19806
0.20574
0.18838
0.15421
0.13009
0.12094
0.13227
0.16363
0.18004
0.20427
0.2295
0.2414
0.23939
0.21702
0.24021
0.27304
0.30276
0.32185
0.32628
0.31337
0.30351
0.26333
0.26781
0.27785
0.26623
0.29187
0.30589
0.30796
0.29967
0.29794
0.33561
0.35986
0.36125
0.34938
0.36002
0.37303
0
0
0
0
0
0
0
0
0
0
0
0
0
0
0
0
0
0
0
0
0
0
0
0
0
0
0
0
0
0
0
0
0
0
0
0
0
0.0003903
0
0
0.0111
0.030812
0.06467
0.11977
0.20784
0.31665
0.37448
0.38504
0.37201
0.35198
0.33843
0.28896
0.26182
0.22964
0.20257
0.17654
0.15477
0.12895
0.11097
0.10177
0.11928
0.15203
0.1769
0.18942
0.19035
0.20073
0.19196
0.16721
0.15531
0.14906
0.14385
0.14421
0.16942
0.19094
0.20607
0.21242
0.23163
0.23667
0.2303
0.24527
0.25539
0.27777
0.26847
0.26133
0.2562
0.27092
0.27215
0.27503
0.2913
0.26672
0.30107
0.33945
0.30567
0.31003
0.30894
0.34744
0.36483
0.35381
0.35679
0.3581
0.37303
0
0
0
0
0
0
0
0
0
0
0
0
0
0
0
0
0
0
0
0
0
0
0
0
0
0
0
0
0
0
0
0
0
0
0
0
0
0
0
0
0.010989
0.028588
0.058892
0.11465
0.20537
0.32648
0.40051
0.40754
0.38617
0.34574
0.31847
0.29531
0.27096
0.24476
0.21404
0.17891
0.18865
0.15833
0.12004
0.10737
0.12575
0.1405
0.15607
0.15661
0.14849
0.17477
0.18274
0.19111
0.18772
0.18326
0.18078
0.19562
0.2098
0.20207
0.19766
0.21364
0.20991
0.23712
0.24339
0.26356
0.25105
0.23054
0.24906
0.22925
0.23068
0.24906
0.2853
0.27472
0.29532
0.29924
0.31904
0.34229
0.32449
0.32363
0.32626
0.3419
0.36955
0.35631
0.34815
0.35566
0.37303
0
0
0
0
0
0
0
0
0
0
0
0
0
0
0
0
0
0
0
0
0
0
0
0
0
0
0
0
0
0
0
0
0
0
0
0
0
0
0
0
0.015202
0.038296
0.069207
0.12925
0.21081
0.29401
0.36338
0.38884
0.36623
0.34538
0.32723
0.28692
0.27065
0.22636
0.20832
0.17603
0.16532
0.13936
0.13938
0.14532
0.16136
0.18934
0.19489
0.18969
0.18893
0.19265
0.20023
0.20832
0.20393
0.17163
0.17465
0.17256
0.18871
0.1896
0.16917
0.17446
0.20224
0.25013
0.26068
0.26116
0.25006
0.23715
0.24374
0.24257
0.26175
0.2765
0.28374
0.29232
0.3116
0.33007
0.32993
0.34568
0.33582
0.32056
0.30985
0.33138
0.36655
0.36621
0.34304
0.35602
0.37303
0
0
0
0
0
0
0
0
0
0
0
0
0
0
0
0
0
0
0
0
0
0
0
0
0
0
0
0
0
0
0
0
0
0
0
0
0
0
0
0
0.0078321
0.023427
0.054075
0.10224
0.18738
0.2703
0.33659
0.37392
0.36556
0.37472
0.36056
0.32052
0.28929
0.23343
0.20335
0.18459
0.17581
0.16921
0.1777
0.20423
0.22169
0.24334
0.24915
0.24404
0.21205
0.19807
0.21395
0.2155
0.22424
0.20425
0.16655
0.17417
0.19363
0.20669
0.22024
0.20721
0.21881
0.24745
0.30077
0.31423
0.29962
0.27766
0.26555
0.27127
0.28648
0.2821
0.30546
0.29218
0.30922
0.33285
0.3545
0.36706
0.34643
0.32552
0.3117
0.34503
0.3663
0.36046
0.34789
0.3591
0.37303
0
0
0
0
0
0
0
0
0
0
0
0
0
0
0
0
0
0
0
0
0
0
0
0
0
0
0
0
0
0
0
0
0
0
0
0
0
0
0
0.0012129
0.0031198
0.014861
0.042363
0.090209
0.16413
0.24205
0.29813
0.33077
0.36056
0.35776
0.35179
0.32001
0.27504
0.25916
0.24135
0.21334
0.23162
0.23655
0.23451
0.2598
0.26769
0.29944
0.25891
0.24784
0.25201
0.21283
0.22624
0.28044
0.30178
0.28602
0.25523
0.22879
0.23921
0.26561
0.24717
0.26301
0.27191
0.27931
0.30132
0.3185
0.32425
0.3499
0.32693
0.3018
0.29143
0.2944
0.30343
0.33353
0.32812
0.32845
0.33561
0.37228
0.34
0.31074
0.29905
0.34856
0.36583
0.37832
0.34494
0.3573
0.37303
0
0
0
0
0
0
0
0
0
0
0
0
0
0
0
0
0
0
0
0
0
0
0
0
0
0
0
0
0
0
0
0
0
0
0
0
0
0
0
0
0.0011793
0.0099653
0.034634
0.074369
0.13722
0.23247
0.27779
0.31304
0.34758
0.34823
0.32715
0.30019
0.26722
0.24811
0.23278
0.22134
0.21243
0.23832
0.26777
0.30415
0.30114
0.31579
0.31685
0.31947
0.28654
0.26708
0.27275
0.30429
0.31605
0.29378
0.30163
0.29284
0.28456
0.28252
0.28289
0.30663
0.33459
0.33537
0.31059
0.31457
0.32094
0.34305
0.34514
0.32873
0.33158
0.33663
0.34682
0.37407
0.36697
0.3618
0.37485
0.37578
0.33762
0.29784
0.29559
0.35039
0.35975
0.38139
0.34797
0.3539
0.37303
0
0
0
0
0
0
0
0
0
0
0
0
0
0
0
0
0
0
0
0
0
0
0
0
0
0
0
0
0
0
0
0
0
0
0
0
0
0
0
0
0.0032864
0.01562
0.046065
0.10329
0.18368
0.27166
0.31381
0.32907
0.34415
0.35756
0.35765
0.32616
0.28432
0.25403
0.22962
0.21981
0.15157
0.17952
0.21096
0.24653
0.28741
0.32189
0.32976
0.32512
0.30708
0.30936
0.29991
0.29903
0.30303
0.30991
0.3159
0.34452
0.35533
0.34049
0.3222
0.36455
0.37474
0.36262
0.332
0.32326
0.30122
0.31611
0.33531
0.35026
0.37173
0.38973
0.38601
0.38455
0.42703
0.43546
0.42704
0.36464
0.33307
0.2987
0.29374
0.3581
0.35964
0.38217
0.35642
0.3611
0.37303
0
0
0
0
0
0
0
0
0
0
0
0
0
0
0
0
0
0
0
0
0
0
0
0
0
0
0
0
0
0
0
0
0
0
0
0
0
0
0
0
0.0036791
0.023318
0.054907
0.12892
0.23318
0.30848
0.36861
0.40058
0.41874
0.42987
0.43988
0.40489
0.34135
0.29461
0.2684
0.24575
0.16006
0.16535
0.19684
0.23696
0.28953
0.3204
0.35922
0.36649
0.35934
0.3732
0.36417
0.34297
0.34016
0.34725
0.3646
0.4034
0.42973
0.43912
0.40592
0.41638
0.44581
0.44331
0.40535
0.35969
0.34095
0.31765
0.33678
0.35577
0.36279
0.41472
0.43597
0.44927
0.4637
0.49109
0.47089
0.39928
0.36606
0.30473
0.30023
0.35799
0.36146
0.37817
0.36717
0.35868
0.37303
0
0
0
0
0
0
0
0
0
0
0
0
0
0
0
0
0
0
0
0
0
0
0
0
0
0
0
0
0
0
0
0
0
0
0
0
0
0
0
0
0.0073404
0.023741
0.054939
0.11273
0.214
0.32748
0.41674
0.48821
0.51543
0.51095
0.48018
0.4372
0.40298
0.34302
0.29699
0.26403
0.19243
0.2039
0.22253
0.26041
0.29765
0.35817
0.40697
0.42195
0.43732
0.4402
0.42886
0.42614
0.41119
0.38936
0.42064
0.45176
0.46962
0.52921
0.53475
0.57392
0.55406
0.49199
0.46561
0.39894
0.36123
0.32303
0.316
0.3353
0.35846
0.40184
0.42902
0.48047
0.47677
0.48338
0.4812
0.44517
0.37519
0.31568
0.31756
0.34942
0.35116
0.38322
0.36524
0.35871
0.37303
0
0
0
0
0
0
0
0
0
0
0
0
0
0
0
0
0
0
0
0
0
0
0
0
0
0
0
0
0
0
0
0
0
0
0
0
0
0
0
0
0.0091861
0.026856
0.051414
0.10728
0.22148
0.36059
0.47922
0.57306
0.57995
0.55824
0.52408
0.50659
0.44806
0.39883
0.34121
0.28439
0.23231
0.23724
0.28214
0.32202
0.371
0.43401
0.45375
0.45513
0.41655
0.41632
0.42126
0.41837
0.44656
0.43614
0.45439
0.47349
0.48802
0.56581
0.61178
0.64684
0.64415
0.56038
0.49267
0.41216
0.38308
0.33195
0.31143
0.31363
0.34519
0.35485
0.40918
0.45179
0.47931
0.47106
0.49531
0.44528
0.39869
0.33155
0.32589
0.35977
0.35219
0.38978
0.37086
0.35275
0.37303
0
0
0
0
0
0
0
0
0
0
0
0
0
0
0
0
0
0
0
0
0
0
0
0
0
0
0
0
0
0
0
0
0
0
0
0
0
0
0
0.00037378
0.011292
0.032229
0.070348
0.13053
0.22135
0.35552
0.47587
0.53482
0.5437
0.55367
0.52622
0.53649
0.50556
0.439
0.37689
0.32262
0.26275
0.30403
0.34234
0.37767
0.43294
0.49257
0.55443
0.56111
0.50876
0.46169
0.42521
0.42061
0.43899
0.45928
0.48917
0.50174
0.48822
0.51998
0.55541
0.64096
0.63565
0.59044
0.52554
0.43714
0.40078
0.35016
0.31583
0.3229
0.32844
0.36233
0.39958
0.41404
0.44525
0.50175
0.50231
0.4534
0.39736
0.32613
0.31964
0.35917
0.33882
0.38368
0.36905
0.35133
0.37303
0
0
0
0
0
0
0
0
0
0
0
0
0
0
0
0
0
0
0
0
0
0
0
0
0
0
0
0
0
0
0
0
0
0
0
0
0
0
0
0.0013726
0.0093065
0.059925
0.14651
0.25411
0.34335
0.43678
0.51227
0.5402
0.5645
0.54454
0.55984
0.56457
0.51109
0.45238
0.36498
0.32202
0.26235
0.29625
0.32083
0.3593
0.39511
0.48546
0.54551
0.58785
0.58953
0.52338
0.4735
0.43873
0.44884
0.51671
0.57713
0.5812
0.5625
0.54064
0.53387
0.56085
0.5834
0.59335
0.54317
0.4644
0.41606
0.35977
0.34777
0.34432
0.34669
0.368
0.39186
0.39041
0.39543
0.44923
0.45461
0.43819
0.41126
0.34207
0.33461
0.36809
0.35873
0.38386
0.36986
0.35432
0.37303
0
0
0
0
0
0
0
0
0
0
0
0
0
0
0
0
0
0
0
0
0
0
0
0
0
0
0
0
0
0
0
0
0
0
0
0
0
0
0
0
0.007681
0.06422
0.14898
0.2761
0.40981
0.49404
0.56019
0.59764
0.61216
0.5926
0.59401
0.55679
0.49663
0.42202
0.36881
0.3328
0.24011
0.26812
0.30935
0.32441
0.36214
0.44077
0.46216
0.4753
0.50655
0.50397
0.48395
0.44344
0.47813
0.49852
0.585
0.59783
0.55035
0.51512
0.51453
0.5399
0.57487
0.58971
0.51795
0.46308
0.41019
0.42003
0.42378
0.41707
0.40611
0.40146
0.39113
0.36887
0.38668
0.40302
0.42658
0.41258
0.44728
0.38367
0.36525
0.3725
0.35786
0.41221
0.37432
0.35661
0.37303
0
0
0
0
0
0
0
0
0
0
0
0
0
0
0
0
0
0
0
0
0
0
0
0
0
0
0
0
0
0
0
0
0
0
0
0
0
0
0
0
0.0058233
0.054155
0.16819
0.32995
0.51857
0.59624
0.63487
0.63483
0.60027
0.56216
0.52978
0.47906
0.44902
0.42166
0.37232
0.35165
0.26993
0.33121
0.35953
0.39595
0.42839
0.47215
0.52233
0.53324
0.55689
0.54846
0.57166
0.57108
0.56867
0.62882
0.60147
0.57483
0.55355
0.47765
0.46982
0.49234
0.51756
0.53672
0.53979
0.4931
0.44625
0.45495
0.46911
0.4952
0.48751
0.45858
0.42043
0.41881
0.39863
0.38181
0.40049
0.41693
0.44928
0.41271
0.39481
0.3911
0.36483
0.41316
0.38206
0.36022
0.37303
0
0
0
0
0
0
0
0
0
0
0
0
0
0
0
0
0
0
0
0
0
0
0
0
0
0
0
0
0
0
0
0
0
0
0
0
0
0
0
0
0.0094384
0.049265
0.20959
0.35759
0.55257
0.70071
0.75161
0.706
0.66618
0.62026
0.5532
0.50045
0.4694
0.43774
0.40699
0.36524
0.26418
0.32489
0.37923
0.43886
0.49695
0.53602
0.54807
0.56084
0.60276
0.60166
0.61677
0.63964
0.61528
0.64915
0.67249
0.62516
0.61414
0.54029
0.53277
0.52121
0.57396
0.58684
0.58472
0.53963
0.49419
0.4926
0.52771
0.56827
0.53484
0.51124
0.42985
0.42322
0.3979
0.38883
0.42098
0.43269
0.45448
0.43165
0.408
0.40786
0.37967
0.40966
0.38897
0.36464
0.37303
0
0
0
0
0
0
0
0
0
0
0
0
0
0
0
0
0
0
0
0
0
0
0
0
0
0
0
0
0
0
0
0
0
0
0
0
0
0
0
0
0.0084118
0.057521
0.16261
0.30193
0.49406
0.57813
0.65735
0.72521
0.67958
0.5991
0.55686
0.51604
0.49168
0.44798
0.41512
0.37019
0.30946
0.30608
0.36431
0.42848
0.49622
0.52407
0.50835
0.54626
0.53492
0.58665
0.53431
0.527
0.55901
0.60187
0.60357
0.57965
0.59075
0.57378
0.56384
0.53269
0.53076
0.53711
0.57517
0.54244
0.49055
0.44035
0.51486
0.53379
0.52331
0.50008
0.42743
0.40566
0.39631
0.37284
0.40914
0.44116
0.43832
0.44173
0.43523
0.42052
0.39864
0.41572
0.38542
0.36573
0.37303
0
0
0
0
0
0
0
0
0
0
0
0
0
0
0
0
0
0
0
0
0
0
0
0
0
0
0
0
0
0
0
0
0
0
0
0
0
0
0
0
0.0058493
0.086848
0.27867
0.45422
0.63959
0.76238
0.80272
0.75969
0.71272
0.67179
0.61199
0.56969
0.55165
0.48181
0.42426
0.36334
0.30293
0.32367
0.36092
0.4309
0.5414
0.57272
0.67594
0.70893
0.68363
0.64766
0.60104
0.65028
0.67549
0.66055
0.6504
0.60154
0.57104
0.5828
0.58269
0.51881
0.53655
0.48523
0.48335
0.46685
0.44077
0.42254
0.45287
0.48788
0.4874
0.47588
0.42067
0.37446
0.3729
0.3604
0.37276
0.41543
0.48227
0.47167
0.46218
0.41941
0.41636
0.42877
0.39235
0.36589
0.37303
0
0
0
0
0
0
0
0
0
0
0
0
0
0
0
0
0
0
0
0
0
0
0
0
0
0
0
0
0
0
0
0
0
0
0
0
0
0
0
0
0.038226
0.11327
0.26312
0.51801
0.7448
0.86756
0.87001
0.77112
0.71127
0.67677
0.6477
0.59029
0.53232
0.50596
0.43515
0.40472
0.33702
0.38227
0.39962
0.42379
0.48965
0.58686
0.71068
0.75862
0.78516
0.76154
0.77087
0.75088
0.78429
0.76151
0.66535
0.63829
0.64555
0.67092
0.63518
0.59917
0.5318
0.49096
0.48609
0.47126
0.46372
0.45091
0.42726
0.44392
0.48191
0.41857
0.41467
0.36305
0.36241
0.34535
0.37049
0.47717
0.48925
0.51028
0.48984
0.42578
0.41601
0.43008
0.39797
0.36664
0.37303
0
0
0
0
0
0
0
0
0
0
0
0
0
0
0
0
0
0
0
0
0
0
0
0
0
0
0
0
0
0
0
0
0
0
0
0
0
0
0
0
0.0061246
0.030248
0.13799
0.35643
0.56729
0.73923
0.79613
0.7617
0.72873
0.66767
0.59708
0.56864
0.5435
0.5081
0.48306
0.43808
0.40488
0.45325
0.46914
0.48756
0.49237
0.52961
0.61752
0.66332
0.70714
0.70096
0.71843
0.7712
0.76199
0.75665
0.71004
0.68652
0.73385
0.75634
0.73298
0.73953
0.67288
0.58186
0.51545
0.51083
0.49849
0.46617
0.47437
0.42823
0.44622
0.42131
0.38381
0.3802
0.37377
0.3683
0.3844
0.48951
0.49194
0.52241
0.48587
0.46035
0.43962
0.44514
0.4109
0.37243
0.37303
0
0
0
0
0
0
0
0
0
0
0
0
0
0
0
0
0
0
0
0
0
0
0
0
0
0
0
0
0
0
0
0
0
0
0
0
0
0
0
0
0.0089692
0.039221
0.14029
0.31373
0.51859
0.67409
0.76718
0.7823
0.69967
0.66764
0.62659
0.59713
0.547
0.4691
0.43512
0.40837
0.40414
0.4181
0.43914
0.47726
0.51039
0.55117
0.64944
0.67995
0.70987
0.70063
0.70847
0.75807
0.79996
0.80072
0.76178
0.7424
0.77809
0.84167
0.86308
0.8384
0.78986
0.72148
0.62535
0.62571
0.57237
0.53802
0.47633
0.43048
0.44994
0.44272
0.45707
0.46222
0.39105
0.36955
0.43524
0.48544
0.52937
0.55114
0.51556
0.47094
0.43632
0.44023
0.43509
0.3788
0.37303
0
0
0
0
0
0
0
0
0
0
0
0
0
0
0
0
0
0
0
0
0
0
0
0
0
0
0
0
0
0
0
0
0
0
0
0
0
0
0
0
0.009699
0.042761
0.13681
0.28586
0.45072
0.61118
0.70604
0.6872
0.64408
0.6298
0.64231
0.62995
0.61313
0.52041
0.44406
0.4199
0.38596
0.43697
0.48702
0.50373
0.58225
0.60433
0.63786
0.68864
0.7525
0.75061
0.74947
0.76586
0.78966
0.79361
0.76051
0.75887
0.81871
0.84078
0.93875
1
0.91615
0.86185
0.81977
0.75539
0.65647
0.61116
0.48086
0.44844
0.4487
0.48909
0.48301
0.44606
0.43405
0.39373
0.43328
0.4849
0.53938
0.55416
0.49546
0.48451
0.43796
0.45554
0.44825
0.37703
0.37303
0
0
0
0
0
0
0
0
0
0
0
0
0
0
0
0
0
0
0
0
0
0
0
0
0
0
0
0
0
0
0
0
0
0
0
0
0
0
0
0.00045994
0.0093317
0.04686
0.13994
0.27858
0.45262
0.60657
0.69242
0.70045
0.69871
0.67273
0.71452
0.68818
0.63329
0.53835
0.45796
0.3998
0.40005
0.46244
0.49738
0.55148
0.55376
0.58799
0.65655
0.73163
0.76451
0.80027
0.76145
0.76937
0.81255
0.818
0.83942
0.78296
0.76939
0.82103
0.89766
0.912
0.90233
0.8401
0.781
0.74608
0.68796
0.62231
0.5138
0.48318
0.46411
0.47344
0.49405
0.4825
0.45945
0.4339
0.44768
0.49664
0.52356
0.5375
0.47182
0.49389
0.46089
0.46133
0.45446
0.38332
0.37303
0
0
0
0
0
0
0
0
0
0
0
0
0
0
0
0
0
0
0
0
0
0
0
0
0
0
0
0
0
0
0
0
0
0
0
0
0
0
0
0
0.01451
0.059504
0.15329
0.29081
0.48146
0.60419
0.73644
0.76434
0.73192
0.70102
0.69905
0.66282
0.6092
0.51809
0.44667
0.4021
0.49644
0.5332
0.50519
0.50439
0.53276
0.58432
0.62437
0.70074
0.77297
0.80635
0.82016
0.83787
0.9134
0.97508
0.91261
0.88113
0.79511
0.82388
0.80648
0.80621
0.81912
0.7536
0.70151
0.66444
0.63484
0.57583
0.52548
0.55236
0.55507
0.50842
0.54173
0.49628
0.46597
0.4642
0.46488
0.48977
0.54229
0.5464
0.48374
0.51029
0.474
0.46353
0.45813
0.38481
0.37303
0
0
0
0
0
0
0
0
0
0
0
0
0
0
0
0
0
0
0
0
0
0
0
0
0
0
0
0
0
0
0
0
0
0
0
0
0
0
0
0
0.014576
0.059836
0.16107
0.29307
0.46774
0.62068
0.74503
0.75861
0.73531
0.69458
0.61318
0.61999
0.5504
0.47901
0.43574
0.40626
0.55764
0.56414
0.56308
0.62203
0.61363
0.65346
0.6585
0.65393
0.64966
0.70719
0.77691
0.8865
0.93959
0.96742
0.91586
0.90628
0.84193
0.7985
0.76672
0.74612
0.73506
0.72823
0.67759
0.59397
0.50772
0.52429
0.56377
0.62913
0.6348
0.58858
0.55981
0.46414
0.4429
0.44214
0.43676
0.47038
0.5541
0.53321
0.45585
0.50219
0.48685
0.47007
0.46289
0.37969
0.37303
0
0
0
0
0
0
0
0
0
0
0
0
0
0
0
0
0
0
0
0
0
0
0
0
0
0
0
0
0
0
0
0
0
0
0
0
0
0
0
0
0.011207
0.062407
0.15049
0.2836
0.45872
0.60969
0.76331
0.82342
0.8311
0.7932
0.74101
0.66613
0.58118
0.52554
0.44058
0.40629
0.46353
0.52048
0.57866
0.61187
0.62623
0.66246
0.60298
0.61468
0.59508
0.6452
0.72332
0.76391
0.81961
0.83249
0.8355
0.84422
0.8615
0.80355
0.77536
0.74163
0.73805
0.70834
0.64981
0.57778
0.51733
0.52602
0.60487
0.69357
0.69176
0.65936
0.59385
0.45123
0.43817
0.42175
0.46352
0.45844
0.48737
0.4834
0.46389
0.51116
0.47963
0.47559
0.464
0.3881
0.37303
0
0
0
0
0
0
0
0
0
0
0
0
0
0
0
0
0
0
0
0
0
0
0
0
0
0
0
0
0
0
0
0
0
0
0
0
0
0
0
0
0.010923
0.053662
0.15184
0.27993
0.43725
0.56702
0.72193
0.82423
0.83025
0.79325
0.73603
0.69196
0.63472
0.59549
0.50117
0.42711
0.36168
0.38322
0.44715
0.46793
0.49254
0.53807
0.56727
0.63462
0.65961
0.68845
0.70899
0.71624
0.73822
0.78353
0.82293
0.82941
0.8166
0.82069
0.79056
0.76884
0.77367
0.71692
0.62275
0.54472
0.53383
0.54241
0.59604
0.72663
0.74254
0.72645
0.60825
0.5066
0.45987
0.41174
0.43663
0.44464
0.45394
0.47375
0.44502
0.49926
0.48241
0.46414
0.46325
0.39527
0.37303
0
0
0
0
0
0
0
0
0
0
0
0
0
0
0
0
0
0
0
0
0
0
0
0
0
0
0
0
0
0
0
0
0
0
0
0
0
0
0
0
0.0062525
0.044009
0.13297
0.23073
0.38255
0.51391
0.64381
0.80888
0.88
0.87074
0.80158
0.77434
0.7459
0.67665
0.60013
0.53625
0.28886
0.31427
0.35162
0.37893
0.4417
0.54593
0.61394
0.6611
0.68261
0.66034
0.62946
0.63147
0.62494
0.67651
0.75124
0.79346
0.80348
0.79046
0.80688
0.76067
0.71221
0.59076
0.50727
0.50798
0.53125
0.56517
0.60363
0.67337
0.79902
0.76021
0.59354
0.53679
0.45062
0.42481
0.41207
0.43205
0.45575
0.4451
0.43225
0.46055
0.48246
0.46899
0.47368
0.39614
0.37303
0
0
0
0
0
0
0
0
0
0
0
0
0
0
0
0
0
0
0
0
0
0
0
0
0
0
0
0
0
0
0
0
0
0
0
0
0
0
0
0
0.0094492
0.043641
0.1235
0.22622
0.35359
0.50203
0.66178
0.85404
0.91108
0.9046
0.81643
0.76027
0.71288
0.68224
0.64127
0.56072
0.29569
0.31691
0.34852
0.39961
0.47879
0.60055
0.68331
0.74532
0.67574
0.62024
0.63009
0.63906
0.63914
0.65776
0.67304
0.73893
0.77208
0.76627
0.74776
0.70886
0.64786
0.5613
0.53158
0.56943
0.55705
0.54926
0.59184
0.61755
0.72366
0.71984
0.65278
0.56723
0.50128
0.45231
0.44024
0.42173
0.42694
0.42399
0.40276
0.43108
0.45969
0.47364
0.4851
0.40263
0.37303
0
0
0
0
0
0
0
0
0
0
0
0
0
0
0
0
0
0
0
0
0
0
0
0
0
0
0
0
0
0
0
0
0
0
0
0
0
0
0
0
0.011791
0.044798
0.097819
0.18565
0.30158
0.49055
0.70394
0.8718
0.91955
0.84718
0.77972
0.68632
0.65055
0.63064
0.61247
0.56514
0.32859
0.3391
0.34341
0.37113
0.43258
0.53395
0.61257
0.68144
0.70815
0.74693
0.73206
0.73603
0.73021
0.70953
0.71112
0.71534
0.76022
0.7553
0.71067
0.68785
0.66641
0.65239
0.61412
0.58989
0.61694
0.60701
0.57301
0.62693
0.70042
0.7502
0.7059
0.61915
0.52899
0.47599
0.43951
0.43077
0.43171
0.42035
0.40053
0.41983
0.44911
0.48055
0.49132
0.4041
0.37303
0
0
0
0
0
0
0
0
0
0
0
0
0
0
0
0
0
0
0
0
0
0
0
0
0
0
0
0
0
0
0
0
0
0
0
0
0
0
0
0
0.0070482
0.029386
0.067718
0.13412
0.27776
0.53008
0.76193
0.89228
0.89538
0.84259
0.77013
0.70423
0.65343
0.59627
0.54646
0.52288
0.4259
0.39524
0.41157
0.4403
0.45607
0.48995
0.55598
0.69168
0.74702
0.76567
0.81909
0.82098
0.80818
0.81816
0.76237
0.76339
0.73798
0.71303
0.67165
0.66963
0.67909
0.70696
0.78932
0.77759
0.71277
0.65953
0.66252
0.72469
0.71211
0.69939
0.6809
0.59438
0.54667
0.5021
0.4637
0.42146
0.41987
0.41829
0.4044
0.41506
0.45427
0.48194
0.48147
0.41256
0.37303
0
0
0
0
0
0
0
0
0
0
0
0
0
0
0
0
0
0
0
0
0
0
0
0
0
0
0
0
0
0
0
0
0
0
0
0
0
0
0
0
0.0092883
0.037726
0.088702
0.17412
0.34701
0.53065
0.70181
0.82503
0.86527
0.87075
0.8804
0.81866
0.70577
0.60679
0.54594
0.53245
0.5125
0.52321
0.49941
0.54292
0.58599
0.58042
0.61125
0.70054
0.7574
0.79261
0.77907
0.81743
0.8667
0.86661
0.77089
0.70455
0.67074
0.64467
0.63423
0.60096
0.68975
0.79088
0.83031
0.83057
0.80649
0.78329
0.7778
0.79479
0.74504
0.73386
0.66593
0.64376
0.5726
0.51236
0.48552
0.432
0.42344
0.42035
0.38398
0.40774
0.46212
0.47959
0.48374
0.41242
0.37303
