0
0
0
0
0
0
0
0
0
0
0
0
0
0
0
0
0
0
0
0
0
0
0
0
0
0
0
0
0
0
0
0
0
0
0
0
0
0
0
0
0
0
0
0
0
0
0
0
0
0
0
0
0
0
0
8.0423e-05
0.0012325
0.003482
0.0063932
0.00857
0.0090612
0.0089273
0.0079271
0.0070373
0.0063249
0.0063122
0.0066623
0.0066633
0.0068782
0.0068344
0.0070879
0.0070656
0.0070964
0.0071795
0.0072594
0.0077268
0.0076188
0.0076183
0.0075823
0.0076177
0.0078887
0.0081351
0.0075041
0.0070728
0.0067305
0.0065452
0.0065186
0.0064379
0.0065582
0.0063681
0.0062428
0.0062106
0.0060347
0.0060065
0.0061071
0.0059237
0.0057459
0.0057485
0.0056832
0.0057076
0.0055184
0
0
0
0
0
0
0
0
0
0
0
0
0
0
0
0
0
0
0
0
0
0
0
0
0
0
0
0
0
0
0
0
0
0
0
0
0
0
0
0
0
0
0
0
0
0
0
0
0
0
0
0
0
0
0
0.00012927
0.0014516
0.0036702
0.0065356
0.0085679
0.0093156
0.0092071
0.0085501
0.0076948
0.0073054
0.0068542
0.0067254
0.0070139
0.006902
0.0069328
0.0070159
0.0070509
0.0070125
0.0072911
0.0074968
0.0079341
0.0077183
0.0077949
0.007794
0.0085038
0.0086268
0.0086451
0.0081432
0.0070951
0.0065805
0.0062013
0.0064567
0.0065383
0.0064454
0.006391
0.0061468
0.0060472
0.0061341
0.0062506
0.0062063
0.0058955
0.0057935
0.0057889
0.0057165
0.0057316
0.0055184
0
0
0
0
0
0
0
0
0
0
0
0
0
0
0
0
0
0
0
0
0
0
0
0
0
0
0
0
0
0
0
0
0
0
0
0
0
0
0
0
0
0
0
0
0
0
0
0
0
0
0
0
0
0
0
0.00016422
0.001211
0.0034537
0.0057517
0.0073546
0.0080279
0.0079798
0.0080343
0.007352
0.0069666
0.0068623
0.0067075
0.0066201
0.0065824
0.0066186
0.0067302
0.0067034
0.0066565
0.0069202
0.0073187
0.0077007
0.0078361
0.0077941
0.0075618
0.0082755
0.0085441
0.0085126
0.0083198
0.007019
0.006436
0.0059573
0.0063442
0.006451
0.00642
0.0064401
0.0060467
0.0061233
0.006217
0.0062357
0.0061984
0.0059613
0.0058113
0.0058797
0.0057305
0.0057294
0.0055184
0
0
0
0
0
0
0
0
0
0
0
0
0
0
0
0
0
0
0
0
0
0
0
0
0
0
0
0
0
0
0
0
0
0
0
0
0
0
0
0
0
0
0
0
0
0
0
0
0
0
0
0
0
0
0
8.7752e-05
0.0010458
0.003291
0.0055021
0.0072605
0.0078284
0.0073113
0.0070131
0.006924
0.0067839
0.0066143
0.0069177
0.0068103
0.0066081
0.0065089
0.0066047
0.0067159
0.0069151
0.0068785
0.0068543
0.0071176
0.0074439
0.0074923
0.0075473
0.0074858
0.0081092
0.0081727
0.0075384
0.0070686
0.0065048
0.0061694
0.0063501
0.0065864
0.0065391
0.006189
0.0060403
0.0059526
0.0061658
0.0062936
0.0060491
0.0059898
0.0057399
0.0058826
0.005757
0.005731
0.0055184
0
0
0
0
0
0
0
0
0
0
0
0
0
0
0
0
0
0
0
0
0
0
0
0
0
0
0
0
0
0
0
0
0
0
0
0
0
0
0
0
0
0
0
0
0
0
0
0
0
0
0
0
0
0
0
0.00013816
0.0012173
0.0033635
0.0059836
0.0079625
0.0084052
0.0080751
0.0079449
0.0072657
0.0073421
0.0071525
0.0070446
0.0072943
0.0070878
0.0066313
0.0066525
0.0068876
0.0069677
0.0071039
0.0069105
0.0068662
0.0070669
0.0073667
0.0074493
0.0072821
0.0072178
0.0071192
0.0071979
0.0069855
0.0065989
0.0063938
0.0064749
0.0065554
0.0067466
0.0061596
0.0060542
0.0059048
0.0059888
0.0063924
0.0061215
0.0059905
0.0056899
0.0059536
0.0057491
0.0057701
0.0055184
0
0
0
0
0
0
0
0
0
0
0
0
0
0
0
0
0
0
0
0
0
0
0
0
0
0
0
0
0
0
0
0
0
0
0
0
0
0
0
0
0
0
0
0
0
0
0
0
0
0
0
0
0
0
0
0.0002576
0.0016136
0.0040571
0.0067804
0.0084367
0.0086497
0.0083204
0.0078686
0.0074365
0.0070393
0.0068052
0.0068325
0.0071263
0.0069165
0.0066211
0.0065677
0.0064917
0.0069061
0.0069457
0.0068117
0.0069507
0.0068719
0.0071201
0.0072482
0.0073625
0.0070879
0.0070272
0.0071232
0.0068244
0.0065134
0.0065842
0.0064997
0.0065679
0.0066509
0.0062273
0.0061237
0.0060475
0.0060344
0.0063799
0.0062192
0.005962
0.0056891
0.0058999
0.0057417
0.0057618
0.0055184
0
0
0
0
0
0
0
0
0
0
0
0
0
0
0
0
0
0
0
0
0
0
0
0
0
0
0
0
0
0
0
0
0
0
0
0
0
0
0
0
0
0
0
0
0
0
0
0
0
0
0
0
0
0
0
0.00020885
0.0016873
0.0046152
0.0073506
0.0092049
0.009424
0.0089633
0.0085809
0.007863
0.0074519
0.0068766
0.0068082
0.006942
0.0068283
0.0064811
0.0063068
0.0064165
0.0067665
0.0069537
0.0070725
0.0069162
0.0071471
0.0070564
0.0071405
0.0071924
0.0070878
0.0071436
0.0069227
0.0067734
0.0066024
0.0065787
0.0064522
0.006479
0.006364
0.0061083
0.0062301
0.006127
0.0061638
0.0063594
0.006257
0.0058586
0.0057094
0.0058085
0.0056957
0.0057494
0.0055184
0
0
0
0
0
0
0
0
0
0
0
0
0
0
0
0
0
0
0
0
0
0
0
0
0
0
0
0
0
0
0
0
0
0
0
0
0
0
0
0
0
0
0
0
0
0
0
0
0
0
0
0
0
0
0
0.00016075
0.001466
0.0045862
0.007958
0.0098523
0.0099797
0.0093449
0.0085144
0.0079761
0.0071002
0.0068287
0.0067419
0.0064105
0.0062968
0.0063785
0.0065388
0.0066805
0.0066972
0.0068298
0.0071259
0.0070192
0.0069316
0.0066336
0.006656
0.0068894
0.007085
0.0069748
0.0068632
0.0067699
0.0065525
0.0064847
0.0063592
0.0062625
0.0063267
0.0061852
0.0060628
0.0061007
0.0062454
0.0063669
0.0061591
0.0057493
0.0055755
0.0057515
0.0056489
0.0057911
0.0055184
0
0
0
0
0
0
0
0
0
0
0
0
0
0
0
0
0
0
0
0
0
0
0
0
0
0
0
0
0
0
0
0
0
0
0
0
0
0
0
0
0
0
0
0
0
0
0
0
0
0
0
0
0
0
0
0.0001021
0.0011558
0.0038983
0.0068699
0.0096314
0.01
0.0087856
0.0078763
0.0072554
0.0068643
0.0064494
0.0061116
0.0060092
0.0061939
0.006164
0.0064566
0.0068505
0.007017
0.0072739
0.0071487
0.0071934
0.0070459
0.006928
0.0068613
0.0068242
0.0067747
0.0068347
0.0066014
0.0066149
0.0064216
0.0063023
0.0062347
0.0060797
0.0061066
0.0062101
0.0059677
0.0061245
0.0062877
0.0061249
0.0061135
0.005683
0.0055018
0.0056902
0.0056832
0.0057994
0.0055184
0
0
0
0
0
0
0
0
0
0
0
0
0
0
0
0
0
0
0
0
0
0
0
0
0
0
0
0
0
0
0
0
0
0
0
0
0
0
0
0
0
0
0
0
0
0
0
0
0
0
0
0
0
0
0
0.00010634
0.0010967
0.0034654
0.0068671
0.0090929
0.0097731
0.0090165
0.0077182
0.0069937
0.0065743
0.0062408
0.0061157
0.0059693
0.005968
0.0063471
0.0063783
0.0064225
0.0067255
0.0068161
0.0068596
0.0071149
0.0072862
0.0070932
0.0069608
0.0065951
0.0067382
0.0066293
0.0065351
0.0064772
0.0063569
0.0062017
0.0061023
0.0060222
0.0059634
0.0060716
0.0057845
0.0060847
0.0061643
0.0060906
0.0060099
0.0056691
0.0054938
0.0056126
0.0057334
0.0057436
0.0055184
0
0
0
0
0
0
0
0
0
0
0
0
0
0
0
0
0
0
0
0
0
0
0
0
0
0
0
0
0
0
0
0
0
0
0
0
0
0
0
0
0
0
0
0
0
0
0
0
0
0
0
0
0
0
0
0.00018632
0.0012913
0.0032704
0.0061804
0.0081346
0.0086528
0.0076751
0.0069539
0.0067917
0.0064517
0.0064629
0.0065643
0.0064111
0.0064074
0.0062284
0.0061398
0.0061445
0.0060528
0.0061634
0.006537
0.0070055
0.0071471
0.0070516
0.0068507
0.0065845
0.006488
0.0064443
0.0061945
0.0063229
0.0061936
0.0061415
0.0059712
0.0059406
0.0057945
0.0058629
0.0058866
0.005922
0.0060759
0.0059718
0.0058077
0.0056161
0.0055281
0.0056265
0.0057624
0.0057027
0.0055184
0
0
0
0
0
0
0
0
0
0
0
0
0
0
0
0
0
0
0
0
0
0
0
0
0
0
0
0
0
0
0
0
0
0
0
0
0
0
0
0
0
0
0
0
0
0
0
0
0
0
0
0
0
0
0
0.00012018
0.001177
0.0031308
0.0058088
0.0075734
0.0082395
0.008136
0.0073687
0.0071416
0.0068646
0.0066345
0.006593
0.0063998
0.0064099
0.006112
0.0061018
0.00602
0.0060138
0.0061507
0.0062556
0.006512
0.0068411
0.0067523
0.0066975
0.0063776
0.0064739
0.0064805
0.0063273
0.0063057
0.0062178
0.0060754
0.0058945
0.0057674
0.005795
0.0058128
0.005835
0.0058589
0.0059908
0.0059962
0.0057107
0.0055754
0.0055486
0.0055371
0.0057418
0.0056796
0.0055184
0
0
0
0
0
0
0
0
0
0
0
0
0
0
0
0
0
0
0
0
0
0
0
0
0
0
0
0
0
0
0
0
0
0
0
0
0
0
0
0
0
0
0
0
0
0
0
0
0
0
0
0
0
0
0
0.00019968
0.0017231
0.0043786
0.0069908
0.0089999
0.0090022
0.0082148
0.0073526
0.0067584
0.006686
0.0064053
0.0062989
0.0061634
0.0060784
0.0061251
0.0061717
0.0061082
0.006151
0.0060156
0.0060236
0.0064952
0.0065064
0.0062014
0.0063118
0.0062089
0.0064386
0.0063272
0.0062882
0.0063505
0.0060925
0.0059715
0.0058964
0.0057675
0.0058217
0.0057393
0.0057938
0.0058617
0.0059448
0.0059893
0.0057355
0.0055373
0.0055338
0.0055508
0.0057032
0.0056656
0.0055184
0
0
0
0
0
0
0
0
0
0
0
0
0
0
0
0
0
0
0
0
0
0
0
0
0
0
0
0
0
0
0
0
0
0
0
0
0
0
0
0
0
0
0
0
0
0
0
0
0
0
0
0
0
0
0
0.00015102
0.0018171
0.0046015
0.0076611
0.0094335
0.009165
0.0081667
0.0069718
0.0063758
0.0060006
0.0058255
0.0058469
0.0057704
0.005616
0.0056928
0.0059082
0.0060918
0.0059276
0.0059706
0.0060867
0.0060628
0.0061744
0.006044
0.0059368
0.0061317
0.0063261
0.0062349
0.0059758
0.0059106
0.0059071
0.0059356
0.0058072
0.0058708
0.0058469
0.0058991
0.0058517
0.0059697
0.0058821
0.006031
0.0057251
0.0054783
0.0055685
0.0055922
0.0056575
0.0056792
0.0055184
0
0
0
0
0
0
0
0
0
0
0
0
0
0
0
0
0
0
0
0
0
0
0
0
0
0
0
0
0
0
0
0
0
0
0
0
0
0
0
0
0
0
0
0
0
0
0
0
0
0
0
0
0
0
0
7.6567e-05
0.001451
0.0043947
0.0072104
0.0093484
0.0092629
0.008045
0.0073791
0.006382
0.0059603
0.0057392
0.0053897
0.0052993
0.0052457
0.0055365
0.0058459
0.0058648
0.0058038
0.0055827
0.0059102
0.0060488
0.0060968
0.0058296
0.0057507
0.0058533
0.0060644
0.0058846
0.0057939
0.0056557
0.0056246
0.0057609
0.0059354
0.0061485
0.0062775
0.0061064
0.0059125
0.0061001
0.0058675
0.0059229
0.0057267
0.0054019
0.0054923
0.0055781
0.0055921
0.0056556
0.0055184
0
0
0
0
0
0
0
0
0
0
0
0
0
0
0
0
0
0
0
0
0
0
0
0
0
0
0
0
0
0
0
0
0
0
0
0
0
0
0
0
0
0
0
0
0
0
0
0
0
0
0
0
0
0
0
0.00011369
0.0011604
0.0034753
0.0066681
0.0086458
0.008927
0.0077979
0.0068569
0.0061255
0.0055179
0.0053044
0.0050492
0.0049859
0.0050635
0.0051257
0.0054023
0.0056526
0.0055624
0.0057404
0.0057932
0.0059064
0.0059296
0.0056609
0.0058729
0.0060654
0.0059753
0.0057949
0.0056175
0.0054792
0.0053332
0.0054429
0.0061126
0.0062758
0.0063868
0.0062157
0.0059752
0.0061266
0.0059533
0.0058661
0.0056986
0.0054489
0.0055041
0.0055459
0.0055614
0.0056526
0.0055184
0
0
0
0
0
0
0
0
0
0
0
0
0
0
0
0
0
0
0
0
0
0
0
0
0
0
0
0
0
0
0
0
0
0
0
0
0
0
0
0
0
0
0
0
0
0
0
0
0
0
0
0
0
0
0
0.00014571
0.0010253
0.0033273
0.0062063
0.0084214
0.0087442
0.0076722
0.0065921
0.0054524
0.0051083
0.0045022
0.0047352
0.004886
0.0047312
0.0049286
0.005008
0.0051125
0.005335
0.0055791
0.0056419
0.005838
0.0056429
0.0055912
0.005844
0.0056929
0.0056679
0.0056029
0.0054865
0.0052013
0.0052807
0.0056096
0.0059329
0.0062347
0.0061847
0.0061606
0.0058947
0.0059798
0.0059059
0.0058671
0.0055965
0.0053899
0.0055097
0.0055212
0.0056189
0.0056266
0.0055184
0
0
0
0
0
0
0
0
0
0
0
0
0
0
0
0
0
0
0
0
0
0
0
0
0
0
0
0
0
0
0
0
0
0
0
0
0
0
0
0
0
0
0
0
0
0
0
0
0
0
0
0
0
0
0
0.00012072
0.00095551
0.0033269
0.0058831
0.0080047
0.008221
0.007193
0.0065117
0.0054031
0.0048789
0.0046476
0.0045462
0.0046846
0.0047772
0.0048763
0.005002
0.0051429
0.0052647
0.0054269
0.0056696
0.0055959
0.0054597
0.0052979
0.0055102
0.0056026
0.0056313
0.0054947
0.0051824
0.0051697
0.0052634
0.0053514
0.005782
0.0060428
0.0061329
0.005907
0.0057404
0.0057786
0.0057996
0.0057991
0.0054897
0.0053645
0.0054902
0.0055499
0.0055915
0.0056104
0.0055184
0
0
0
0
0
0
0
0
0
0
0
0
0
0
0
0
0
0
0
0
0
0
0
0
0
0
0
0
0
0
0
0
0
0
0
0
0
0
0
0
0
0
0
0
0
0
0
0
0
0
0
0
0
0
0
0.00012734
0.0011993
0.0033317
0.005814
0.0077887
0.0083381
0.00754
0.006354
0.0053383
0.005096
0.0045338
0.0043811
0.0042767
0.0045072
0.0045305
0.004831
0.0049803
0.0051207
0.0053588
0.0054979
0.0052755
0.0051623
0.0051892
0.0053289
0.0053669
0.0054469
0.0051658
0.0051893
0.0052991
0.0051492
0.0052341
0.0057945
0.0059196
0.0059776
0.005823
0.0056045
0.0055401
0.0057256
0.0056703
0.0055115
0.0054287
0.0054325
0.0055354
0.0056203
0.0055785
0.0055184
0
0
0
0
0
0
0
0
0
0
0
0
0
0
0
0
0
0
0
0
0
0
0
0
0
0
0
0
0
0
0
0
0
0
0
0
0
0
0
0
0
0
0
0
0
0
0
0
0
0
0
0
0
0
0
0.0001105
0.0010386
0.0032295
0.005772
0.0074505
0.0076093
0.0070225
0.0063529
0.0054331
0.0049189
0.0044516
0.0042457
0.0041126
0.0042017
0.0042679
0.0043232
0.0045174
0.0047476
0.0051342
0.0051947
0.0052125
0.0052996
0.0054309
0.0055076
0.0055893
0.0054972
0.0052802
0.0050219
0.0051656
0.0051491
0.0052939
0.0055333
0.0056117
0.0055896
0.0055922
0.005497
0.0053099
0.0054936
0.0055961
0.0053934
0.0053818
0.0053486
0.0055155
0.0055916
0.005566
0.0055184
0
0
0
0
0
0
0
0
0
0
0
0
0
0
0
0
0
0
0
0
0
0
0
0
0
0
0
0
0
0
0
0
0
0
0
0
0
0
0
0
0
0
0
0
0
0
0
0
0
0
0
0
0
0
0
6.2607e-05
0.00089723
0.0031408
0.0056627
0.0074422
0.0075745
0.006634
0.0058518
0.0052086
0.0045548
0.004169
0.0040943
0.0041152
0.0041035
0.0040073
0.0040635
0.0040021
0.0040536
0.0044388
0.0047582
0.0051553
0.0052628
0.0053009
0.0054672
0.0054825
0.0053733
0.0050816
0.0049652
0.0051217
0.0053084
0.0053805
0.0053824
0.0053798
0.0054723
0.0054252
0.0053365
0.0052521
0.0053402
0.0054425
0.0053588
0.0053439
0.0053267
0.0055472
0.0055353
0.0055309
0.0055184
0
0
0
0
0
0
0
0
0
0
0
0
0
0
0
0
0
0
0
0
0
0
0
0
0
0
0
0
0
0
0
0
0
0
0
0
0
0
0
0
0
0
0
0
0
0
0
0
0
0
0
0
0
0
0
5.6396e-05
0.00078116
0.0025935
0.0050615
0.0065746
0.0069697
0.0064203
0.0054369
0.004958
0.0044475
0.0042
0.0039991
0.0039019
0.0039078
0.0040384
0.0039734
0.0040175
0.0041596
0.0042759
0.0043497
0.0046802
0.0049809
0.0051942
0.0052731
0.0052992
0.0051805
0.0049952
0.0049614
0.0050913
0.0051968
0.005228
0.0053635
0.005394
0.00546
0.0053357
0.0052152
0.0050981
0.0051853
0.0053036
0.0052441
0.0053612
0.0052788
0.0055161
0.0055357
0.0055236
0.0055184
0
0
0
0
0
0
0
0
0
0
0
0
0
0
0
0
0
0
0
0
0
0
0
0
0
0
0
0
0
0
0
0
0
0
0
0
0
0
0
0
0
0
0
0
0
0
0
0
0
0
0
0
0
0
0
7.0481e-05
0.0008272
0.0022519
0.0041841
0.0056262
0.0060627
0.0060059
0.0054707
0.0046965
0.0043998
0.0041257
0.00397
0.0040112
0.0039667
0.0040875
0.0039508
0.00411
0.0042905
0.0042795
0.0046341
0.0048286
0.0048033
0.0048213
0.0051331
0.0050011
0.004998
0.0049926
0.0048973
0.0051281
0.0051912
0.0051663
0.0050947
0.0052964
0.0053722
0.0052854
0.005307
0.0049932
0.0051037
0.0051323
0.0051967
0.005386
0.0052377
0.0055005
0.0055171
0.0054905
0.0055184
0
0
0
0
0
0
0
0
0
0
0
0
0
0
0
0
0
0
0
0
0
0
0
0
0
0
0
0
0
0
0
0
0
0
0
0
0
0
0
0
0
0
0
0
0
0
0
0
0
0
0
0
0
0
0
4.5768e-05
0.00060728
0.0019153
0.0038852
0.0055019
0.0065605
0.0062285
0.0054598
0.0049094
0.0040089
0.0037393
0.0038826
0.0039059
0.0039707
0.0040225
0.0039426
0.0040989
0.0041305
0.0043668
0.0045117
0.0046695
0.0047867
0.0048104
0.0049254
0.004912
0.0048839
0.0050164
0.0050501
0.0051217
0.0050576
0.0050212
0.0049342
0.0050772
0.005328
0.0051993
0.0052061
0.0049747
0.0050552
0.0051048
0.0051395
0.0053424
0.0052457
0.0054133
0.0055209
0.0054621
0.0055184
0
0
0
0
0
0
0
0
0
0
0
0
0
0
0
0
0
0
0
0
0
0
0
0
0
0
0
0
0
0
0
0
0
0
0
0
0
0
0
0
0
0
0
0
0
0
0
0
0
0
0
0
0
0
0
3.6953e-05
0.00059855
0.0018168
0.0036497
0.005162
0.0056146
0.0056681
0.0049388
0.0040539
0.0037475
0.0034846
0.0034875
0.0036306
0.0037951
0.0038452
0.0036883
0.0037954
0.0039025
0.0039514
0.0040981
0.0042174
0.0045514
0.0047117
0.0047191
0.0046707
0.0047315
0.0049079
0.0050598
0.005115
0.0049139
0.004965
0.0049654
0.0049089
0.0052237
0.0050376
0.0050587
0.004896
0.0048618
0.0050649
0.0051519
0.0052673
0.0052657
0.0053228
0.0055579
0.0054531
0.0055184
0
0
0
0
0
0
0
0
0
0
0
0
0
0
0
0
0
0
0
0
0
0
0
0
0
0
0
0
0
0
0
0
0
0
0
0
0
0
0
0
0
0
0
0
0
0
0
0
0
0
0
0
0
0
0
4.6529e-05
0.00060513
0.001921
0.0038223
0.0051927
0.0053659
0.0049584
0.0043402
0.0038793
0.0035133
0.0033637
0.0033704
0.003393
0.0035389
0.0035068
0.003599
0.0035662
0.0037283
0.0039885
0.0041381
0.0041456
0.0042464
0.0044161
0.004517
0.0044566
0.0045424
0.0047885
0.0049794
0.0050073
0.0048862
0.0048505
0.0048561
0.0049891
0.0050103
0.0049789
0.0048758
0.0048102
0.0048379
0.0050285
0.0050384
0.0052336
0.0052581
0.0053298
0.0055423
0.0054667
0.0055184
0
0
0
0
0
0
0
0
0
0
0
0
0
0
0
0
0
0
0
0
0
0
0
0
0
0
0
0
0
0
0
0
0
0
0
0
0
0
0
0
0
0
0
0
0
0
0
0
0
0
0
0
0
0
0
1.5084e-05
0.00060107
0.002388
0.0038842
0.0046593
0.0050353
0.0046526
0.0042636
0.0039246
0.0034118
0.0032689
0.0034085
0.0034938
0.0036278
0.0036392
0.0035346
0.0036749
0.0038222
0.0041436
0.0042323
0.0044329
0.0045487
0.0045982
0.0045547
0.0043935
0.0043338
0.0045154
0.0047056
0.0048504
0.0048103
0.0048832
0.004755
0.0047845
0.0049059
0.0047812
0.0048215
0.0047614
0.0048538
0.0049428
0.0050034
0.0051985
0.0052198
0.0053153
0.0055402
0.0054419
0.0055184
0
0
0
0
0
0
0
0
0
0
0
0
0
0
0
0
0
0
0
0
0
0
0
0
0
0
0
0
0
0
0
0
0
0
0
0
0
0
0
0
0
0
0
0
0
0
0
0
0
0
0
0
0
0
0
8.972e-05
0.00096749
0.0023749
0.0039165
0.0049076
0.0062003
0.0053809
0.0046019
0.0041938
0.0034531
0.0033912
0.0033761
0.0037327
0.003842
0.0050998
0.0053742
0.0049544
0.004623
0.0041284
0.0043034
0.0043731
0.0044014
0.0046426
0.0044481
0.0044064
0.0044188
0.0043969
0.0044756
0.0045615
0.0048311
0.0049192
0.0048594
0.0047872
0.0047445
0.0046126
0.0047168
0.0047113
0.0047993
0.0047656
0.0049969
0.0051474
0.0052236
0.0053172
0.005496
0.0053892
0.0055184
0
0
0
0
0
0
0
0
0
0
0
0
0
0
0
0
0
0
0
0
0
0
0
0
0
0
0
0
0
0
0
0
0
0
0
0
0
0
0
0
0
0
0
0
0
0
0
0
0
0
0
0
0
0
0
2.8685e-05
0.00056219
0.0019756
0.0039198
0.0060623
0.0066712
0.0063011
0.0054904
0.0039748
0.0034611
0.0030941
0.0033949
0.0042701
0.0050323
0.006121
0.005962
0.0055596
0.0050057
0.0041617
0.0040959
0.0042357
0.004347
0.0045248
0.0043821
0.0044444
0.0044208
0.0044801
0.0044264
0.0045237
0.0047426
0.0048947
0.0049674
0.0048179
0.0047171
0.0046448
0.0046179
0.0046252
0.0048586
0.0048745
0.004984
0.0051317
0.0052203
0.0053321
0.0054742
0.0053697
0.0055184
0
0
0
0
0
0
0
0
0
0
0
0
0
0
0
0
0
0
0
0
0
0
0
0
0
0
0
0
0
0
0
0
0
0
0
0
0
0
0
0
0
0
0
0
0
0
0
0
0
0
0
0
0
0
0
4.0994e-05
0.00079923
0.0020222
0.0038311
0.0053185
0.0064944
0.0059012
0.004633
0.0037743
0.0033338
0.0031838
0.003362
0.0039411
0.0045778
0.0052916
0.0051777
0.0048459
0.0036367
0.0037202
0.0039071
0.0040753
0.0041961
0.0041078
0.0042264
0.0043077
0.0045199
0.0044686
0.0044522
0.0046368
0.0047427
0.0048357
0.0049421
0.0046827
0.0046023
0.0047498
0.0045774
0.0046532
0.0048009
0.004961
0.0049148
0.0051046
0.0051957
0.0053536
0.0054336
0.0054136
0.0055184
0
0
0
0
0
0
0
0
0
0
0
0
0
0
0
0
0
0
0
0
0
0
0
0
0
0
0
0
0
0
0
0
0
0
0
0
0
0
0
0
0
0
0
0
0
0
0
0
0
0
0
0
0
0
0
7.2982e-05
0.00088035
0.0025059
0.0042716
0.0058415
0.0059452
0.0055243
0.0047524
0.0040663
0.0035515
0.0034291
0.0033164
0.0033497
0.0034482
0.0035576
0.0035057
0.0036414
0.0037024
0.0037489
0.0037576
0.0037813
0.0039085
0.0037606
0.0038919
0.0041406
0.0043334
0.0043827
0.0043275
0.0044332
0.0046238
0.0047578
0.0048075
0.0047143
0.0046261
0.0046329
0.0046087
0.0046322
0.0047535
0.0049315
0.005042
0.0050791
0.0052085
0.0053507
0.0054556
0.0054271
0.0055184
0
0
0
0
0
0
0
0
0
0
0
0
0
0
0
0
0
0
0
0
0
0
0
0
0
0
0
0
0
0
0
0
0
0
0
0
0
0
0
0
0
0
0
0
0
0
0
0
0
0
0
0
0
0
0
6.516e-05
0.00095371
0.0026152
0.0045852
0.0058491
0.0058056
0.0055391
0.0044961
0.0039595
0.0036386
0.0032418
0.0030479
0.0030724
0.0035478
0.0036403
0.0037601
0.0037072
0.003518
0.0037668
0.0037819
0.0037917
0.0037694
0.003702
0.0037299
0.0037733
0.0040011
0.0042293
0.0041694
0.0042574
0.0044214
0.0045564
0.0045666
0.0047226
0.0046633
0.0046403
0.0044766
0.0045801
0.0047057
0.0048009
0.0050189
0.0051574
0.0051882
0.005329
0.0053941
0.0054041
0.0055184
0
0
0
0
0
0
0
0
0
0
0
0
0
0
0
0
0
0
0
0
0
0
0
0
0
0
0
0
0
0
0
0
0
0
0
0
0
0
0
0
0
0
0
0
0
0
0
0
0
0
0
0
0
0
0
0.00011046
0.001448
0.0030436
0.0047238
0.0060913
0.0054586
0.0049783
0.004108
0.0034332
0.0031495
0.0031182
0.0031257
0.0032844
0.003515
0.0037882
0.0037503
0.0035388
0.0034497
0.0034221
0.0034666
0.0036243
0.0036831
0.0036802
0.0036845
0.0036977
0.0037885
0.0039051
0.0040011
0.0041728
0.0042863
0.004254
0.0044945
0.0045341
0.0044566
0.0045047
0.004402
0.0045147
0.004656
0.0047758
0.0049707
0.0052208
0.0052298
0.0052875
0.0052829
0.0054287
0.0055184
0
0
0
0
0
0
0
0
0
0
0
0
0
0
0
0
0
0
0
0
0
0
0
0
0
0
0
0
0
0
0
0
0
0
0
0
0
0
0
0
0
0
0
0
0
0
0
0
0
0
0
0
0
0
0
3.2071e-05
0.0010198
0.0027447
0.0042596
0.0050912
0.0048188
0.0044824
0.0037173
0.0030154
0.0029068
0.0028149
0.0029093
0.0029057
0.0031446
0.0032465
0.0032379
0.0031579
0.0030687
0.003099
0.003218
0.0032947
0.0034195
0.0034873
0.0033286
0.003598
0.0036965
0.0038655
0.0039057
0.0039705
0.0040732
0.0042419
0.0043828
0.004504
0.0043852
0.0043291
0.0043884
0.0044418
0.0046082
0.0046914
0.0048563
0.005138
0.0052661
0.0053362
0.0052732
0.0054083
0.0055184
0
0
0
0
0
0
0
0
0
0
0
0
0
0
0
0
0
0
0
0
0
0
0
0
0
0
0
0
0
0
0
0
0
0
0
0
0
0
0
0
0
0
0
0
0
0
0
0
0
0
0
0
0
0
0
3.222e-05
0.00054299
0.0016123
0.0030016
0.0040169
0.0043344
0.0039225
0.0032897
0.0027924
0.0027383
0.002713
0.0026724
0.0027204
0.0026889
0.002806
0.0028284
0.0029178
0.0029386
0.003008
0.0031043
0.0031307
0.0032922
0.0034617
0.0034584
0.0036107
0.0037568
0.0036979
0.003745
0.0037633
0.0038857
0.0041711
0.0042568
0.0044637
0.004426
0.0043033
0.0043895
0.0044655
0.0045724
0.0046418
0.004884
0.0052256
0.0052914
0.0053519
0.0053527
0.0053964
0.0055184
0
0
0
0
0
0
0
0
0
0
0
0
0
0
0
0
0
0
0
0
0
0
0
0
0
0
0
0
0
0
0
0
0
0
0
0
0
0
0
0
0
0
0
0
0
0
0
0
0
0
0
0
0
0
0
3.1861e-05
0.00041309
0.0012464
0.0024118
0.0034518
0.0037565
0.0035884
0.0032034
0.0028409
0.0027875
0.0029654
0.0026154
0.0026134
0.0025308
0.0026535
0.0028035
0.0031672
0.0031975
0.0032069
0.003072
0.003217
0.00322
0.0033603
0.0035476
0.0036562
0.0036815
0.0036264
0.0035852
0.0036423
0.0037454
0.0038845
0.0040871
0.0042048
0.0043618
0.0042846
0.0042862
0.004382
0.0046254
0.0047161
0.0048488
0.0051293
0.0053007
0.0053522
0.0053494
0.0053548
0.0055184
0
0
0
0
0
0
0
0
0
0
0
0
0
0
0
0
0
0
0
0
0
0
0
0
0
0
0
0
0
0
0
0
0
0
0
0
0
0
0
0
0
0
0
0
0
0
0
0
0
0
0
0
0
0
0
2.423e-05
0.0004174
0.0011561
0.0022113
0.0030349
0.0034355
0.0033499
0.0030586
0.0031009
0.0031068
0.0029628
0.0028565
0.0024623
0.0023714
0.0024453
0.0026939
0.0030345
0.0031528
0.0032612
0.0031875
0.0030901
0.003349
0.0035014
0.0035677
0.0036151
0.0034842
0.0034887
0.0035181
0.0035476
0.0034829
0.0036433
0.0039111
0.0041021
0.0041421
0.0043053
0.0042846
0.0042819
0.0045066
0.0047057
0.004871
0.0051386
0.0052545
0.0053868
0.0053146
0.0053667
0.0055184
0
0
0
0
0
0
0
0
0
0
0
0
0
0
0
0
0
0
0
0
0
0
0
0
0
0
0
0
0
0
0
0
0
0
0
0
0
0
0
0
0
0
0
0
0
0
0
0
0
0
0
0
0
0
0
2.8558e-05
0.00042765
0.0010731
0.0018354
0.0027853
0.0029641
0.00294
0.0028987
0.0026618
0.0029513
0.0028584
0.0024846
0.0022612
0.0022009
0.0022411
0.0022257
0.0025247
0.0026265
0.0028203
0.0029869
0.0029805
0.0032362
0.0032414
0.0033434
0.0034264
0.0034441
0.0033385
0.0032554
0.0033513
0.0034209
0.0034755
0.0038388
0.0039084
0.004177
0.0041983
0.0042199
0.0042707
0.004435
0.0047367
0.0048514
0.0050987
0.005159
0.0053257
0.0053268
0.0053305
0.0055184
0
0
0
0
0
0
0
0
0
0
0
0
0
0
0
0
0
0
0
0
0
0
0
0
0
0
0
0
0
0
0
0
0
0
0
0
0
0
0
0
0
0
0
0
0
0
0
0
0
0
0
0
0
0
0
1.0432e-05
0.00028309
0.00070166
0.0012615
0.0018986
0.0022991
0.0026513
0.0027035
0.0026339
0.0023251
0.0020958
0.0020467
0.0020598
0.0020151
0.0020809
0.0021735
0.0022686
0.0024325
0.0025043
0.0025378
0.0027881
0.0029028
0.0029325
0.0030905
0.0030433
0.0031486
0.0033121
0.0031841
0.0032085
0.0033941
0.0034575
0.0036756
0.0038751
0.0040649
0.0041603
0.0041955
0.0042743
0.0043936
0.0047444
0.0048324
0.0050757
0.0051096
0.0052633
0.0053532
0.0053316
0.0055184
0
0
0
0
0
0
0
0
0
0
0
0
0
0
0
0
0
0
0
0
0
0
0
0
0
0
0
0
0
0
0
0
0
0
0
0
0
0
0
0
0
0
0
0
0
0
0
0
0
0
0
0
0
0
0
1.0604e-05
0.00029311
0.00081959
0.0013916
0.0018985
0.0022308
0.0024983
0.0026322
0.0024539
0.0023245
0.0023529
0.0022851
0.0021356
0.0020673
0.0020427
0.0022433
0.0022528
0.0022999
0.0024081
0.0023338
0.002447
0.0025777
0.0027313
0.0027854
0.0029331
0.0030713
0.00308
0.0032898
0.0033416
0.0034001
0.0035134
0.0036223
0.0038153
0.0040021
0.0041177
0.0042848
0.0043995
0.0045605
0.0047483
0.0048945
0.0050742
0.0051765
0.0052531
0.005329
0.0053522
0.0055184
0
0
0
0
0
0
0
0
0
0
0
0
0
0
0
0
0
0
0
0
0
0
0
0
0
0
0
0
0
0
0
0
0
0
0
0
0
0
0
0
0
0
0
0
0
0
0
0
0
0
0
0
0
0
0
1.8053e-05
0.00026555
0.00081771
0.0013322
0.001868
0.0020465
0.0020808
0.0021123
0.0022647
0.002469
0.0025704
0.0024576
0.0023516
0.0022169
0.0021902
0.0022012
0.0022393
0.0022926
0.002227
0.0023071
0.002392
0.0024315
0.0024788
0.0025809
0.0027491
0.0030072
0.0030785
0.0032512
0.0034228
0.0035103
0.0037085
0.0036938
0.0038594
0.0040131
0.0041416
0.0043006
0.0044253
0.0044778
0.0045872
0.0049123
0.0051027
0.0052695
0.0052188
0.0052888
0.005349
0.0055184
0
0
0
0
0
0
0
0
0
0
0
0
0
0
0
0
0
0
0
0
0
0
0
0
0
0
0
0
0
0
0
0
0
0
0
0
0
0
0
0
0
0
0
0
0
0
0
0
0
0
0
0
0
0
0
3.8056e-05
0.00025207
0.00062107
0.0011266
0.0017155
0.002235
0.0024826
0.002299
0.0020361
0.0021144
0.0021964
0.0022419
0.0022019
0.0021229
0.0019759
0.0021232
0.0021189
0.0021979
0.0022915
0.0022916
0.002297
0.002405
0.0024337
0.0025645
0.002603
0.0028193
0.0030649
0.0032396
0.0035613
0.0036633
0.0037416
0.0036381
0.0038235
0.0039159
0.0041313
0.0041695
0.0043283
0.0043912
0.0045413
0.0049283
0.0050982
0.0052374
0.0051735
0.005236
0.0053113
0.0055184
0
0
0
0
0
0
0
0
0
0
0
0
0
0
0
0
0
0
0
0
0
0
0
0
0
0
0
0
0
0
0
0
0
0
0
0
0
0
0
0
0
0
0
0
0
0
0
0
0
0
0
0
0
0
0
3.1355e-05
0.00029992
0.00074121
0.0012947
0.0019847
0.0025086
0.00267
0.0025513
0.0021525
0.001906
0.001859
0.0018772
0.001858
0.0019183
0.0020037
0.0020459
0.0020944
0.0020691
0.0021273
0.0022604
0.0023209
0.0023717
0.0023296
0.0025076
0.0025866
0.0028506
0.0030038
0.0032239
0.0035007
0.0036378
0.0037406
0.0036611
0.0038312
0.0038611
0.0041024
0.0041881
0.0042328
0.0042979
0.0045612
0.0048582
0.0051085
0.0052442
0.0051728
0.0051929
0.00526
0.0055184
0
0
0
0
0
0
0
0
0
0
0
0
0
0
0
0
0
0
0
0
0
0
0
0
0
0
0
0
0
0
0
0
0
0
0
0
0
0
0
0
0
0
0
0
0
0
0
0
0
0
0
0
0
0
0
4.4054e-05
0.00030253
0.00065574
0.0010853
0.0014196
0.0018634
0.0022232
0.0018791
0.0020406
0.0019354
0.001826
0.0015919
0.0017225
0.0017673
0.0019505
0.0020651
0.0020946
0.0020316
0.0019809
0.0019484
0.0019391
0.0021098
0.0022679
0.0025094
0.0025746
0.0027515
0.0029443
0.003186
0.0033704
0.0035062
0.0037706
0.0038664
0.0039367
0.0038808
0.0041133
0.0042535
0.0041863
0.0043652
0.0045212
0.0048136
0.0051395
0.0052705
0.0052055
0.0051727
0.0052261
0.0055184
0
0
0
0
0
0
0
0
0
0
0
0
0
0
0
0
0
0
0
0
0
0
0
0
0
0
0
0
0
0
0
0
0
0
0
0
0
0
0
0
0
0
0
0
0
0
0
0
0
0
0
0
0
0
0
2.4515e-05
0.00027434
0.00060649
0.0009715
0.0011446
0.0012905
0.0015247
0.001808
0.0020618
0.0020417
0.0018751
0.0017943
0.0017216
0.001708
0.0017734
0.001892
0.0018909
0.0018711
0.0018153
0.0018145
0.0018645
0.0019391
0.0021252
0.0023017
0.0026207
0.0027489
0.0028954
0.003145
0.0032793
0.0035164
0.0036965
0.0038014
0.0039867
0.0039273
0.004084
0.0041992
0.0042673
0.0043198
0.0044296
0.0048045
0.0050956
0.0051707
0.0051443
0.0051027
0.0052386
0.0055184
0
0
0
0
0
0
0
0
0
0
0
0
0
0
0
0
0
0
0
0
0
0
0
0
0
0
0
0
0
0
0
0
0
0
0
0
0
0
0
0
0
0
0
0
0
0
0
0
0
0
0
0
0
0
0
3.7706e-05
0.00035281
0.00075179
0.0010818
0.0013422
0.0016645
0.0018102
0.0020063
0.0018896
0.0018369
0.0017514
0.001711
0.001778
0.001794
0.0017543
0.0016719
0.0017113
0.0017273
0.0018204
0.0018042
0.00176
0.0018845
0.0021279
0.0023276
0.0025145
0.0026355
0.0028834
0.0031577
0.0033271
0.0033903
0.0035078
0.0035947
0.0039583
0.0039667
0.004098
0.0041107
0.004161
0.0042706
0.0045233
0.0047247
0.0049697
0.0050278
0.0050874
0.0050858
0.0052472
0.0055184
0
0
0
0
0
0
0
0
0
0
0
0
0
0
0
0
0
0
0
0
0
0
0
0
0
0
0
0
0
0
0
0
0
0
0
0
0
0
0
0
0
0
0
0
0
0
0
0
0
0
0
0
0
0
0
4.8583e-05
0.00031339
0.00070561
0.0010637
0.00154
0.001773
0.0019237
0.0020526
0.0018028
0.0018266
0.001854
0.0018872
0.0019087
0.0018192
0.0016781
0.0016827
0.0017582
0.0017132
0.0017654
0.0019557
0.0019754
0.0019458
0.0021042
0.0023151
0.0024203
0.0026374
0.002847
0.0031027
0.0032319
0.0033388
0.0034077
0.0035226
0.0038227
0.0039827
0.0040965
0.0041531
0.004129
0.0043219
0.0045247
0.0046417
0.004934
0.004996
0.0049884
0.0050477
0.0052391
0.0055184
0
0
0
0
0
0
0
0
0
0
0
0
0
0
0
0
0
0
0
0
0
0
0
0
0
0
0
0
0
0
0
0
0
0
0
0
0
0
0
0
0
0
0
0
0
0
0
0
0
0
0
0
0
0
0
3.5457e-05
0.00019774
0.00061026
0.0010519
0.0012792
0.0013828
0.0015663
0.0015911
0.0017449
0.0018627
0.0018525
0.001909
0.0018977
0.0019005
0.0019071
0.0017207
0.0018486
0.0017815
0.0018797
0.0019689
0.0019565
0.0019675
0.0021114
0.0022926
0.002368
0.0026433
0.0028881
0.0031323
0.0033087
0.0033027
0.0033774
0.0035253
0.0037595
0.0039593
0.0041335
0.0040867
0.0041701
0.0043299
0.0045424
0.004702
0.0049164
0.0049559
0.0049922
0.0050004
0.0052297
0.0055184
0
0
0
0
0
0
0
0
0
0
0
0
0
0
0
0
0
0
0
0
0
0
0
0
0
0
0
0
0
0
0
0
0
0
0
0
0
0
0
0
0
0
0
0
0
0
0
0
0
0
0
0
0
0
0
2.2474e-05
0.00022042
0.00057951
0.0010033
0.001214
0.0012875
0.0013908
0.0015521
0.0016778
0.0017064
0.0017409
0.0017948
0.001798
0.0017856
0.0017966
0.0017436
0.0017169
0.0017838
0.0017972
0.0018947
0.0019332
0.0019995
0.0020226
0.0021512
0.0025578
0.0027596
0.0030262
0.0031796
0.0031992
0.0032773
0.0033647
0.0035284
0.0036924
0.0039565
0.0041131
0.0040838
0.0042084
0.0043474
0.0045827
0.0048478
0.0048527
0.0049304
0.0049396
0.0049539
0.0051979
0.0055184
0
0
0
0
0
0
0
0
0
0
0
0
0
0
0
0
0
0
0
0
0
0
0
0
0
0
0
0
0
0
0
0
0
0
0
0
0
0
0
0
0
0
0
0
0
0
0
0
0
0
0
0
0
0
0
2.9873e-05
0.00021796
0.00064668
0.00097377
0.0011681
0.0012764
0.0013237
0.0014767
0.001647
0.0017049
0.0016926
0.0016344
0.0017041
0.0017925
0.001673
0.0016843
0.0017002
0.0016929
0.0016765
0.0017653
0.0018063
0.0018633
0.0020222
0.0022141
0.002584
0.0028117
0.0030286
0.0031808
0.0031937
0.0033612
0.003491
0.003683
0.0037983
0.0040652
0.0041003
0.0040755
0.0042475
0.0044448
0.0046139
0.0048588
0.0048179
0.0048564
0.0048845
0.004929
0.0051612
0.0055184
0
0
0
0
0
0
0
0
0
0
0
0
0
0
0
0
0
0
0
0
0
0
0
0
0
0
0
0
0
0
0
0
0
0
0
0
0
0
0
0
0
0
0
0
0
0
0
0
0
0
0
0
0
0
0
2.9561e-05
0.0001898
0.00051215
0.00082966
0.001118
0.0012574
0.0012774
0.0014388
0.0015557
0.0016587
0.0017071
0.0017229
0.0016704
0.0016633
0.0015487
0.001505
0.0015735
0.0016852
0.0017627
0.0018411
0.0019277
0.0020639
0.0020687
0.0021733
0.0024698
0.0027884
0.0029245
0.0031421
0.0031558
0.0033872
0.0035071
0.0037093
0.0039445
0.0040294
0.004133
0.0041895
0.0043113
0.0045507
0.0045957
0.0048786
0.0047655
0.0049301
0.0048311
0.004909
0.005141
0.0055184
0
0
0
0
0
0
0
0
0
0
0
0
0
0
0
0
0
0
0
0
0
0
0
0
0
0
0
0
0
0
0
0
0
0
0
0
0
0
0
0
0
0
0
0
0
0
0
0
0
0
0
0
0
0
0
4.2551e-05
0.00020012
0.00045065
0.00085795
0.0010136
0.0010825
0.0012346
0.0012986
0.0014541
0.0016084
0.0016478
0.0015651
0.0016503
0.0015464
0.0015173
0.001531
0.0016094
0.0017781
0.0019084
0.0019867
0.0021854
0.0021814
0.0022182
0.0022371
0.0024125
0.0025981
0.0027785
0.0030794
0.0031804
0.0034198
0.0034822
0.0035976
0.0040343
0.0040755
0.0041894
0.004346
0.0044198
0.0046002
0.0045778
0.0048359
0.0048044
0.0048602
0.0047386
0.00492
0.0051497
0.0055184
0
0
0
0
0
0
0
0
0
0
0
0
0
0
0
0
0
0
0
0
0
0
0
0
0
0
0
0
0
0
0
0
0
0
0
0
0
0
0
0
0
0
0
0
0
0
0
0
0
0
0
0
0
0
0
2.6338e-05
0.00017401
0.0005507
0.0007784
0.00096254
0.0011069
0.0011251
0.0012695
0.0013575
0.0015299
0.0015684
0.0015806
0.0015812
0.001498
0.0016215
0.0017034
0.001829
0.0019304
0.0019705
0.002056
0.0022657
0.0022998
0.0023324
0.0024094
0.0023504
0.0025099
0.0027279
0.002937
0.0031359
0.0033667
0.0034412
0.0035954
0.0039524
0.0041159
0.0042094
0.0043893
0.0045528
0.0046288
0.0047205
0.0048003
0.0047983
0.004774
0.004724
0.0049534
0.0051404
0.0055184
0
0
0
0
0
0
0
0
0
0
0
0
0
0
0
0
0
0
0
0
0
0
0
0
0
0
0
0
0
0
0
0
0
0
0
0
0
0
0
0
0
0
0
0
0
0
0
0
0
0
0
0
0
0
0
2.3612e-05
0.00018378
0.0004491
0.00078699
0.0010595
0.0011832
0.001305
0.0014626
0.0015155
0.0015831
0.0016272
0.0015766
0.001519
0.0016325
0.0017205
0.0018253
0.0018977
0.0018302
0.0019488
0.0020064
0.0021538
0.0022602
0.0023611
0.00238
0.0025541
0.0026418
0.0026869
0.0029588
0.0031141
0.0033908
0.0035806
0.0036946
0.0039632
0.0042243
0.0042892
0.0043319
0.004524
0.0047193
0.0047542
0.0048576
0.0048241
0.0047049
0.0047282
0.0048682
0.0051286
0.0055184
0
0
0
0
0
0
0
0
0
0
0
0
0
0
0
0
0
0
0
0
0
0
0
0
0
0
0
0
0
0
0
0
0
0
0
0
0
0
0
0
0
0
0
0
0
0
0
0
0
0
0
0
0
0
0
1.329e-05
0.0001343
0.00045321
0.00076882
0.0010354
0.0012461
0.0013518
0.0015306
0.0017048
0.0018503
0.0018649
0.0018283
0.001797
0.0017819
0.0018188
0.0018892
0.001847
0.001876
0.0017838
0.0018242
0.0020334
0.0022281
0.0024186
0.0026165
0.0027214
0.0028814
0.0029184
0.0030821
0.0033188
0.0034905
0.0035706
0.0037836
0.0039477
0.0041106
0.0042164
0.0043717
0.0045537
0.0047921
0.0047959
0.0048623
0.0048416
0.0046902
0.0046747
0.0048644
0.0051216
0.0055184
0
0
0
0
0
0
0
0
0
0
0
0
0
0
0
0
0
0
0
0
0
0
0
0
0
0
0
0
0
0
0
0
0
0
0
0
0
0
0
0
0
0
0
0
0
0
0
0
0
0
0
0
0
0
0
2.4176e-05
0.00015555
0.00044904
0.00078698
0.0010989
0.0013118
0.0014048
0.0016371
0.0017886
0.0018694
0.0020214
0.0020486
0.0019819
0.0018999
0.0018097
0.0018352
0.0017777
0.0017939
0.0018446
0.002021
0.0021787
0.0023803
0.0025617
0.0026702
0.0028771
0.002983
0.0030985
0.0032529
0.0035453
0.0036934
0.0037739
0.003951
0.0039776
0.0041379
0.0042818
0.0044767
0.0046745
0.0049098
0.0047956
0.0048387
0.0048055
0.0046726
0.0046779
0.0048834
0.0050866
0.0055184
0
0
0
0
0
0
0
0
0
0
0
0
0
0
0
0
0
0
0
0
0
0
0
0
0
0
0
0
0
0
0
0
0
0
0
0
0
0
0
0
0
0
0
0
0
0
0
0
0
0
0
0
0
0
0
2.771e-05
0.00021124
0.00053239
0.00090456
0.0011367
0.0013551
0.0014568
0.0015533
0.0016139
0.0018228
0.0019624
0.0020483
0.0021083
0.0019724
0.0019363
0.0019464
0.0019281
0.00204
0.0020438
0.0022137
0.0022973
0.002478
0.002612
0.0027035
0.0028753
0.0029765
0.0031209
0.003236
0.0034976
0.0037008
0.0038963
0.0041122
0.0041823
0.0042588
0.0042982
0.004458
0.0047157
0.0049634
0.0048371
0.0048202
0.004817
0.0046528
0.0046342
0.0048716
0.0050848
0.0055184
0
0
0
0
0
0
0
0
0
0
0
0
0
0
0
0
0
0
0
0
0
0
0
0
0
0
0
0
0
0
0
0
0
0
0
0
0
0
0
0
0
0
0
0
0
0
0
0
0
0
0
0
0
0
0
2.5031e-05
0.00021215
0.00058451
0.00088535
0.0013175
0.0012895
0.0014284
0.001582
0.0016313
0.0018882
0.0020002
0.0021768
0.0022758
0.0022135
0.0022252
0.0022524
0.0020962
0.0021289
0.0022032
0.0021909
0.0024212
0.002527
0.0026894
0.0027266
0.0028113
0.0029869
0.0031806
0.0032542
0.0035387
0.0036764
0.003963
0.0041007
0.0042698
0.0043957
0.0043243
0.0044644
0.0047673
0.0049621
0.0049292
0.0047851
0.0048412
0.0046702
0.0045822
0.0048603
0.0050833
0.0055184
0
0
0
0
0
0
0
0
0
0
0
0
0
0
0
0
0
0
0
0
0
0
0
0
0
0
0
0
0
0
0
0
0
0
0
0
0
0
0
0
0
0
0
0
0
0
0
0
0
0
0
0
0
0
0
3.7712e-05
0.00020716
0.00061422
0.00099721
0.0012103
0.0014825
0.0016662
0.0019067
0.0020628
0.0022655
0.0022644
0.0022313
0.0022595
0.0022523
0.0022486
0.0022113
0.002235
0.0022444
0.0023679
0.0022653
0.0024637
0.0026152
0.0028001
0.0029533
0.0029043
0.0030082
0.0031303
0.0033184
0.003524
0.0036899
0.0039788
0.0042164
0.0041758
0.0043163
0.0042188
0.0045054
0.0047065
0.0049504
0.0050317
0.0047893
0.0048763
0.0046588
0.0046134
0.0048361
0.0050768
0.0055184
0
0
0
0
0
0
0
0
0
0
0
0
0
0
0
0
0
0
0
0
0
0
0
0
0
0
0
0
0
0
0
0
0
0
0
0
0
0
0
0
0
0
0
0
0
0
0
0
0
0
0
0
0
0
0
3.6794e-05
0.00025262
0.00055953
0.0010083
0.0013078
0.0015414
0.0017936
0.0019749
0.0022313
0.0023539
0.0024046
0.002384
0.002224
0.0021216
0.0022117
0.002248
0.002387
0.0023664
0.0023988
0.0024251
0.0024832
0.0027045
0.0027189
0.0027751
0.0029787
0.0032489
0.0033014
0.003478
0.0036246
0.0037292
0.0039988
0.0042484
0.0043355
0.0043796
0.0043323
0.0046252
0.0047561
0.0049985
0.0049649
0.0047665
0.0048581
0.0046266
0.0046479
0.0048632
0.0050641
0.0055184
0
0
0
0
0
0
0
0
0
0
0
0
0
0
0
0
0
0
0
0
0
0
0
0
0
0
0
0
0
0
0
0
0
0
0
0
0
0
0
0
0
0
0
0
0
0
0
0
0
0
0
0
0
0
0
2.4999e-05
0.00020739
0.00057848
0.0010283
0.0015473
0.0018617
0.0019383
0.0019551
0.0020974
0.0021684
0.0023153
0.0023265
0.0022962
0.0022079
0.0022078
0.0022277
0.0024795
0.0025174
0.0027054
0.0029238
0.0028868
0.0028437
0.0028137
0.0028438
0.0029833
0.0032369
0.003481
0.0036436
0.0036702
0.0037805
0.0039908
0.0041153
0.0043003
0.0043593
0.0044013
0.0046945
0.0048418
0.0049249
0.0047781
0.0048178
0.0048244
0.0046571
0.0047794
0.0048985
0.005095
0.0055184
0
0
0
0
0
0
0
0
0
0
0
0
0
0
0
0
0
0
0
0
0
0
0
0
0
0
0
0
0
0
0
0
0
0
0
0
0
0
0
0
0
0
0
0
0
0
0
0
0
0
0
0
0
0
0
3.1837e-05
0.00022919
0.00053811
0.0010383
0.0016842
0.0018859
0.0020428
0.0020354
0.002088
0.0022217
0.0023083
0.002372
0.0022212
0.0022089
0.0022817
0.0024117
0.0024724
0.0026456
0.0028517
0.0030525
0.0032079
0.0030915
0.0030125
0.0031067
0.003092
0.0033731
0.0035231
0.0034868
0.0035991
0.0037312
0.0038852
0.0041474
0.0042337
0.0045674
0.0045665
0.0047145
0.0048658
0.0048243
0.0048408
0.0047351
0.0046514
0.0046968
0.0047807
0.0048985
0.0051065
0.0055184
0
0
0
0
0
0
0
0
0
0
0
0
0
0
0
0
0
0
0
0
0
0
0
0
0
0
0
0
0
0
0
0
0
0
0
0
0
0
0
0
0
0
0
0
0
0
0
0
0
0
0
0
0
0
0
5.2963e-05
0.00023625
0.00059051
0.0011861
0.0016853
0.0019437
0.0021494
0.0022431
0.0026299
0.0025894
0.0024378
0.0023102
0.0023123
0.0022982
0.0023039
0.0024294
0.002459
0.0025695
0.0029647
0.003007
0.0031448
0.0031873
0.0031272
0.0031696
0.0032728
0.0034784
0.0034447
0.0034621
0.0035426
0.0036756
0.0038787
0.0041689
0.004258
0.0045
0.0046637
0.0047453
0.004765
0.0048371
0.0047453
0.0046325
0.0046685
0.0046949
0.0048295
0.0048596
0.0051522
0.0055184
0
0
0
0
0
0
0
0
0
0
0
0
0
0
0
0
0
0
0
0
0
0
0
0
0
0
0
0
0
0
0
0
0
0
0
0
0
0
0
0
0
0
0
0
0
0
0
0
0
0
0
0
0
0
0
2.0567e-05
0.00023849
0.00071635
0.0013106
0.0017967
0.0020876
0.0023765
0.0027579
0.0029608
0.0028759
0.0026502
0.0024565
0.0022743
0.0023104
0.0023124
0.002402
0.0024534
0.0026301
0.0029449
0.0029201
0.0031546
0.003107
0.0030816
0.0033376
0.0033326
0.0034177
0.003412
0.0033936
0.0034562
0.0036186
0.0038004
0.0041382
0.0043574
0.0046917
0.0047211
0.0047344
0.0047187
0.0046735
0.0046177
0.0045774
0.0045602
0.0047698
0.0048359
0.0048841
0.0051422
0.0055184
0
0
0
0
0
0
0
0
0
0
0
0
0
0
0
0
0
0
0
0
0
0
0
0
0
0
0
0
0
0
0
0
0
0
0
0
0
0
0
0
0
0
0
0
0
0
0
0
0
0
0
0
0
0
0
2.7868e-05
0.00028684
0.00089141
0.0014943
0.0020653
0.0025579
0.0029413
0.0032571
0.0033253
0.0031157
0.0030155
0.0027637
0.0027204
0.0025705
0.0025252
0.0025807
0.0025698
0.0028251
0.0030281
0.0031361
0.0032063
0.0031462
0.0032493
0.0032451
0.0033042
0.0035562
0.0034509
0.0035317
0.0036512
0.0038026
0.0038129
0.0042792
0.0044043
0.0047647
0.0047903
0.004809
0.004722
0.0046357
0.0046843
0.0045327
0.0046218
0.0048063
0.0048184
0.004938
0.0051347
0.0055184
0
0
0
0
0
0
0
0
0
0
0
0
0
0
0
0
0
0
0
0
0
0
0
0
0
0
0
0
0
0
0
0
0
0
0
0
0
0
0
0
0
0
0
0
0
0
0
0
0
0
0
0
0
0
0
1.9521e-05
0.00036583
0.0010587
0.0019301
0.0028124
0.0031668
0.0033771
0.0037191
0.0034154
0.0031906
0.0029626
0.0029034
0.003014
0.0028944
0.0027275
0.0027068
0.0026236
0.0027666
0.0029866
0.0031782
0.0033142
0.0031105
0.0031907
0.0033859
0.0035454
0.0036424
0.0036405
0.003596
0.0038737
0.0040547
0.0041161
0.0042604
0.0043563
0.0047163
0.0046489
0.0046326
0.0046746
0.0045609
0.0045732
0.0045254
0.0046768
0.0047211
0.0048453
0.0049565
0.005187
0.0055184
0
0
0
0
0
0
0
0
0
0
0
0
0
0
0
0
0
0
0
0
0
0
0
0
0
0
0
0
0
0
0
0
0
0
0
0
0
0
0
0
0
0
0
0
0
0
0
0
0
0
0
0
0
0
0
8.3429e-06
0.00044805
0.0012788
0.0022861
0.0032247
0.0036801
0.003934
0.0039062
0.0036996
0.0032795
0.0029412
0.0028266
0.0027257
0.0028736
0.0028523
0.002876
0.0027982
0.0027018
0.0028766
0.0029172
0.0031682
0.0032403
0.0032553
0.00362
0.0036742
0.0038317
0.0039578
0.0039556
0.0041063
0.0042273
0.0042642
0.0043463
0.0043487
0.0045169
0.0045696
0.0045206
0.0046271
0.0045518
0.004511
0.0045631
0.0046813
0.004698
0.0049445
0.005009
0.0052268
0.0055184
0
0
0
0
0
0
0
0
0
0
0
0
0
0
0
0
0
0
0
0
0
0
0
0
0
0
0
0
0
0
0
0
0
0
0
0
0
0
0
0
0
0
0
0
0
0
0
0
0
0
0
0
0
0
0
9.4696e-06
0.00039511
0.0012632
0.0022716
0.0032379
0.0035598
0.0039968
0.0040593
0.0036407
0.0033083
0.0029124
0.002861
0.0028118
0.002898
0.0028438
0.0029215
0.0030611
0.0029061
0.0029362
0.0030338
0.0031829
0.0033799
0.0035326
0.0037199
0.0038542
0.0039475
0.0040763
0.0041418
0.0042003
0.0042741
0.0042637
0.0043349
0.0043097
0.0044897
0.0045102
0.0045937
0.0045974
0.0045724
0.004565
0.0046359
0.0046647
0.0048022
0.0049959
0.005032
0.005234
0.0055184
0
0
0
0
0
0
0
0
0
0
0
0
0
0
0
0
0
0
0
0
0
0
0
0
0
0
0
0
0
0
0
0
0
0
0
0
0
0
0
0
0
0
0
0
0
0
0
0
0
0
0
0
0
0
0
1.3286e-05
0.0003227
0.00093297
0.0019557
0.0026761
0.0030439
0.0033467
0.0034357
0.0032638
0.0031428
0.0028767
0.0027661
0.0027436
0.0028164
0.0029649
0.0030136
0.0029586
0.0030315
0.0029604
0.0030707
0.0032898
0.0033553
0.0036361
0.0037527
0.0039035
0.0040343
0.0041037
0.0044259
0.0043557
0.004438
0.0043772
0.0042675
0.0043878
0.0044179
0.0044746
0.0046008
0.0045684
0.0046812
0.0046743
0.0047081
0.0047486
0.0048508
0.0050123
0.0050614
0.0052529
0.0055184
0
0
0
0
0
0
0
0
0
0
0
0
0
0
0
0
0
0
0
0
0
0
0
0
0
0
0
0
0
0
0
0
0
0
0
0
0
0
0
0
0
0
0
0
0
0
0
0
0
0
0
0
0
0
0
1.7363e-05
0.00027492
0.00080775
0.0016912
0.0026289
0.0031068
0.0033581
0.0035975
0.0037355
0.0032781
0.0029629
0.0027658
0.0028526
0.0030969
0.0032004
0.0032928
0.0031382
0.0031153
0.0031996
0.0033406
0.0033314
0.0035621
0.0037474
0.0036908
0.0039517
0.0041766
0.0042597
0.0044943
0.0044888
0.0044513
0.0044043
0.0043261
0.0044664
0.0044569
0.0045321
0.0046183
0.0046385
0.0048337
0.0047688
0.0047183
0.0048191
0.0049045
0.0050479
0.0050731
0.0052778
0.0055184
0
0
0
0
0
0
0
0
0
0
0
0
0
0
0
0
0
0
0
0
0
0
0
0
0
0
0
0
0
0
0
0
0
0
0
0
0
0
0
0
0
0
0
0
0
0
0
0
0
0
0
0
0
0
0
9.5771e-07
0.00015399
0.00078512
0.0019734
0.0028421
0.003502
0.0038513
0.0036701
0.0038543
0.0037989
0.0036304
0.0033454
0.0030576
0.0032902
0.0034639
0.0035066
0.0035132
0.003453
0.0034462
0.0033431
0.0033875
0.0036351
0.0038032
0.0039421
0.0039785
0.0041971
0.0042877
0.0045312
0.0044646
0.004617
0.0045013
0.0046851
0.004587
0.0046034
0.0046865
0.0047152
0.0048235
0.0049389
0.0048548
0.004705
0.0049149
0.0049676
0.0050836
0.0050895
0.0052623
0.0055184
0
0
0
0
0
0
0
0
0
0
0
0
0
0
0
0
0
0
0
0
0
0
0
0
0
0
0
0
0
0
0
0
0
0
0
0
0
0
0
0
0
0
0
0
0
0
0
0
0
0
0
0
0
0
0
0
0.00027164
0.0010923
0.00235
0.0035441
0.0039492
0.0039207
0.0039614
0.0041986
0.00435
0.0041315
0.0036891
0.0035222
0.0033198
0.0033391
0.0033565
0.003587
0.003534
0.0034926
0.0035799
0.0036025
0.0038898
0.0041158
0.0041919
0.0041748
0.0042173
0.0042578
0.0044643
0.0046004
0.0045949
0.0045598
0.0046735
0.0048114
0.0048576
0.0048819
0.004985
0.0049393
0.00502
0.0049619
0.004794
0.0049957
0.0051121
0.0051762
0.0051704
0.0052751
0.0055184
0
0
0
0
0
0
0
0
0
0
0
0
0
0
0
0
0
0
0
0
0
0
0
0
0
0
0
0
0
0
0
0
0
0
0
0
0
0
0
0
0
0
0
0
0
0
0
0
0
0
0
0
0
0
0
1.2489e-06
0.00027134
0.0012349
0.0026648
0.0037564
0.0038408
0.0036733
0.0035593
0.0038685
0.0041961
0.0039974
0.0036425
0.0034609
0.0032001
0.0032057
0.0032277
0.0033634
0.0035038
0.003645
0.0035838
0.0037247
0.003895
0.0040755
0.0042295
0.004331
0.0043058
0.0042742
0.0043454
0.0044427
0.0045353
0.0045801
0.0047809
0.0047851
0.004938
0.0051488
0.0051487
0.004985
0.0050995
0.004999
0.0049192
0.0051016
0.0051008
0.0052457
0.005202
0.005261
0.0055184
0
0
0
0
0
0
0
0
0
0
0
0
0
0
0
0
0
0
0
0
0
0
0
0
0
0
0
0
0
0
0
0
0
0
0
0
0
0
0
0
0
0
0
0
0
0
0
0
0
0
0
0
0
0
0
7.2228e-06
0.00039104
0.0016955
0.0030891
0.0041847
0.0042031
0.003711
0.0036403
0.0037364
0.0039786
0.0039312
0.0037509
0.0034937
0.0033738
0.0032631
0.0032355
0.00342
0.0036081
0.003758
0.0039578
0.003875
0.0040127
0.0041169
0.0043126
0.0044613
0.0045333
0.0045684
0.0044897
0.0045579
0.0046265
0.0047382
0.0048867
0.0049292
0.0051479
0.0051734
0.0052125
0.0051477
0.0052719
0.0052259
0.0051768
0.0051425
0.0051235
0.0052622
0.0052222
0.0052911
0.0055184
0
0
0
0
0
0
0
0
0
0
0
0
0
0
0
0
0
0
0
0
0
0
0
0
0
0
0
0
0
0
0
0
0
0
0
0
0
0
0
0
0
0
0
0
0
0
0
0
0
0
0
0
0
0
0
7.7974e-07
0.00048265
0.0019757
0.0033257
0.0041871
0.0041821
0.0037048
0.0036034
0.0035707
0.0039525
0.0038633
0.003741
0.003597
0.0034251
0.0035383
0.0035854
0.0036838
0.0037548
0.0039913
0.0040226
0.0041429
0.0040422
0.0042546
0.0044641
0.0046448
0.0047907
0.004628
0.0047014
0.0045544
0.0045099
0.0046044
0.0048231
0.0050318
0.0051976
0.0051773
0.0052366
0.0052515
0.0053395
0.0052526
0.0051524
0.0052362
0.0051969
0.0053224
0.0052392
0.0053226
0.0055184
0
0
0
0
0
0
0
0
0
0
0
0
0
0
0
0
0
0
0
0
0
0
0
0
0
0
0
0
0
0
0
0
0
0
0
0
0
0
0
0
0
0
0
0
0
0
0
0
0
0
0
0
0
0
0
9.75e-06
0.00066406
0.0019514
0.0033551
0.004495
0.0041901
0.0038006
0.0034286
0.0036524
0.003676
0.003829
0.0038025
0.0035729
0.0035723
0.0037292
0.0036891
0.0039343
0.0038867
0.0039596
0.0040857
0.0041322
0.0042623
0.0043821
0.0046933
0.0048482
0.0049395
0.0047321
0.0047043
0.0046248
0.0045556
0.0046427
0.0048223
0.004986
0.0052175
0.0052722
0.0051388
0.0052967
0.0054213
0.0053075
0.0051643
0.0052566
0.0052282
0.0053072
0.0052198
0.0053672
0.0055184
0
0
0
0
0
0
0
0
0
0
0
0
0
0
0
0
0
0
0
0
0
0
0
0
0
0
0
0
0
0
0
0
0
0
0
0
0
0
0
0
0
0
0
0
0
0
0
0
0
0
0
0
0
0
0
6.6927e-06
0.00045
0.0016417
0.0032378
0.0043946
0.0043285
0.0039916
0.0036317
0.0034662
0.0035711
0.003593
0.0035683
0.0037099
0.0036872
0.0038972
0.0039402
0.0040794
0.0041222
0.0041162
0.0040499
0.0042347
0.0043837
0.0046671
0.0046711
0.0047005
0.004765
0.0049324
0.0047639
0.0046427
0.0047045
0.0045021
0.0049166
0.0049583
0.0052406
0.0053296
0.005256
0.0054115
0.0053924
0.0052417
0.0052985
0.0052619
0.0052379
0.0053153
0.0053431
0.0053808
0.0055184
0
0
0
0
0
0
0
0
0
0
0
0
0
0
0
0
0
0
0
0
0
0
0
0
0
0
0
0
0
0
0
0
0
0
0
0
0
0
0
0
0
0
0
0
0
0
0
0
0
0
0
0
0
0
0
6.7799e-06
0.00061846
0.0021081
0.0035712
0.0046623
0.0044058
0.0039218
0.0035983
0.0035713
0.0035561
0.0034863
0.0034761
0.0036461
0.0039378
0.0040745
0.0042683
0.0043547
0.0041878
0.0040604
0.0041604
0.0044156
0.0046867
0.0047664
0.0048336
0.0047412
0.0047275
0.0047896
0.0048945
0.0048332
0.0047622
0.0046512
0.0047378
0.0051255
0.0053269
0.0053194
0.0054174
0.005502
0.005488
0.0052734
0.0053863
0.0052896
0.0052966
0.0053988
0.005369
0.0054042
0.0055184
0
0
0
0
0
0
0
0
0
0
0
0
0
0
0
0
0
0
0
0
0
0
0
0
0
0
0
0
0
0
0
0
0
0
0
0
0
0
0
0
0
0
0
0
0
0
0
0
0
0
0
0
0
0
0
9.9591e-06
0.00064693
0.0021491
0.0037707
0.0047589
0.004796
0.0044038
0.0038843
0.0038948
0.0039146
0.0038534
0.0038199
0.003849
0.0042374
0.0043161
0.0043807
0.004367
0.0043662
0.0042256
0.0042677
0.0043983
0.004855
0.0049009
0.0048798
0.0047939
0.0046985
0.004954
0.0049104
0.0048218
0.0048144
0.0047543
0.0048471
0.0053134
0.0054497
0.0054352
0.005469
0.0054823
0.0054363
0.0054273
0.0054312
0.0053268
0.0053486
0.0053956
0.0054127
0.0054505
0.0055184
0
0
0
0
0
0
0
0
0
0
0
0
0
0
0
0
0
0
0
0
0
0
0
0
0
0
0
0
0
0
0
0
0
0
0
0
0
0
0
0
0
0
0
0
0
0
0
0
0
0
0
0
0
0
0
1.1011e-05
0.00069115
0.0019284
0.0036638
0.0051267
0.0054496
0.0053297
0.004824
0.0044401
0.0043491
0.0042192
0.0041876
0.0041341
0.0042676
0.004315
0.004313
0.0042148
0.0042141
0.0042245
0.0043647
0.0045285
0.004755
0.0047504
0.0049903
0.0050529
0.005006
0.0049576
0.0049447
0.0049764
0.0048428
0.0049659
0.0049836
0.0054382
0.0057056
0.0056764
0.0056593
0.0055404
0.0054177
0.005505
0.005495
0.0054
0.0054349
0.0054655
0.0055043
0.0054621
0.0055184
0
0
0
0
0
0
0
0
0
0
0
0
0
0
0
0
0
0
0
0
0
0
0
0
0
0
0
0
0
0
0
0
0
0
0
0
0
0
0
0
0
0
0
0
0
0
0
0
0
0
0
0
0
0
0
9.2269e-06
0.00078428
0.0024984
0.0043935
0.0058795
0.0062256
0.0058547
0.0051856
0.0047179
0.0045992
0.0043935
0.0042251
0.0041231
0.0042111
0.0042251
0.0042072
0.004175
0.0042267
0.004363
0.0046385
0.0047965
0.0048314
0.0048183
0.0049035
0.0050299
0.0051063
0.0049569
0.0049284
0.0049696
0.0049041
0.004995
0.0052382
0.0056462
0.0059274
0.0057967
0.0056241
0.0056478
0.0055106
0.0056038
0.005462
0.0054697
0.0055584
0.0054267
0.0054874
0.0054716
0.0055184
0
0
0
0
0
0
0
0
0
0
0
0
0
0
0
0
0
0
0
0
0
0
0
0
0
0
0
0
0
0
0
0
0
0
0
0
0
0
0
0
0
0
0
0
0
0
0
0
0
0
0
0
0
0
0
1.9724e-05
0.00063048
0.0022669
0.0042412
0.0059651
0.0062011
0.0058942
0.0054736
0.0051743
0.0047259
0.0043732
0.0040224
0.0040567
0.0044174
0.0046111
0.0046742
0.0047494
0.0047515
0.0048287
0.0047731
0.0049418
0.0049025
0.0047841
0.0050522
0.0051722
0.0051992
0.004982
0.0048855
0.0048486
0.0048445
0.0049944
0.0053192
0.0056323
0.0059114
0.0058865
0.0058058
0.0058281
0.0055793
0.0056822
0.0055086
0.0054762
0.0056269
0.0054927
0.0055547
0.0055179
0.0055184
0
0
0
0
0
0
0
0
0
0
0
0
0
0
0
0
0
0
0
0
0
0
0
0
0
0
0
0
0
0
0
0
0
0
0
0
0
0
0
0
0
0
0
0
0
0
0
0
0
0
0
0
0
0
0
2.869e-05
0.00059647
0.0023199
0.0042532
0.0059948
0.0067469
0.0065723
0.0061022
0.0056191
0.0048555
0.0044537
0.0042985
0.0043581
0.0045189
0.0047939
0.0050098
0.00507
0.0048508
0.0049552
0.005169
0.005166
0.0051842
0.0053925
0.0053609
0.0053492
0.0052039
0.005063
0.0049263
0.0048935
0.0048004
0.0050421
0.0053501
0.0055954
0.0057714
0.005916
0.0057924
0.0058985
0.0057619
0.0056499
0.0056001
0.0055008
0.005616
0.0054832
0.0055543
0.0055108
0.0055184
0
0
0
0
0
0
0
0
0
0
0
0
0
0
0
0
0
0
0
0
0
0
0
0
0
0
0
0
0
0
0
0
0
0
0
0
0
0
0
0
0
0
0
0
0
0
0
0
0
0
0
0
0
0
0
2.1418e-05
0.000757
0.002502
0.0047108
0.0062916
0.0066482
0.0067234
0.0060514
0.0056313
0.0050714
0.0047827
0.0047066
0.004565
0.0044129
0.0045947
0.0044726
0.0047121
0.0051357
0.0051195
0.0052681
0.0054064
0.0054142
0.0055207
0.0056161
0.0056313
0.0055303
0.0051236
0.004943
0.0048465
0.0049447
0.0051034
0.0053652
0.0056307
0.0058646
0.0057937
0.0057243
0.0058142
0.0057905
0.0057606
0.0055974
0.0056054
0.0057052
0.0054763
0.0055039
0.0055416
0.0055184
0
0
0
0
0
0
0
0
0
0
0
0
0
0
0
0
0
0
0
0
0
0
0
0
0
0
0
0
0
0
0
0
0
0
0
0
0
0
0
0
0
0
0
0
0
0
0
0
0
0
0
0
0
0
0
1.4318e-05
0.00079828
0.0025742
0.0045251
0.0060844
0.006392
0.0061201
0.005711
0.0053107
0.0049595
0.0047876
0.004581
0.0045743
0.0044791
0.0045221
0.0047663
0.0047472
0.0048556
0.0050558
0.005306
0.0054506
0.0055301
0.0057225
0.0056591
0.0054533
0.0053474
0.0052382
0.0052028
0.0050562
0.0051177
0.0054315
0.0055646
0.0058299
0.0057939
0.0057757
0.0057308
0.0057501
0.0057345
0.005835
0.0056892
0.0056651
0.0057775
0.0054874
0.0055823
0.005557
0.0055184
0
0
0
0
0
0
0
0
0
0
0
0
0
0
0
0
0
0
0
0
0
0
0
0
0
0
0
0
0
0
0
0
0
0
0
0
0
0
0
0
0
0
0
0
0
0
0
0
0
0
0
0
0
0
0
3.5482e-05
0.00081555
0.0024721
0.0046771
0.0065166
0.0065149
0.0061413
0.0054991
0.0052182
0.00493
0.0048265
0.0049315
0.0047773
0.0049945
0.0049403
0.0049193
0.004978
0.0048094
0.0049651
0.004932
0.0051416
0.005452
0.0055024
0.0054833
0.0054681
0.0054069
0.0054794
0.0054251
0.0052868
0.0055562
0.005596
0.005865
0.0059633
0.0057932
0.0057352
0.005704
0.0058112
0.0057868
0.0058759
0.0059198
0.005774
0.0057327
0.0055606
0.0056418
0.0055527
0.0055184
0
0
0
0
0
0
0
0
0
0
0
0
0
0
0
0
0
0
0
0
0
0
0
0
0
0
0
0
0
0
0
0
0
0
0
0
0
0
0
0
0
0
0
0
0
0
0
0
0
0
0
0
0
0
0
2.0248e-05
0.00089347
0.0027254
0.0054908
0.0068885
0.0069047
0.0063797
0.0053702
0.0052165
0.004984
0.0048037
0.0049048
0.0048521
0.0046691
0.0047453
0.0045983
0.0047556
0.0047741
0.0047162
0.00481
0.0050783
0.0055098
0.005648
0.0058387
0.0058128
0.0058343
0.0058871
0.0059279
0.0057593
0.0057993
0.0058143
0.0060128
0.0059519
0.0057463
0.0057242
0.0057062
0.0057936
0.0058153
0.0058558
0.0058557
0.0059115
0.0057411
0.0056873
0.0056406
0.005567
0.0055184
0
0
0
0
0
0
0
0
0
0
0
0
0
0
0
0
0
0
0
0
0
0
0
0
0
0
0
0
0
0
0
0
0
0
0
0
0
0
0
0
0
0
0
0
0
0
0
0
0
0
0
0
0
0
0
3.4657e-05
0.00098772
0.0033237
0.0057346
0.0071752
0.0075264
0.006869
0.0062979
0.0059627
0.0052433
0.0049386
0.0047323
0.0047311
0.0047166
0.0046924
0.0047541
0.0048843
0.0052087
0.0052499
0.0051424
0.0051592
0.0056096
0.0058224
0.0060532
0.0061163
0.0062256
0.0064474
0.0062065
0.0061158
0.006085
0.0060487
0.0060919
0.0060177
0.0057785
0.0057645
0.0056621
0.0056758
0.0057622
0.0058069
0.0058592
0.0059273
0.0057384
0.0056431
0.0056442
0.0055757
0.0055184
0
0
0
0
0
0
0
0
0
0
0
0
0
0
0
0
0
0
0
0
0
0
0
0
0
0
0
0
0
0
0
0
0
0
0
0
0
0
0
0
0
0
0
0
0
0
0
0
0
0
0
0
0
0
0
2.7232e-05
0.0009589
0.0030105
0.0053769
0.0068611
0.006794
0.0069768
0.006723
0.0062875
0.0056396
0.0049603
0.0047351
0.0047236
0.0047981
0.0049273
0.0049447
0.0054481
0.0057059
0.0057541
0.0057725
0.0055155
0.0056517
0.0057936
0.0060105
0.0061961
0.00624
0.0064834
0.0062625
0.0062867
0.0061611
0.0060622
0.0062541
0.0060251
0.0058991
0.0058289
0.0056601
0.0057144
0.0056857
0.0057577
0.0058936
0.0058834
0.0057932
0.0056422
0.0056017
0.0055621
0.0055184
0
0
0
0
0
0
0
0
0
0
0
0
0
0
0
0
0
0
0
0
0
0
0
0
0
0
0
0
0
0
0
0
0
0
0
0
0
0
0
0
0
0
0
0
0
0
0
0
0
0
0
0
0
0
0
5.3133e-06
0.00075986
0.0025728
0.0047313
0.006141
0.0067235
0.0063912
0.0060319
0.0053576
0.0049228
0.0043342
0.0044157
0.0044346
0.0046123
0.0047291
0.0049118
0.0052036
0.0054865
0.0057431
0.0056405
0.0054761
0.00572
0.0058149
0.0058255
0.0059242
0.0059223
0.0062922
0.0063873
0.0062004
0.0061208
0.0062368
0.0062629
0.0061053
0.006097
0.0060343
0.005854
0.0057668
0.0056791
0.0058339
0.0059037
0.0058109
0.0058239
0.005732
0.0055571
0.0056031
0.0055184
0
0
0
0
0
0
0
0
0
0
0
0
0
0
0
0
0
0
0
0
0
0
0
0
0
0
0
0
0
0
0
0
0
0
0
0
0
0
0
0
0
0
0
0
0
0
0
0
0
0
0
0
0
0
0
2.794e-05
0.00078006
0.0025264
0.0044196
0.0059923
0.0059059
0.0055204
0.004583
0.0040453
0.0039727
0.0039595
0.0043362
0.0044966
0.00489
0.0049986
0.005022
0.0053424
0.0053575
0.0056124
0.005667
0.0059453
0.0059467
0.0059139
0.0059001
0.005955
0.0059584
0.0060532
0.0062923
0.0061512
0.0063465
0.006342
0.0062508
0.0063615
0.0062382
0.0062297
0.0059772
0.0059308
0.0058496
0.0058489
0.0059161
0.0058054
0.0057946
0.0057106
0.0055487
0.0056078
0.0055184
0
0
0
0
0
0
0
0
0
0
0
0
0
0
0
0
0
0
0
0
0
0
0
0
0
0
0
0
0
0
0
0
0
0
0
0
0
0
0
0
0
0
0
0
0
0
0
0
0
0
0
0
0
0
0
2.0005e-05
0.0008007
0.0026288
0.0045136
0.0057498
0.005523
0.0052968
0.0048146
0.0046121
0.0045789
0.0047019
0.0049432
0.0050829
0.0052668
0.0053839
0.0056348
0.0061165
0.0062036
0.0062109
0.0062495
0.006201
0.006138
0.0062027
0.0060419
0.0061504
0.0063129
0.0064866
0.006452
0.0063962
0.006379
0.0063111
0.0064268
0.0064523
0.006529
0.0064124
0.0061315
0.0059907
0.0058087
0.0058188
0.0059519
0.0058692
0.0058017
0.0056843
0.0055563
0.0056462
0.0055184
0
0
0
0
0
0
0
0
0
0
0
0
0
0
0
0
0
0
0
0
0
0
0
0
0
0
0
0
0
0
0
0
0
0
0
0
0
0
0
0
0
0
0
0
0
0
0
0
0
0
0
0
0
0
0
3.7343e-05
0.00093385
0.0027385
0.0047546
0.0062341
0.0062571
0.0058763
0.0056553
0.0055013
0.0054142
0.0056168
0.0055825
0.0055634
0.0054756
0.005571
0.0060358
0.006575
0.0066565
0.0067391
0.0063005
0.0062731
0.0062807
0.006218
0.0063518
0.0063703
0.0065894
0.0068552
0.0068136
0.006773
0.0065804
0.0064779
0.0067346
0.0067661
0.0066686
0.0065933
0.0063247
0.0060926
0.0057099
0.0057707
0.0059277
0.0058672
0.0058524
0.005754
0.0056194
0.0056802
0.0055184
0
0
0
0
0
0
0
0
0
0
0
0
0
0
0
0
0
0
0
0
0
0
0
0
0
0
0
0
0
0
0
0
0
0
0
0
0
0
0
0
0
0
0
0
0
0
0
0
0
0
0
0
0
0
0
5.3257e-05
0.0012264
0.0032385
0.0054603
0.0067902
0.0069854
0.006454
0.0061429
0.0056144
0.0055636
0.0055036
0.0057823
0.0058517
0.0058665
0.0059725
0.0061515
0.0069584
0.0064538
0.0063473
0.006136
0.0060628
0.0063187
0.0063173
0.0066074
0.0065742
0.0065966
0.0067941
0.0068479
0.0069108
0.0068557
0.0067686
0.0066813
0.0068462
0.0067877
0.006724
0.0064256
0.0061147
0.0058094
0.0057603
0.0059685
0.0057677
0.0058923
0.0057727
0.0057093
0.0057065
0.0055184
0
0
0
0
0
0
0
0
0
0
0
0
0
0
0
0
0
0
0
0
0
0
0
0
0
0
0
0
0
0
0
0
0
0
0
0
0
0
0
0
0
0
0
0
0
0
0
0
0
0
0
0
0
0
0
9.2888e-05
0.0012067
0.0033806
0.0058425
0.0070625
0.0072003
0.0071786
0.0067414
0.0064212
0.0057869
0.0055232
0.0060282
0.006718
0.0068134
0.0068397
0.0070727
0.0068756
0.0069566
0.0061339
0.0059582
0.0060734
0.0061307
0.0062929
0.0065386
0.006664
0.006821
0.0070884
0.0070903
0.0071833
0.0069305
0.0069573
0.0069413
0.0069987
0.006809
0.0066131
0.0064518
0.0061606
0.0058972
0.0057554
0.0058723
0.0058164
0.0059272
0.0057751
0.0056818
0.0057171
0.0055184
0
0
0
0
0
0
0
0
0
0
0
0
0
0
0
0
0
0
0
0
0
0
0
0
0
0
0
0
0
0
0
0
0
0
0
0
0
0
0
0
0
0
0
0
0
0
0
0
0
0
0
0
0
0
0
8.4792e-05
0.0011594
0.0035347
0.0057177
0.0072738
0.0072232
0.0073047
0.0072851
0.0067954
0.0061396
0.0061179
0.0068873
0.0072604
0.0073046
0.0072368
0.0072916
0.0072533
0.0071176
0.0063883
0.0063044
0.0064619
0.0062668
0.0065579
0.0067639
0.0067924
0.0070602
0.0072949
0.0071859
0.0072193
0.0070558
0.0069413
0.0069254
0.0070136
0.0068851
0.0066813
0.0064771
0.0061779
0.0059263
0.0058489
0.0058114
0.0058023
0.0059315
0.0057874
0.0056701
0.0057085
0.0055184
0
0
0
0
0
0
0
0
0
0
0
0
0
0
0
0
0
0
0
0
0
0
0
0
0
0
0
0
0
0
0
0
0
0
0
0
0
0
0
0
0
0
0
0
0
0
0
0
0
0
0
0
0
0
0
0.00010937
0.0011322
0.0031289
0.0053515
0.0065634
0.006843
0.0071049
0.0074268
0.0073113
0.006355
0.0061104
0.0062585
0.0067389
0.0068477
0.006423
0.0065665
0.0064548
0.0063186
0.0064714
0.0067505
0.0068422
0.0070056
0.0069185
0.0069517
0.0069928
0.0070894
0.0073733
0.0072914
0.0071989
0.0070127
0.0068617
0.0067572
0.0067732
0.006579
0.0065536
0.0064137
0.0061655
0.0061094
0.0059059
0.0057859
0.0058877
0.005792
0.0058255
0.0056731
0.0056962
0.0055184
0
0
0
0
0
0
0
0
0
0
0
0
0
0
0
0
0
0
0
0
0
0
0
0
0
0
0
0
0
0
0
0
0
0
0
0
0
0
0
0
0
0
0
0
0
0
0
0
0
0
0
0
0
0
0
7.7418e-05
0.0010364
0.003046
0.0051267
0.0063742
0.006844
0.0075485
0.0075357
0.0073506
0.0063407
0.0056425
0.0058327
0.0058308
0.0059512
0.0062887
0.0063916
0.0067498
0.0068055
0.0070095
0.0070831
0.0071679
0.0073779
0.0072379
0.0068875
0.0071007
0.0070352
0.0072053
0.0072164
0.0070541
0.0071071
0.0068974
0.006902
0.0066408
0.0066393
0.0066735
0.0064242
0.006296
0.006056
0.0060093
0.0059354
0.0058584
0.0057135
0.0057877
0.0056851
0.0056923
0.0055184
0
0
0
0
0
0
0
0
0
0
0
0
0
0
0
0
0
0
0
0
0
0
0
0
0
0
0
0
0
0
0
0
0
0
0
0
0
0
0
0
0
0
0
0
0
0
0
0
0
0
0
0
0
0
0
0.00011559
0.0015142
0.0043301
0.006797
0.0080521
0.0078488
0.0074069
0.0072521
0.0068021
0.0060776
0.0056827
0.0058078
0.0062241
0.0064143
0.0065358
0.0066576
0.0070225
0.0071178
0.0073063
0.0075211
0.0074837
0.0074673
0.0073276
0.0071966
0.0070754
0.0070433
0.0071452
0.0073605
0.0073192
0.007124
0.0070106
0.0068238
0.0066233
0.0064615
0.0065148
0.0063629
0.0063749
0.0059939
0.0059714
0.0059913
0.0058944
0.0057104
0.0057156
0.0056571
0.0057081
0.0055184
0
0
0
0
0
0
0
0
0
0
0
0
0
0
0
0
0
0
0
0
0
0
0
0
0
0
0
0
0
0
0
0
0
0
0
0
0
0
0
0
0
0
0
0
0
0
0
0
0
0
0
0
0
0
0
6.9808e-05
0.0015247
0.0040487
0.006784
0.0083189
0.0079323
0.0075525
0.0070323
0.0063366
0.0059629
0.0057203
0.006172
0.0064875
0.0067329
0.0066044
0.0066897
0.0067297
0.0071851
0.0074515
0.0074999
0.0074591
0.0074052
0.0073183
0.0073138
0.007467
0.0074584
0.0073456
0.0073658
0.0072405
0.0070083
0.0068437
0.006494
0.0065615
0.0065745
0.0065105
0.0062333
0.0063282
0.0060329
0.0059979
0.0061039
0.0059028
0.0057214
0.0057316
0.0056698
0.0057125
0.0055184
0
0
0
0
0
0
0
0
0
0
0
0
0
0
0
0
0
0
0
0
0
0
0
0
0
0
0
0
0
0
0
0
0
0
0
0
0
0
0
0
0
0
0
0
0
0
0
0
0
0
0
0
0
0
0
8.0423e-05
0.0012325
0.003482
0.0063932
0.00857
0.0090612
0.0089273
0.0079271
0.0070373
0.0063249
0.0063122
0.0066623
0.0066633
0.0068782
0.0068344
0.0070879
0.0070656
0.0070964
0.0071795
0.0072594
0.0077268
0.0076188
0.0076183
0.0075823
0.0076177
0.0078887
0.0081351
0.0075041
0.0070728
0.0067305
0.0065452
0.0065186
0.0064379
0.0065582
0.0063681
0.0062428
0.0062106
0.0060347
0.0060065
0.0061071
0.0059237
0.0057459
0.0057485
0.0056832
0.0057076
0.0055184
