0
0
0
0
0
0
0
0.00043287
0.0015449
0.0015719
0.0029183
0.0036609
0.0052397
0.010399
0.013704
0.023625
0.034682
0.064562
0.13232
0.20859
0.31244
0.39261
0.44688
0.5093
0.5742
0.60874
0.63166
0.61169
0.62878
0.62471
0.59542
0.54978
0.53415
0.55621
0.54258
0.52035
0.52638
0.58248
0.62034
0.69688
0.71196
0.69112
0.67971
0.65015
0.63142
0.63342
0.62944
0.64294
0.67567
0.69688
0.71196
0.69112
0.67971
0.65015
0.63142
0.63342
0.62944
0.64294
0.67567
0.65214
0.64528
0.64192
0.59163
0.55154
0.57084
0.60293
0.63673
0.65395
0.60018
0.55156
0.53169
0.58175
0.66101
0.80465
0.79626
0.7373
0.49414
0.39917
0.33912
0.37215
0.39066
0.4177
0.41761
0.43148
0.43765
0.40312
0.38035
0.3418
0.29533
0.2725
0.26824
0.28857
0.28959
0.27181
0.22747
0.17042
0.15114
0.11865
0.11603
0.12673
0.12633
0
0
0
0
0
0
7.9962e-05
0.00036105
0.00084819
0.0021384
0.0036978
0.0052005
0.0057401
0.0118
0.018121
0.029103
0.046223
0.081434
0.16118
0.23432
0.31792
0.40033
0.46279
0.53038
0.58381
0.61003
0.59944
0.60248
0.62928
0.6362
0.60057
0.57105
0.55604
0.54238
0.53683
0.51256
0.50648
0.54158
0.60347
0.66578
0.68501
0.68967
0.66257
0.63226
0.63448
0.63236
0.63993
0.63445
0.64441
0.66578
0.68501
0.68967
0.66257
0.63226
0.63448
0.63236
0.63993
0.63445
0.64441
0.66463
0.66884
0.66643
0.66615
0.64448
0.6209
0.65604
0.67084
0.6566
0.63653
0.58539
0.56086
0.60085
0.67195
0.83933
0.8456
0.76161
0.60892
0.44549
0.36378
0.36635
0.37963
0.43543
0.46656
0.46999
0.46383
0.44385
0.39707
0.35697
0.31716
0.27622
0.26427
0.27701
0.28796
0.26946
0.22198
0.17507
0.15244
0.11826
0.11523
0.12584
0.12633
0
0
0
0
0
0
7.9962e-05
0.00046925
0.0012169
0.0031359
0.0046786
0.0063306
0.0093493
0.014536
0.027226
0.05075
0.083913
0.14326
0.20768
0.28283
0.36849
0.41613
0.48702
0.53577
0.57218
0.58309
0.57891
0.57827
0.58547
0.59002
0.5591
0.55726
0.53299
0.52932
0.51407
0.50995
0.56474
0.58292
0.62107
0.63967
0.67483
0.69303
0.68442
0.67671
0.65581
0.65012
0.63358
0.63367
0.64504
0.63967
0.67483
0.69303
0.68442
0.67671
0.65581
0.65012
0.63358
0.63367
0.64504
0.62098
0.65972
0.68933
0.6988
0.69995
0.66036
0.65768
0.67663
0.70011
0.66552
0.65162
0.61608
0.65425
0.79567
0.9221
0.94082
0.8292
0.65723
0.48247
0.40991
0.40327
0.44538
0.48491
0.53711
0.55291
0.54172
0.50628
0.4632
0.39553
0.35087
0.29915
0.26334
0.26648
0.27873
0.26593
0.21756
0.17501
0.15169
0.12091
0.12007
0.12638
0.12633
0
0
0
0
0
0
4.3145e-05
0.00056733
0.0012754
0.0036215
0.004976
0.0077569
0.011353
0.018905
0.039546
0.075705
0.13097
0.21216
0.28251
0.35723
0.40295
0.43843
0.48713
0.52928
0.56228
0.55533
0.54137
0.52836
0.5368
0.52342
0.50241
0.54082
0.55141
0.55137
0.5444
0.5793
0.64933
0.68108
0.66616
0.64635
0.67268
0.66911
0.67096
0.65679
0.63163
0.63694
0.62304
0.63496
0.63584
0.64635
0.67268
0.66911
0.67096
0.65679
0.63163
0.63694
0.62304
0.63496
0.63584
0.62893
0.65663
0.67624
0.66395
0.65016
0.64047
0.65552
0.67087
0.65878
0.66593
0.62126
0.62065
0.74226
0.80917
0.93533
0.95512
0.82894
0.67851
0.58387
0.49428
0.47683
0.5105
0.54714
0.57576
0.58773
0.58614
0.56549
0.5335
0.47126
0.40601
0.32325
0.27264
0.26191
0.27339
0.26683
0.2172
0.18036
0.15203
0.12366
0.12149
0.12668
0.12633
0
0
0
0
0
0
0.00019931
0.0010501
0.0017923
0.0026451
0.0056735
0.011068
0.022133
0.038934
0.067528
0.13437
0.21585
0.29077
0.35011
0.39365
0.4357
0.45059
0.49001
0.52069
0.54489
0.55173
0.50708
0.47611
0.45312
0.42964
0.43647
0.45959
0.48689
0.52684
0.55634
0.60109
0.62871
0.62656
0.64542
0.64233
0.64083
0.66701
0.65344
0.62658
0.63732
0.64069
0.63499
0.62978
0.62008
0.64233
0.64083
0.66701
0.65344
0.62658
0.63732
0.64069
0.63499
0.62978
0.62008
0.63358
0.65983
0.64222
0.63909
0.63601
0.6173
0.63108
0.64885
0.63925
0.60131
0.57754
0.6288
0.66597
0.76096
0.82323
0.77399
0.94703
0.88708
0.78495
0.67905
0.57169
0.55772
0.56366
0.56926
0.59133
0.59883
0.62229
0.60284
0.55385
0.45204
0.3551
0.28823
0.26502
0.27412
0.26869
0.22415
0.17935
0.15123
0.12767
0.12011
0.12564
0.12633
0
0
0
0
0
0.00015907
0.00024385
0.0010133
0.0024003
0.0032511
0.0093217
0.024544
0.04433
0.070512
0.10712
0.18855
0.26107
0.32653
0.37335
0.40507
0.44268
0.44977
0.46758
0.50484
0.50842
0.52051
0.52172
0.47736
0.4522
0.41382
0.39591
0.40197
0.44381
0.49511
0.53905
0.58288
0.58603
0.60778
0.60913
0.61287
0.61493
0.61203
0.62902
0.62531
0.63437
0.60797
0.61593
0.60386
0.59342
0.61287
0.61493
0.61203
0.62902
0.62531
0.63437
0.60797
0.61593
0.60386
0.59342
0.60374
0.60261
0.61717
0.61513
0.59311
0.59836
0.58282
0.57752
0.58263
0.60923
0.63545
0.6437
0.64929
0.63849
0.66718
0.86385
0.96142
0.98061
0.9348
0.77011
0.65833
0.6032
0.56593
0.55138
0.57921
0.61077
0.63453
0.6342
0.59155
0.49114
0.38723
0.31506
0.27359
0.28145
0.26686
0.22395
0.18595
0.15164
0.12871
0.12155
0.12514
0.12633
0
0
0
0
0
4.4544e-05
0.00048075
0.0012561
0.0033658
0.00525
0.015196
0.031642
0.054157
0.085106
0.13499
0.22739
0.27814
0.33186
0.3565
0.37846
0.4134
0.4459
0.45121
0.46044
0.46438
0.45981
0.4507
0.45182
0.42207
0.4014
0.40801
0.41344
0.46115
0.50784
0.53138
0.52981
0.58479
0.59459
0.61
0.60431
0.56598
0.56118
0.5492
0.55546
0.55114
0.53559
0.54153
0.55015
0.56316
0.60431
0.56598
0.56118
0.5492
0.55546
0.55114
0.53559
0.54153
0.55015
0.56316
0.54046
0.54057
0.5515
0.58776
0.6265
0.60763
0.58151
0.55654
0.53872
0.60061
0.63325
0.60801
0.61739
0.5838
0.60703
0.76233
0.81049
0.93118
0.8777
0.70558
0.67244
0.61496
0.60045
0.59234
0.59117
0.59479
0.62323
0.64913
0.62598
0.52959
0.43732
0.3344
0.30732
0.30291
0.27325
0.2249
0.19093
0.15303
0.13372
0.1242
0.12611
0.12633
0
0
4.4252e-05
0.00013215
0.00017191
0.00021249
0.00054123
0.0011307
0.0037431
0.0083368
0.017904
0.031944
0.058695
0.10796
0.16897
0.22775
0.26717
0.30004
0.33051
0.36784
0.37258
0.40504
0.43628
0.44809
0.42593
0.39831
0.37118
0.3562
0.36943
0.36206
0.3805
0.39874
0.42042
0.43987
0.45049
0.48212
0.53767
0.56931
0.57687
0.5482
0.50934
0.49701
0.49589
0.48859
0.47648
0.47852
0.48452
0.50074
0.51847
0.5482
0.50934
0.49701
0.49589
0.48859
0.47648
0.47852
0.48452
0.50074
0.51847
0.51518
0.52444
0.52173
0.56759
0.6172
0.6408
0.61964
0.5772
0.58646
0.59612
0.57097
0.56866
0.52343
0.53391
0.58116
0.61596
0.66348
0.6706
0.69072
0.70348
0.65686
0.64371
0.62676
0.60415
0.59675
0.59741
0.64396
0.64896
0.65811
0.58766
0.4896
0.40198
0.35581
0.33222
0.28391
0.2295
0.18746
0.15536
0.13748
0.1262
0.12724
0.12633
0
0
0.00013215
0.00031818
0.0007982
0.0011725
0.00092828
0.0015121
0.0053791
0.013257
0.021293
0.032794
0.058036
0.12475
0.2026
0.25916
0.31161
0.32588
0.35201
0.35658
0.35746
0.3769
0.40848
0.43658
0.43944
0.40335
0.35876
0.34441
0.33196
0.33814
0.35566
0.3634
0.37636
0.38141
0.39644
0.43143
0.46393
0.50218
0.52728
0.51439
0.50463
0.50005
0.468
0.45868
0.46216
0.4571
0.46486
0.45302
0.47002
0.51439
0.50463
0.50005
0.468
0.45868
0.46216
0.4571
0.46486
0.45302
0.47002
0.48551
0.49116
0.50662
0.53892
0.58236
0.60962
0.59426
0.56087
0.56537
0.61307
0.6009
0.576
0.52386
0.55807
0.61198
0.62804
0.61773
0.62561
0.65745
0.65997
0.64015
0.6142
0.57696
0.55632
0.55532
0.56232
0.63294
0.65454
0.70589
0.66717
0.55173
0.47035
0.40174
0.34871
0.29466
0.23437
0.18839
0.15725
0.13954
0.12738
0.12715
0.12633
0
0
0.00013215
0.00075844
0.001198
0.0013093
0.0013029
0.0031193
0.0083033
0.018003
0.03193
0.045086
0.064731
0.12731
0.18705
0.26166
0.30365
0.33415
0.37264
0.37609
0.36968
0.36988
0.39124
0.42411
0.43916
0.42152
0.38203
0.34335
0.33732
0.33417
0.3522
0.37462
0.39065
0.41886
0.42817
0.41497
0.43347
0.44783
0.46077
0.45876
0.44594
0.42655
0.42156
0.41339
0.43721
0.43751
0.43286
0.409
0.40308
0.45876
0.44594
0.42655
0.42156
0.41339
0.43721
0.43751
0.43286
0.409
0.40308
0.41654
0.4326
0.45567
0.4924
0.51647
0.52215
0.52273
0.51085
0.51769
0.57204
0.58042
0.60233
0.61687
0.63414
0.65706
0.64028
0.61822
0.65454
0.63166
0.62219
0.59964
0.49286
0.45655
0.47884
0.48
0.50218
0.57977
0.66006
0.73819
0.70998
0.60664
0.52703
0.44497
0.363
0.30126
0.23089
0.19198
0.16532
0.14072
0.12919
0.1254
0.12633
0
0
4.4252e-05
0.00079632
0.0012313
0.001636
0.0021054
0.0027587
0.012399
0.037364
0.060171
0.070219
0.080795
0.10923
0.1642
0.23711
0.30122
0.35161
0.35944
0.36229
0.37456
0.37507
0.39578
0.39443
0.40076
0.39958
0.385
0.37372
0.3572
0.35332
0.36056
0.35846
0.38262
0.38951
0.39976
0.39634
0.40268
0.41381
0.4129
0.39842
0.38827
0.37625
0.38506
0.37976
0.38048
0.4139
0.41873
0.41098
0.40025
0.39842
0.38827
0.37625
0.38506
0.37976
0.38048
0.4139
0.41873
0.41098
0.40025
0.39543
0.40301
0.40955
0.41587
0.45992
0.47426
0.49042
0.5127
0.50808
0.52968
0.56375
0.56856
0.56088
0.56144
0.57189
0.60722
0.60308
0.64386
0.63492
0.6466
0.59185
0.51047
0.46483
0.44405
0.43684
0.49286
0.55571
0.66913
0.77371
0.77608
0.6826
0.55876
0.46237
0.36621
0.29875
0.23255
0.1874
0.16476
0.14049
0.13017
0.12529
0.12633
0
0
0
0.00062629
0.0013867
0.0018689
0.0019692
0.0033983
0.018957
0.046315
0.07447
0.09768
0.10262
0.12731
0.17009
0.24431
0.30556
0.34962
0.35319
0.35714
0.36838
0.36647
0.35672
0.33472
0.33288
0.35053
0.35138
0.34258
0.33437
0.32511
0.33176
0.33381
0.32872
0.3312
0.33449
0.32923
0.35835
0.37364
0.37697
0.37754
0.36999
0.37375
0.36365
0.34808
0.36646
0.3829
0.39929
0.40168
0.38257
0.37754
0.36999
0.37375
0.36365
0.34808
0.36646
0.3829
0.39929
0.40168
0.38257
0.38017
0.3767
0.40382
0.42723
0.44732
0.46386
0.47353
0.49742
0.49848
0.48774
0.51465
0.49276
0.48397
0.46818
0.45997
0.52493
0.58456
0.66637
0.7439
0.72747
0.6997
0.66155
0.61846
0.55562
0.50593
0.5137
0.55668
0.67102
0.78673
0.78951
0.72672
0.57065
0.42349
0.35782
0.28739
0.22466
0.18653
0.16295
0.14388
0.13125
0.12541
0.12633
0
0
0
0
0.00097579
0.0013714
0.0012371
0.0021757
0.015418
0.042754
0.075665
0.10257
0.11264
0.14398
0.17377
0.25313
0.30614
0.34054
0.36144
0.36019
0.33817
0.33502
0.31759
0.3211
0.32818
0.3141
0.31224
0.30852
0.29503
0.29731
0.30214
0.29294
0.2927
0.29743
0.28758
0.28997
0.31274
0.33416
0.32927
0.32175
0.30911
0.31129
0.32782
0.32229
0.32379
0.31914
0.32357
0.3301
0.33409
0.32175
0.30911
0.31129
0.32782
0.32229
0.32379
0.31914
0.32357
0.3301
0.33409
0.3372
0.3562
0.36902
0.40172
0.40352
0.427
0.43
0.45517
0.47506
0.49824
0.52742
0.50967
0.52213
0.47779
0.46909
0.50255
0.55581
0.65659
0.70375
0.75273
0.83724
0.78642
0.71888
0.66748
0.57836
0.54043
0.58303
0.68375
0.75915
0.77644
0.71872
0.55488
0.4166
0.3374
0.25752
0.21193
0.18116
0.15969
0.14721
0.13077
0.12592
0.12633
0
0
0
0
0.00028813
0.00094741
0.00098153
0.0017533
0.0080702
0.029053
0.061265
0.086398
0.11355
0.14968
0.19422
0.25702
0.30169
0.35843
0.3634
0.36162
0.34587
0.34059
0.33196
0.32532
0.33111
0.32486
0.32096
0.30143
0.29301
0.28326
0.28075
0.27765
0.27393
0.26851
0.26203
0.26077
0.26672
0.27937
0.28201
0.26998
0.24892
0.2647
0.2758
0.28086
0.28346
0.26923
0.28453
0.28986
0.30148
0.26998
0.24892
0.2647
0.2758
0.28086
0.28346
0.26923
0.28453
0.28986
0.30148
0.31195
0.3257
0.33407
0.34661
0.3551
0.36071
0.38561
0.41421
0.42692
0.44371
0.46474
0.50033
0.50978
0.49644
0.46446
0.47254
0.51415
0.59201
0.68675
0.79652
0.90031
0.86742
0.79769
0.73138
0.66189
0.6327
0.6208
0.67025
0.84676
0.85686
0.72485
0.51961
0.40239
0.3182
0.23423
0.20182
0.17796
0.15954
0.14218
0.13113
0.12519
0.12633
0
0
0
0
0
0.00035568
0.00091711
0.001643
0.0075615
0.02042
0.042956
0.071213
0.10891
0.15585
0.20417
0.26447
0.31308
0.34844
0.36328
0.35622
0.35117
0.32132
0.31031
0.31814
0.31014
0.30501
0.29313
0.27968
0.26044
0.25026
0.24536
0.25535
0.2593
0.24659
0.24022
0.23765
0.23102
0.23503
0.23714
0.24478
0.23998
0.2363
0.24094
0.24158
0.25277
0.26188
0.26396
0.27311
0.27038
0.24478
0.23998
0.2363
0.24094
0.24158
0.25277
0.26188
0.26396
0.27311
0.27038
0.28261
0.31188
0.33875
0.36838
0.3543
0.3545
0.3558
0.34917
0.36998
0.39205
0.44132
0.48676
0.48453
0.46057
0.43778
0.44674
0.49125
0.58841
0.68795
0.78908
0.85659
0.84206
0.7482
0.69501
0.67226
0.68165
0.68717
0.77206
0.92079
0.88796
0.73705
0.5476
0.37821
0.29902
0.2291
0.19902
0.17791
0.15556
0.14373
0.13011
0.12548
0.12633
0
0
0
0
0
0.00026438
0.00096917
0.0026104
0.010437
0.021718
0.039426
0.060633
0.10273
0.15651
0.2091
0.27281
0.3214
0.3318
0.34182
0.31449
0.30219
0.30882
0.30735
0.31639
0.29077
0.2641
0.23154
0.22155
0.20882
0.20007
0.20134
0.19436
0.20257
0.20684
0.20233
0.19706
0.19405
0.20394
0.20821
0.21597
0.22884
0.2269
0.22614
0.2193
0.21193
0.21702
0.2353
0.2301
0.23031
0.21597
0.22884
0.2269
0.22614
0.2193
0.21193
0.21702
0.2353
0.2301
0.23031
0.24797
0.27531
0.31311
0.34216
0.35452
0.3329
0.33114
0.32872
0.34853
0.37852
0.43095
0.46128
0.46017
0.42322
0.39795
0.42329
0.44369
0.51494
0.62795
0.72535
0.77123
0.74052
0.72349
0.6543
0.65704
0.69919
0.73623
0.87142
0.96088
0.90191
0.79141
0.53709
0.3851
0.29539
0.23017
0.20533
0.17811
0.15209
0.14599
0.12982
0.12509
0.12633
0
0
0
0.00043149
0.00014802
0.00050375
0.0011527
0.004079
0.012701
0.023197
0.036106
0.055906
0.090767
0.13711
0.19734
0.26614
0.30389
0.32253
0.30196
0.29294
0.2749
0.27621
0.29156
0.29094
0.27043
0.24105
0.2184
0.202
0.17979
0.16816
0.16362
0.16699
0.16909
0.17611
0.17512
0.17113
0.17214
0.17577
0.17724
0.18729
0.20008
0.20176
0.20346
0.19286
0.19655
0.19468
0.20061
0.20794
0.21148
0.18729
0.20008
0.20176
0.20346
0.19286
0.19655
0.19468
0.20061
0.20794
0.21148
0.22988
0.24288
0.26975
0.28006
0.29078
0.2883
0.29812
0.3295
0.34346
0.37483
0.44191
0.45725
0.51751
0.51463
0.45698
0.40799
0.4303
0.47857
0.49041
0.5271
0.60971
0.63394
0.58543
0.60356
0.61891
0.66273
0.76546
0.93601
1
0.96707
0.8227
0.53611
0.37464
0.29925
0.23035
0.21056
0.18436
0.15862
0.1451
0.13035
0.12498
0.12633
0
0
0.00082395
0.0013519
0.0016245
0.001652
0.002059
0.0040696
0.018941
0.028916
0.04337
0.056554
0.083371
0.12907
0.18873
0.23595
0.26742
0.27777
0.27633
0.27061
0.26311
0.26381
0.26704
0.25539
0.2423
0.21661
0.20071
0.18452
0.16668
0.14329
0.13975
0.13984
0.14767
0.15604
0.16217
0.16834
0.17083
0.17428
0.17074
0.17046
0.17544
0.17652
0.1773
0.17113
0.17618
0.18311
0.18941
0.19528
0.20598
0.17046
0.17544
0.17652
0.1773
0.17113
0.17618
0.18311
0.18941
0.19528
0.20598
0.21716
0.22984
0.23735
0.24232
0.24134
0.24305
0.24436
0.25576
0.26763
0.31189
0.3988
0.47413
0.57176
0.54322
0.51971
0.47906
0.43709
0.4476
0.42096
0.42859
0.47843
0.54172
0.54204
0.53914
0.53769
0.61411
0.72739
0.87478
0.98543
0.96219
0.8421
0.54518
0.3871
0.30639
0.24221
0.21312
0.18984
0.16214
0.14226
0.12917
0.12472
0.12633
0
0
0.001231
0.0025996
0.006526
0.0067944
0.0062824
0.0057823
0.022083
0.038425
0.056244
0.070133
0.097021
0.14497
0.20151
0.24922
0.27221
0.27434
0.26678
0.26629
0.25533
0.24283
0.23876
0.23288
0.21126
0.19293
0.18835
0.17342
0.15584
0.14015
0.1262
0.1164
0.1163
0.12257
0.1368
0.14525
0.15154
0.15343
0.15393
0.15145
0.15059
0.14803
0.14632
0.14247
0.14969
0.16161
0.17047
0.18114
0.18142
0.15145
0.15059
0.14803
0.14632
0.14247
0.14969
0.16161
0.17047
0.18114
0.18142
0.1932
0.21378
0.22546
0.23538
0.22596
0.2071
0.18915
0.19317
0.20032
0.23399
0.29491
0.36672
0.46914
0.51313
0.47434
0.41017
0.42064
0.43551
0.43071
0.43262
0.47897
0.50606
0.52383
0.48948
0.48268
0.54578
0.62896
0.75435
0.84226
0.82184
0.68593
0.54035
0.40613
0.31412
0.2523
0.22251
0.19093
0.16555
0.14248
0.12703
0.12428
0.12633
0
0
0.0019192
0.0086663
0.01698
0.020656
0.017884
0.014174
0.02478
0.045301
0.061609
0.081685
0.11532
0.16892
0.22861
0.26652
0.2988
0.29827
0.28395
0.27154
0.24639
0.23836
0.22498
0.20983
0.19863
0.17646
0.16198
0.15415
0.14069
0.13417
0.11514
0.10657
0.10275
0.11125
0.11768
0.11802
0.11657
0.11771
0.1209
0.12461
0.12166
0.12598
0.12885
0.12472
0.13023
0.13967
0.16003
0.17339
0.17838
0.12461
0.12166
0.12598
0.12885
0.12472
0.13023
0.13967
0.16003
0.17339
0.17838
0.18361
0.18377
0.19729
0.19776
0.19324
0.18304
0.17384
0.18593
0.20938
0.24072
0.2561
0.29562
0.33804
0.36872
0.35842
0.36745
0.38467
0.414
0.4615
0.49859
0.52255
0.50402
0.49648
0.47531
0.44751
0.46634
0.5249
0.63812
0.74475
0.71801
0.62507
0.50741
0.38711
0.31173
0.25971
0.22904
0.1922
0.16688
0.14212
0.12613
0.12522
0.12633
0
0
0.0028457
0.013729
0.023738
0.029405
0.029255
0.02609
0.027355
0.043687
0.065168
0.088457
0.12408
0.17876
0.24443
0.29047
0.30385
0.30378
0.29538
0.28
0.26408
0.23412
0.23171
0.22561
0.20196
0.17938
0.15238
0.13733
0.12913
0.11298
0.10917
0.10435
0.10406
0.11
0.1169
0.1193
0.118
0.11302
0.11052
0.10318
0.10626
0.11169
0.11401
0.11674
0.12425
0.13327
0.14878
0.15961
0.16457
0.10318
0.10626
0.11169
0.11401
0.11674
0.12425
0.13327
0.14878
0.15961
0.16457
0.16485
0.16079
0.15978
0.14753
0.14344
0.14457
0.15149
0.16374
0.19308
0.22092
0.23334
0.2582
0.26892
0.28836
0.32289
0.33593
0.36085
0.40623
0.4295
0.46323
0.51642
0.50486
0.45793
0.43521
0.4194
0.43083
0.45399
0.49743
0.5781
0.57308
0.54676
0.45776
0.34603
0.30277
0.26705
0.23464
0.20364
0.16751
0.14426
0.1264
0.12585
0.12633
0
0
0.0028584
0.014344
0.025003
0.03287
0.033718
0.026004
0.029358
0.041802
0.059285
0.082887
0.11936
0.16724
0.22801
0.28224
0.29948
0.29835
0.27615
0.26746
0.25295
0.24584
0.25002
0.24148
0.22033
0.1945
0.16306
0.14294
0.12878
0.12177
0.11185
0.1036
0.10484
0.11223
0.11436
0.11807
0.11403
0.10618
0.10753
0.10831
0.10939
0.11254
0.11892
0.11716
0.11858
0.1217
0.11796
0.11546
0.12755
0.10831
0.10939
0.11254
0.11892
0.11716
0.11858
0.1217
0.11796
0.11546
0.12755
0.1408
0.15082
0.15485
0.15178
0.14928
0.14337
0.14155
0.14235
0.16354
0.18689
0.19447
0.19141
0.20499
0.22062
0.25485
0.28497
0.30471
0.32775
0.37905
0.41443
0.43143
0.40448
0.38115
0.36703
0.37201
0.41214
0.40971
0.44135
0.4755
0.49377
0.45115
0.37594
0.31555
0.29645
0.27673
0.242
0.20897
0.16924
0.14588
0.12785
0.12511
0.12633
0
0
0.0016704
0.01133
0.021221
0.028273
0.026478
0.021049
0.023043
0.031822
0.045581
0.072517
0.10971
0.1627
0.22541
0.26092
0.28548
0.2821
0.26266
0.26243
0.24325
0.23586
0.23202
0.21614
0.19606
0.1715
0.14954
0.13926
0.13427
0.12666
0.12101
0.10604
0.10239
0.1045
0.10574
0.11047
0.10892
0.10151
0.10634
0.1009
0.10425
0.11034
0.1134
0.11205
0.10506
0.10133
0.094206
0.089036
0.097288
0.1009
0.10425
0.11034
0.1134
0.11205
0.10506
0.10133
0.094206
0.089036
0.097288
0.099997
0.11501
0.1303
0.14192
0.1498
0.14818
0.14038
0.14224
0.15523
0.18058
0.19574
0.18868
0.17867
0.17287
0.18503
0.21612
0.22808
0.23271
0.25778
0.29801
0.33943
0.34841
0.3341
0.29923
0.33007
0.35536
0.3965
0.40605
0.426
0.4148
0.36108
0.32647
0.27813
0.28021
0.28489
0.24739
0.20912
0.1697
0.14238
0.12845
0.12633
0.12633
0
0
0.0008719
0.0049598
0.010665
0.01385
0.014107
0.013184
0.015838
0.024313
0.035416
0.062075
0.1074
0.15469
0.22503
0.27141
0.28221
0.28383
0.26766
0.24997
0.24207
0.23807
0.22129
0.19819
0.17333
0.14599
0.13911
0.13626
0.12682
0.11847
0.11195
0.11071
0.11305
0.11134
0.10802
0.10916
0.10882
0.11243
0.1105
0.10753
0.10597
0.10098
0.094489
0.088649
0.080173
0.082223
0.085042
0.08248
0.078861
0.10753
0.10597
0.10098
0.094489
0.088649
0.080173
0.082223
0.085042
0.08248
0.078861
0.080973
0.082259
0.096714
0.11646
0.12257
0.12122
0.11149
0.11582
0.14049
0.15997
0.1814
0.18681
0.18577
0.1781
0.18302
0.18102
0.19323
0.20354
0.21576
0.25939
0.28935
0.2988
0.30006
0.2908
0.30817
0.32258
0.34469
0.36144
0.36579
0.33343
0.30585
0.27627
0.25759
0.27045
0.28419
0.2527
0.20499
0.17012
0.14203
0.12775
0.12615
0.12633
0
0
7.8291e-05
0.0025437
0.005308
0.0061503
0.0064487
0.0072341
0.011707
0.020349
0.03183
0.055541
0.11266
0.17738
0.24117
0.27781
0.29368
0.30076
0.29582
0.28382
0.26154
0.24589
0.23185
0.20625
0.18155
0.16716
0.15075
0.14367
0.13606
0.13121
0.12437
0.11645
0.12394
0.12273
0.12135
0.11525
0.10994
0.11277
0.10777
0.10419
0.098977
0.088786
0.082354
0.076181
0.071737
0.070141
0.075705
0.07742
0.073486
0.10419
0.098977
0.088786
0.082354
0.076181
0.071737
0.070141
0.075705
0.07742
0.073486
0.065857
0.065429
0.073788
0.083431
0.091883
0.089362
0.089436
0.099474
0.11012
0.12896
0.14476
0.15421
0.15523
0.1588
0.17298
0.18816
0.20355
0.21057
0.20144
0.2084
0.25515
0.28692
0.33493
0.33803
0.33202
0.33696
0.3345
0.33653
0.32287
0.29236
0.25137
0.23128
0.24159
0.26258
0.27276
0.2476
0.20127
0.16462
0.14262
0.12901
0.1268
0.12633
0
0
4.0722e-05
0.0013731
0.0025262
0.0036012
0.004073
0.0072565
0.011311
0.016317
0.030698
0.053381
0.11278
0.17377
0.22856
0.26792
0.27777
0.28965
0.29985
0.30303
0.29295
0.27618
0.25761
0.22269
0.20585
0.1721
0.15387
0.14429
0.138
0.13604
0.12528
0.1254
0.12814
0.13276
0.13424
0.13074
0.1294
0.12536
0.11921
0.11849
0.1113
0.099583
0.087295
0.077255
0.073899
0.072163
0.067634
0.067998
0.069476
0.11849
0.1113
0.099583
0.087295
0.077255
0.073899
0.072163
0.067634
0.067998
0.069476
0.06585
0.063446
0.065662
0.065874
0.073891
0.078052
0.082784
0.08663
0.093424
0.098465
0.097766
0.10465
0.11121
0.12979
0.15563
0.18989
0.21836
0.21818
0.21186
0.19336
0.2217
0.29151
0.38041
0.41941
0.40727
0.36489
0.35947
0.33776
0.31185
0.27601
0.22113
0.19919
0.22528
0.23977
0.2599
0.25189
0.20095
0.15664
0.13814
0.13354
0.12767
0.12633
0
0
4.0722e-05
0.00035817
0.0018767
0.0028655
0.0041282
0.0063729
0.011285
0.014705
0.02684
0.054251
0.10117
0.16339
0.22029
0.25362
0.27538
0.29213
0.30468
0.31693
0.30463
0.2851
0.26924
0.23247
0.20472
0.18742
0.17019
0.15523
0.15134
0.14026
0.13815
0.12694
0.12482
0.12842
0.13923
0.13463
0.1339
0.12749
0.12227
0.12029
0.1208
0.1069
0.090169
0.084422
0.071777
0.071295
0.0669
0.065583
0.072554
0.12029
0.1208
0.1069
0.090169
0.084422
0.071777
0.071295
0.0669
0.065583
0.072554
0.072459
0.066809
0.062471
0.069065
0.074085
0.076715
0.079181
0.075266
0.072426
0.068695
0.074599
0.082427
0.090683
0.10301
0.13061
0.17315
0.20133
0.21275
0.21304
0.21325
0.23328
0.3138
0.3824
0.4299
0.42488
0.36068
0.35984
0.3478
0.31594
0.25139
0.1948
0.17116
0.20094
0.21617
0.24414
0.23935
0.19744
0.15639
0.13664
0.1336
0.12871
0.12633
0
0
0
7.7999e-05
0.00096481
0.0028942
0.0040828
0.0057356
0.0081135
0.0136
0.02596
0.051644
0.091286
0.15137
0.21574
0.25452
0.28036
0.30241
0.30936
0.31189
0.30624
0.28781
0.27232
0.24059
0.21719
0.20895
0.19206
0.1791
0.16385
0.16227
0.15902
0.15601
0.14983
0.15508
0.15445
0.14974
0.14715
0.13533
0.12849
0.11742
0.11099
0.095644
0.087917
0.090237
0.085188
0.077873
0.07828
0.077635
0.083831
0.11742
0.11099
0.095644
0.087917
0.090237
0.085188
0.077873
0.07828
0.077635
0.083831
0.083044
0.077898
0.070274
0.069032
0.074705
0.074474
0.069574
0.066525
0.063935
0.069593
0.079761
0.0855
0.09267
0.099122
0.10901
0.12969
0.14809
0.17464
0.1954
0.21667
0.24235
0.30308
0.34953
0.38502
0.37224
0.34662
0.34495
0.32554
0.29164
0.2331
0.17939
0.15899
0.1797
0.19246
0.22604
0.21468
0.18454
0.15256
0.13603
0.13074
0.12818
0.12633
0
0
0
4.162e-05
0.00054697
0.0018268
0.004518
0.0060168
0.0074248
0.011947
0.026511
0.050261
0.088748
0.1405
0.20429
0.26124
0.29658
0.30921
0.29963
0.29375
0.30192
0.29396
0.28121
0.26661
0.23938
0.22636
0.21265
0.19153
0.17869
0.17427
0.17986
0.18971
0.1912
0.19176
0.18486
0.17665
0.16767
0.15754
0.14711
0.13033
0.11465
0.10142
0.10298
0.10608
0.11198
0.11454
0.10299
0.10058
0.097181
0.13033
0.11465
0.10142
0.10298
0.10608
0.11198
0.11454
0.10299
0.10058
0.097181
0.09174
0.087793
0.070284
0.06649
0.068844
0.065446
0.064289
0.063797
0.070442
0.085833
0.10327
0.11767
0.12413
0.11546
0.10501
0.10734
0.11549
0.12884
0.16519
0.19999
0.2216
0.2388
0.25706
0.25223
0.26134
0.26582
0.2934
0.29927
0.25667
0.20226
0.17667
0.15465
0.16514
0.17935
0.20474
0.19686
0.17237
0.14672
0.12786
0.12749
0.12816
0.12633
0
0
0
4.162e-05
0.00024258
0.00058811
0.0047985
0.0070515
0.010209
0.015674
0.029909
0.057451
0.093977
0.1399
0.19242
0.25737
0.29448
0.32277
0.32246
0.31518
0.31726
0.30479
0.31139
0.28196
0.27268
0.26106
0.24124
0.23685
0.21952
0.22084
0.21751
0.21788
0.22604
0.2221
0.21845
0.2042
0.19077
0.17924
0.1639
0.14662
0.1297
0.12021
0.11095
0.11281
0.11051
0.10766
0.096228
0.088966
0.087055
0.14662
0.1297
0.12021
0.11095
0.11281
0.11051
0.10766
0.096228
0.088966
0.087055
0.082613
0.076686
0.071773
0.068593
0.066932
0.065455
0.062992
0.06375
0.068112
0.08791
0.1091
0.12695
0.12356
0.121
0.10583
0.095897
0.10104
0.10761
0.12718
0.15719
0.17914
0.18807
0.18641
0.17698
0.1854
0.20959
0.24418
0.2471
0.23346
0.20114
0.16887
0.1526
0.14539
0.16799
0.17857
0.17903
0.15931
0.1425
0.12377
0.1244
0.12974
0.12633
0
0
0
4.162e-05
4.162e-05
0.00053563
0.0047983
0.0085184
0.011793
0.019869
0.035434
0.060334
0.093653
0.12511
0.17451
0.2349
0.28014
0.30769
0.31516
0.31404
0.33696
0.33127
0.33384
0.30772
0.29831
0.2903
0.27932
0.28878
0.2732
0.28144
0.2641
0.26313
0.2606
0.25531
0.2415
0.2311
0.22483
0.20626
0.18012
0.15657
0.13014
0.11827
0.11634
0.12256
0.11826
0.10329
0.096223
0.088786
0.087685
0.15657
0.13014
0.11827
0.11634
0.12256
0.11826
0.10329
0.096223
0.088786
0.087685
0.085959
0.081691
0.0766
0.077342
0.0799
0.076865
0.071972
0.068791
0.069037
0.077149
0.083193
0.095729
0.099293
0.10042
0.10126
0.10184
0.10595
0.10973
0.12393
0.14344
0.16809
0.17237
0.16958
0.1623
0.16077
0.17384
0.19782
0.22349
0.21776
0.19032
0.16846
0.1492
0.14257
0.15164
0.15326
0.15573
0.14817
0.13302
0.11804
0.1238
0.12894
0.12633
0
0
0
0
4.0806e-05
0.0016973
0.0048593
0.0090894
0.013072
0.023514
0.038362
0.057763
0.095582
0.11792
0.15243
0.19663
0.24878
0.30099
0.31658
0.31392
0.32249
0.32237
0.32414
0.32563
0.32049
0.30895
0.30402
0.31112
0.31816
0.32668
0.32005
0.30972
0.30124
0.28786
0.2709
0.25455
0.23406
0.21943
0.19502
0.16303
0.14326
0.13418
0.13671
0.13827
0.12844
0.11567
0.11545
0.11193
0.11588
0.16303
0.14326
0.13418
0.13671
0.13827
0.12844
0.11567
0.11545
0.11193
0.11588
0.10974
0.094108
0.085761
0.076256
0.07852
0.079937
0.077492
0.077435
0.074124
0.07524
0.078734
0.075074
0.081377
0.094043
0.10828
0.11232
0.11348
0.11347
0.13439
0.15974
0.17759
0.17483
0.16762
0.1491
0.14866
0.16423
0.17738
0.19532
0.19092
0.18606
0.16847
0.14284
0.13127
0.12486
0.12618
0.13574
0.13745
0.12039
0.11416
0.12022
0.13003
0.12633
0
0
0
0
0.00029487
0.002313
0.0058789
0.0083416
0.013951
0.023332
0.039248
0.060109
0.092149
0.11399
0.13933
0.17197
0.21854
0.27409
0.33101
0.35313
0.3538
0.34652
0.34208
0.34828
0.34487
0.33922
0.33419
0.32688
0.35119
0.36136
0.3606
0.34932
0.33099
0.32431
0.31214
0.29371
0.27583
0.25553
0.2244
0.19184
0.17203
0.16376
0.16624
0.16047
0.15167
0.14012
0.13763
0.13834
0.13703
0.19184
0.17203
0.16376
0.16624
0.16047
0.15167
0.14012
0.13763
0.13834
0.13703
0.1247
0.10181
0.089169
0.082098
0.078404
0.075835
0.075929
0.078741
0.07801
0.077752
0.078833
0.078875
0.075769
0.088794
0.10083
0.10406
0.10721
0.1083
0.13987
0.16567
0.18711
0.17643
0.15199
0.13963
0.14815
0.1614
0.17111
0.18304
0.17404
0.17588
0.16495
0.1414
0.12396
0.10717
0.11113
0.11784
0.12113
0.10832
0.10982
0.11893
0.12975
0.12633
0
0
0
0
0.00064256
0.0036227
0.0073279
0.010615
0.013186
0.017447
0.03553
0.054371
0.081056
0.10961
0.12004
0.14
0.19299
0.2878
0.37514
0.41964
0.41617
0.42215
0.41467
0.40333
0.39343
0.38057
0.37779
0.38273
0.39126
0.38941
0.3881
0.36212
0.3463
0.34087
0.33103
0.32864
0.30802
0.27947
0.24342
0.20189
0.18768
0.18214
0.18548
0.19341
0.18481
0.17537
0.15589
0.1427
0.12859
0.20189
0.18768
0.18214
0.18548
0.19341
0.18481
0.17537
0.15589
0.1427
0.12859
0.11535
0.099356
0.096098
0.09173
0.091243
0.086447
0.082053
0.08271
0.085903
0.090872
0.090435
0.084251
0.075345
0.078131
0.087072
0.091128
0.092404
0.094286
0.11782
0.13676
0.14951
0.13892
0.12922
0.12773
0.13706
0.1484
0.16327
0.16844
0.16077
0.16192
0.14787
0.12934
0.11393
0.094066
0.10027
0.10352
0.10728
0.099854
0.10604
0.1189
0.12956
0.12633
0
0
0
0
0.00045427
0.0034057
0.0083092
0.011262
0.013847
0.017483
0.032219
0.045737
0.078231
0.096638
0.1079
0.12137
0.18172
0.30468
0.42138
0.47763
0.48373
0.47556
0.46242
0.48077
0.4755
0.46743
0.45508
0.45334
0.44177
0.42383
0.39506
0.37633
0.3727
0.3643
0.3597
0.3341
0.3025
0.26775
0.21858
0.18927
0.18565
0.19422
0.2087
0.20928
0.21011
0.19478
0.16619
0.14832
0.13347
0.18927
0.18565
0.19422
0.2087
0.20928
0.21011
0.19478
0.16619
0.14832
0.13347
0.12406
0.11698
0.11043
0.10653
0.1013
0.092502
0.088057
0.087917
0.089499
0.091807
0.087311
0.082992
0.077976
0.079152
0.080567
0.087179
0.087263
0.085115
0.094811
0.10177
0.12015
0.12782
0.1204
0.11695
0.12171
0.13592
0.1436
0.14539
0.13823
0.12534
0.11715
0.1023
0.094082
0.081858
0.081254
0.09075
0.094448
0.089664
0.1004
0.12002
0.12876
0.12633
0
0
0
0
4.3291e-05
0.0025933
0.0072137
0.011472
0.012154
0.018219
0.026549
0.044477
0.073142
0.091623
0.095854
0.10848
0.16624
0.28123
0.40434
0.50823
0.52708
0.52168
0.51454
0.51673
0.5171
0.52641
0.49166
0.48929
0.45191
0.42151
0.39843
0.39334
0.39277
0.3984
0.39306
0.3695
0.3293
0.28498
0.23308
0.21581
0.21466
0.21099
0.21906
0.22456
0.2204
0.20212
0.18294
0.16375
0.1518
0.21581
0.21466
0.21099
0.21906
0.22456
0.2204
0.20212
0.18294
0.16375
0.1518
0.14143
0.13447
0.12522
0.11329
0.099343
0.089813
0.086861
0.085928
0.085566
0.083887
0.080265
0.078346
0.077684
0.079617
0.077256
0.085853
0.085686
0.085801
0.084916
0.089704
0.11182
0.12565
0.12627
0.11594
0.10468
0.10856
0.10686
0.10885
0.1081
0.1012
0.091016
0.089521
0.077511
0.071194
0.064681
0.075115
0.077618
0.08391
0.095991
0.11885
0.12899
0.12633
0
0
0
0
0
9.0466e-05
0.004653
0.0074678
0.0093446
0.012025
0.020986
0.040417
0.073521
0.097856
0.10978
0.099454
0.13298
0.22871
0.34517
0.45883
0.51561
0.53046
0.53128
0.52491
0.50315
0.48853
0.48124
0.46924
0.45213
0.41463
0.39165
0.407
0.41997
0.42257
0.39147
0.38436
0.34304
0.29535
0.24633
0.23017
0.22672
0.22523
0.21164
0.20825
0.20801
0.19709
0.18637
0.16696
0.15869
0.23017
0.22672
0.22523
0.21164
0.20825
0.20801
0.19709
0.18637
0.16696
0.15869
0.14838
0.13806
0.13715
0.12697
0.11116
0.09846
0.090097
0.0907
0.084036
0.079047
0.079028
0.075983
0.073198
0.073135
0.072491
0.072439
0.071748
0.070847
0.070615
0.091036
0.11502
0.12364
0.12313
0.10466
0.086042
0.084145
0.081435
0.08532
0.08769
0.085081
0.082205
0.072956
0.063592
0.062838
0.056752
0.057827
0.066916
0.078154
0.09245
0.11495
0.12797
0.12633
0
0
0
0
0
0
9.8172e-05
0.0030279
0.0051874
0.0068104
0.01282
0.029636
0.053866
0.073044
0.086753
0.10079
0.12077
0.17628
0.29114
0.40765
0.49573
0.52469
0.53101
0.52027
0.51567
0.48877
0.49312
0.4913
0.44937
0.40278
0.39235
0.41696
0.44039
0.43421
0.40504
0.36163
0.31104
0.26202
0.2162
0.21447
0.21299
0.21927
0.2171
0.20674
0.19726
0.18586
0.17702
0.16696
0.15905
0.21447
0.21299
0.21927
0.2171
0.20674
0.19726
0.18586
0.17702
0.16696
0.15905
0.14605
0.14076
0.13972
0.13146
0.11482
0.10176
0.091828
0.08288
0.077604
0.071532
0.072595
0.069583
0.070715
0.066377
0.059231
0.062778
0.063909
0.062868
0.065289
0.072161
0.087167
0.096124
0.089113
0.080742
0.067869
0.070673
0.067275
0.072573
0.077197
0.075445
0.071364
0.059302
0.054734
0.055362
0.052464
0.047564
0.056187
0.073381
0.088767
0.11284
0.12657
0.12633
0
0
0
0
0
0
0
0.0011473
0.0029287
0.0053749
0.0086098
0.014765
0.029155
0.048723
0.068578
0.078929
0.089305
0.15412
0.24954
0.38737
0.50944
0.57366
0.5946
0.55714
0.55772
0.53054
0.53903
0.50276
0.44459
0.40341
0.38625
0.40159
0.4201
0.40493
0.37495
0.31547
0.26364
0.2115
0.19326
0.19795
0.19971
0.20956
0.20121
0.19176
0.17481
0.15763
0.15432
0.14234
0.14377
0.19795
0.19971
0.20956
0.20121
0.19176
0.17481
0.15763
0.15432
0.14234
0.14377
0.13318
0.12662
0.12187
0.11584
0.11496
0.10145
0.095185
0.088186
0.069898
0.063404
0.064857
0.061675
0.060358
0.05664
0.05318
0.056411
0.053479
0.050869
0.050989
0.053177
0.056992
0.060279
0.060253
0.050834
0.052237
0.0583
0.060825
0.058953
0.063611
0.060628
0.057135
0.052321
0.046927
0.047315
0.047557
0.043885
0.051167
0.064978
0.08346
0.11005
0.12671
0.12633
0
0
0
0
0
0
0
0.0005849
0.0034075
0.005979
0.0079279
0.015017
0.020985
0.030093
0.050504
0.06768
0.091471
0.12132
0.19809
0.34553
0.50504
0.58824
0.61334
0.60118
0.58992
0.59618
0.56586
0.51254
0.45941
0.41239
0.3956
0.37367
0.35146
0.33336
0.30221
0.25557
0.21263
0.18028
0.16193
0.15923
0.17555
0.18042
0.17424
0.1658
0.15313
0.14555
0.14104
0.13639
0.13616
0.15923
0.17555
0.18042
0.17424
0.1658
0.15313
0.14555
0.14104
0.13639
0.13616
0.1273
0.11879
0.10826
0.10227
0.10454
0.097779
0.08844
0.077582
0.070014
0.061902
0.064391
0.061011
0.054645
0.05273
0.048334
0.045237
0.04428
0.041032
0.042405
0.045761
0.042135
0.042768
0.040018
0.039211
0.041597
0.047338
0.050002
0.050456
0.053012
0.053875
0.046906
0.041272
0.034797
0.037403
0.041186
0.039697
0.043677
0.058566
0.080024
0.11044
0.12554
0.12633
0
0
0
0
8.4849e-05
8.4849e-05
0.0001442
0.0010539
0.0020459
0.0038855
0.0067959
0.013918
0.026596
0.046912
0.073329
0.086916
0.08948
0.11492
0.19534
0.31826
0.47576
0.59618
0.62436
0.63043
0.62025
0.6352
0.59879
0.52301
0.43922
0.39097
0.37734
0.33763
0.29978
0.2593
0.2111
0.19048
0.16738
0.15014
0.14485
0.14098
0.14764
0.15284
0.14924
0.14898
0.13317
0.13198
0.12433
0.1237
0.12349
0.14098
0.14764
0.15284
0.14924
0.14898
0.13317
0.13198
0.12433
0.1237
0.12349
0.11834
0.10766
0.09604
0.091962
0.086481
0.082042
0.07687
0.070026
0.065897
0.06039
0.057419
0.051882
0.049515
0.048698
0.044651
0.043555
0.041398
0.041649
0.042861
0.04214
0.043595
0.039078
0.034532
0.031015
0.035224
0.037566
0.03737
0.042215
0.046274
0.046352
0.041087
0.029423
0.02582
0.03017
0.033367
0.034162
0.038945
0.054194
0.077793
0.10773
0.1244
0.12633
0
0
0
0
8.4849e-05
8.4849e-05
0.00048036
0.0011742
0.0018859
0.0034861
0.0053529
0.010336
0.028095
0.054131
0.065887
0.090995
0.10366
0.11168
0.19222
0.31873
0.46612
0.56456
0.6069
0.60511
0.61548
0.6158
0.55939
0.50162
0.40319
0.32384
0.27703
0.2584
0.23428
0.19236
0.15434
0.13326
0.12363
0.12599
0.12839
0.13194
0.13825
0.14206
0.13522
0.13109
0.12261
0.1118
0.11019
0.10722
0.10133
0.13194
0.13825
0.14206
0.13522
0.13109
0.12261
0.1118
0.11019
0.10722
0.10133
0.09549
0.084533
0.084499
0.079547
0.076883
0.073934
0.070307
0.06467
0.057105
0.054229
0.047489
0.044433
0.044799
0.042082
0.042364
0.040644
0.034588
0.039023
0.039078
0.040196
0.036874
0.03104
0.027991
0.023479
0.024194
0.027949
0.028502
0.031493
0.032269
0.033568
0.029284
0.020383
0.020351
0.024945
0.026157
0.028684
0.035323
0.050043
0.075215
0.10733
0.12411
0.12633
0
0
0
0
8.4849e-05
8.4849e-05
0.00039451
0.0015809
0.0022356
0.0028707
0.0033055
0.0054913
0.015015
0.035895
0.049424
0.068996
0.088987
0.10873
0.16657
0.27144
0.42221
0.52508
0.5517
0.51993
0.52198
0.51167
0.49087
0.41171
0.30957
0.2402
0.22279
0.20153
0.1836
0.15146
0.11176
0.10105
0.093412
0.093532
0.10091
0.11505
0.12701
0.13581
0.12561
0.11872
0.10174
0.095048
0.090955
0.088144
0.078673
0.11505
0.12701
0.13581
0.12561
0.11872
0.10174
0.095048
0.090955
0.088144
0.078673
0.071118
0.065766
0.066793
0.069965
0.068384
0.061416
0.057552
0.053261
0.048921
0.044074
0.038566
0.03401
0.032911
0.035417
0.037056
0.031172
0.028253
0.028504
0.027922
0.029544
0.028633
0.024722
0.020031
0.014995
0.015102
0.018446
0.020344
0.022976
0.022241
0.023749
0.020003
0.015056
0.01612
0.019788
0.022706
0.02405
0.031608
0.045309
0.0748
0.1051
0.12335
0.12633
0
0
0
0
0
8.4849e-05
0.00014685
0.0019004
0.0028571
0.0030316
0.0033272
0.0028443
0.0053799
0.0092724
0.01671
0.040424
0.065724
0.099968
0.13136
0.22157
0.2909
0.34166
0.38698
0.34076
0.35331
0.35032
0.30814
0.2645
0.22582
0.1856
0.1885
0.17494
0.15482
0.1125
0.083092
0.069342
0.06518
0.066306
0.068852
0.075702
0.091905
0.10356
0.1056
0.098239
0.082228
0.07439
0.067842
0.068063
0.069209
0.075702
0.091905
0.10356
0.1056
0.098239
0.082228
0.07439
0.067842
0.068063
0.069209
0.062977
0.060189
0.056787
0.054349
0.05055
0.047706
0.040336
0.036768
0.03354
0.02945
0.022501
0.018757
0.021244
0.026034
0.026532
0.024832
0.020508
0.016444
0.017081
0.016169
0.016251
0.01365
0.011196
0.0087019
0.0078504
0.010532
0.01274
0.016066
0.016174
0.017578
0.01417
0.01027
0.010813
0.014647
0.018211
0.021128
0.026969
0.042162
0.073186
0.10622
0.12248
0.12633
0
0
0
0
0
0
6.2002e-05
0.0014007
0.0020183
0.0022631
0.0032158
0.0025227
0.0029073
0.0029642
0.0039108
0.01963
0.042952
0.068524
0.087748
0.10151
0.1369
0.16915
0.15786
0.16015
0.15488
0.14042
0.13982
0.13225
0.12302
0.12296
0.11611
0.1088
0.091938
0.067143
0.051568
0.044458
0.045695
0.045837
0.046105
0.050346
0.057104
0.065973
0.070677
0.069338
0.056373
0.049595
0.047692
0.049193
0.051443
0.050346
0.057104
0.065973
0.070677
0.069338
0.056373
0.049595
0.047692
0.049193
0.051443
0.049912
0.046276
0.042751
0.041358
0.036812
0.031102
0.026142
0.024345
0.019825
0.016639
0.012623
0.011614
0.013205
0.017
0.017584
0.01402
0.009839
0.0064122
0.0069058
0.0079953
0.0080572
0.0074044
0.0045215
0.0037212
0.0036937
0.0048277
0.0070664
0.0090837
0.011075
0.011301
0.0088897
0.0063659
0.0071668
0.010366
0.012159
0.016684
0.024548
0.039024
0.07249
0.10605
0.12128
0.12633
0
0
0
0
0
0
0
0.00071997
0.0017078
0.0019983
0.001801
0.0021234
0.0019161
0.0017317
0.00096685
0.0051591
0.01322
0.028582
0.043085
0.058292
0.078113
0.082831
0.089591
0.089476
0.083426
0.079477
0.070655
0.063715
0.059227
0.055263
0.053312
0.04671
0.041766
0.0356
0.024542
0.02051
0.020364
0.02622
0.027721
0.031797
0.03482
0.037532
0.037689
0.0344
0.030749
0.030318
0.027886
0.029715
0.030009
0.031797
0.03482
0.037532
0.037689
0.0344
0.030749
0.030318
0.027886
0.029715
0.030009
0.026294
0.024169
0.022921
0.022729
0.020766
0.016345
0.01295
0.0098246
0.0082134
0.007917
0.0068628
0.0053779
0.0070687
0.0071473
0.0064086
0.0038419
0.0017159
0.0017639
0.0025273
0.0026372
0.0036312
0.0029452
0.001633
0.001781
0.0025974
0.0038851
0.0042537
0.0041362
0.0055372
0.0058821
0.0057654
0.0044571
0.004496
0.0068707
0.0088861
0.011814
0.022915
0.036408
0.071411
0.10317
0.12008
0.12633
0
0
0
0
0
0
0
0
0.00065598
0.00065876
0.0010325
0.0010639
0.00079949
0.00047056
0
0.00013296
0.0034381
0.0075321
0.012276
0.016511
0.028114
0.035275
0.038109
0.040156
0.037138
0.035437
0.031989
0.023764
0.02005
0.019345
0.022129
0.02488
0.022662
0.017201
0.012105
0.0075407
0.0081976
0.011893
0.015011
0.017257
0.01921
0.017596
0.015739
0.014716
0.012994
0.011069
0.010882
0.014222
0.014296
0.017257
0.01921
0.017596
0.015739
0.014716
0.012994
0.011069
0.010882
0.014222
0.014296
0.012995
0.013308
0.010782
0.011524
0.010827
0.0085247
0.0056547
0.003018
0.0028654
0.0024702
0.002468
0.002156
0.0015804
0.00094048
0.00087841
0.00027177
0.00035445
0.00020355
0.00039098
0.00033188
0.00045507
0.00018302
0.0005055
0.0011102
0.0020656
0.0029083
0.0027687
0.003324
0.002968
0.0032828
0.0035525
0.003028
0.0029323
0.0053443
0.0064208
0.0089937
0.019294
0.035066
0.071063
0.10306
0.11929
0.12633
0
0
0
0
0
0
0
0
0
0.00036437
0.00036437
0.00023667
0.00010325
0
0
0
0
6.4341e-05
0.00098627
0.0020158
0.0029333
0.0035742
0.003389
0.0041995
0.0056881
0.0068208
0.0059966
0.004185
0.0056055
0.0058655
0.0075369
0.0087564
0.0085637
0.0051837
0.0030587
0.0032588
0.0052403
0.0065521
0.0076482
0.0080817
0.0074297
0.0066157
0.0045841
0.0030515
0.0030857
0.003145
0.004559
0.005494
0.0061575
0.0080817
0.0074297
0.0066157
0.0045841
0.0030515
0.0030857
0.003145
0.004559
0.005494
0.0061575
0.0068201
0.0047169
0.0056086
0.0060853
0.0058752
0.005556
0.003599
0.0022082
0.0013584
0.0013547
0.0014146
0.00044515
6.2984e-05
6.2984e-05
0
0
0
0
0
0
0
0
0.00010216
0.00062775
0.0014883
0.0018774
0.0021004
0.0018822
0.002175
0.0022714
0.0020806
0.001675
0.0018063
0.0026558
0.0039297
0.0065978
0.018098
0.03547
0.070961
0.10034
0.1182
0.12633
0
0
0
0
0
0
0
0
0
0
0
0
0
0
0
0
0
0
7.0251e-05
0.00027422
0.00081267
0.00091239
0.00067812
0.00067747
0.00080977
0.00040837
0.00034303
0.0002753
0.00061499
0.0013618
0.0012302
0.00068261
0.00084698
0.00061121
0.00020248
6.6826e-05
0.00074259
0.0015476
0.0016151
0.0012097
0.00094728
0.0012156
0.00074202
0.00023744
0.00020294
0.00043865
0.00043865
0.0006143
0.00090186
0.0012097
0.00094728
0.0012156
0.00074202
0.00023744
0.00020294
0.00043865
0.00043865
0.0006143
0.00090186
0.00077155
0.00064172
0.0010103
0.0015513
0.0020863
0.0020346
0.0007803
0.00027221
0
0
0
0
0
0
0
0
0
0
0
0
0
0
0
6.8831e-05
0.00066695
0.001101
0.0011994
0.0010724
0.0011386
0.0015988
0.0015357
0.00082577
0.00066417
0.001167
0.002383
0.0050145
0.016804
0.035796
0.069794
0.10024
0.11925
0.12633
0
0
0
0
0
0
0
0
0
0
0
0
0
0
0
0
0
0
0
0
0
0
0
0
0
0
0
0
0
0
0
0
0
0
0
0
0
0
0
0
0
0
0
0
0
0
0
0
0
0
0
0
0
0
0
0
0
0
0
0
0
0
0
0
0
0
0
0
0
0
0
0
0
0
0
0
0
0
0
0
0
0
0
0
0.00023705
0.00037337
6.6075e-05
0.00043775
0.00090512
0.00077097
0.0004001
0.00019791
0.00066897
0.0014882
0.0045429
0.015247
0.035483
0.068934
0.098649
0.11781
0.12633
0
0
0
0
0
0
0
0
0
0
0
0
0
0
0
0
0
0
0
0
0
0
0
0
0
0
0
0
0
0
0
0
0
0
0
0
0
0
0
0
0
0
0
0
0
0
0
0
0
0
0
0
0
0
0
0
0
0
0
0
0
0
0
0
0
0
0
0
0
0
0
0
0
0
0
0
0
0
0
0
0
0
0
0
0
0
0
0
0.0001344
0.00026939
0.0001344
0
0.0006716
0.001399
0.0042499
0.015241
0.035115
0.068929
0.09772
0.11818
0.12633
0
0
0
0
0
0
0
0
0
0
0
0
0
0
0
0
0
0
0
0
0
0
0
0
0
0
0
0
0
0
0
0
0
0
0
0
0
0
0
0
0
0
0
0
0
0
0
0
0
0
0
0
0
0
0
0
0
0
0
0
0
0
0
0
0
0
0
0
0
0
0
0
0
0
0
0
0
0
0
0
0
0
0
0
0.00023705
0.00037337
6.6075e-05
0.00043775
0.00090512
0.00077097
0.0004001
0.00019791
0.00066897
0.0014882
0.0045429
0.015247
0.035483
0.068934
0.098649
0.11781
0.12633
0
0
0
0
0
0
0
0
0
0
0
0
0
0
0
0
0
0
7.0251e-05
0.00027422
0.00081267
0.00091239
0.00067812
0.00067747
0.00080977
0.00040837
0.00034303
0.0002753
0.00061499
0.0013618
0.0012302
0.00068261
0.00084698
0.00061121
0.00020248
6.6826e-05
0.00074259
0.0015476
0.0016151
0.0012097
0.00094728
0.0012156
0.00074202
0.00023744
0.00020294
0.00043865
0.00043865
0.0006143
0.00090186
0.0012097
0.00094728
0.0012156
0.00074202
0.00023744
0.00020294
0.00043865
0.00043865
0.0006143
0.00090186
0.00077155
0.00064172
0.0010103
0.0015513
0.0020863
0.0020346
0.0007803
0.00027221
0
0
0
0
0
0
0
0
0
0
0
0
0
0
0
6.8831e-05
0.00066695
0.001101
0.0011994
0.0010724
0.0011386
0.0015988
0.0015357
0.00082577
0.00066417
0.001167
0.002383
0.0050145
0.016804
0.035796
0.069794
0.10024
0.11925
0.12633
0
0
0
0
0
0
0
0
0
0.00036437
0.00036437
0.00023667
0.00010325
0
0
0
0
6.4341e-05
0.00098627
0.0020158
0.0029333
0.0035742
0.003389
0.0041995
0.0056881
0.0068208
0.0059966
0.004185
0.0056055
0.0058655
0.0075369
0.0087564
0.0085637
0.0051837
0.0030587
0.0032588
0.0052403
0.0065521
0.0076482
0.0080817
0.0074297
0.0066157
0.0045841
0.0030515
0.0030857
0.003145
0.004559
0.005494
0.0061575
0.0080817
0.0074297
0.0066157
0.0045841
0.0030515
0.0030857
0.003145
0.004559
0.005494
0.0061575
0.0068201
0.0047169
0.0056086
0.0060853
0.0058752
0.005556
0.003599
0.0022082
0.0013584
0.0013547
0.0014146
0.00044515
6.2984e-05
6.2984e-05
0
0
0
0
0
0
0
0
0.00010216
0.00062775
0.0014883
0.0018774
0.0021004
0.0018822
0.002175
0.0022714
0.0020806
0.001675
0.0018063
0.0026558
0.0039297
0.0065978
0.018098
0.03547
0.070961
0.10034
0.1182
0.12633
0
0
0
0
0
0
0
0
0.00065598
0.00065876
0.0010325
0.0010639
0.00079949
0.00047056
0
0.00013296
0.0034381
0.0075321
0.012276
0.016511
0.028114
0.035275
0.038109
0.040156
0.037138
0.035437
0.031989
0.023764
0.02005
0.019345
0.022129
0.02488
0.022662
0.017201
0.012105
0.0075407
0.0081976
0.011893
0.015011
0.017257
0.01921
0.017596
0.015739
0.014716
0.012994
0.011069
0.010882
0.014222
0.014296
0.017257
0.01921
0.017596
0.015739
0.014716
0.012994
0.011069
0.010882
0.014222
0.014296
0.012995
0.013308
0.010782
0.011524
0.010827
0.0085247
0.0056547
0.003018
0.0028654
0.0024702
0.002468
0.002156
0.0015804
0.00094048
0.00087841
0.00027177
0.00035445
0.00020355
0.00039098
0.00033188
0.00045507
0.00018302
0.0005055
0.0011102
0.0020656
0.0029083
0.0027687
0.003324
0.002968
0.0032828
0.0035525
0.003028
0.0029323
0.0053443
0.0064208
0.0089937
0.019294
0.035066
0.071063
0.10306
0.11929
0.12633
0
0
0
0
0
0
0
0.00071997
0.0017078
0.0019983
0.001801
0.0021234
0.0019161
0.0017317
0.00096685
0.0051591
0.01322
0.028582
0.043085
0.058292
0.078113
0.082831
0.089591
0.089476
0.083426
0.079477
0.070655
0.063715
0.059227
0.055263
0.053312
0.04671
0.041766
0.0356
0.024542
0.02051
0.020364
0.02622
0.027721
0.031797
0.03482
0.037532
0.037689
0.0344
0.030749
0.030318
0.027886
0.029715
0.030009
0.031797
0.03482
0.037532
0.037689
0.0344
0.030749
0.030318
0.027886
0.029715
0.030009
0.026294
0.024169
0.022921
0.022729
0.020766
0.016345
0.01295
0.0098246
0.0082134
0.007917
0.0068628
0.0053779
0.0070687
0.0071473
0.0064086
0.0038419
0.0017159
0.0017639
0.0025273
0.0026372
0.0036312
0.0029452
0.001633
0.001781
0.0025974
0.0038851
0.0042537
0.0041362
0.0055372
0.0058821
0.0057654
0.0044571
0.004496
0.0068707
0.0088861
0.011814
0.022915
0.036408
0.071411
0.10317
0.12008
0.12633
0
0
0
0
0
0
6.2002e-05
0.0014007
0.0020183
0.0022631
0.0032158
0.0025227
0.0029073
0.0029642
0.0039108
0.01963
0.042952
0.068524
0.087748
0.10151
0.1369
0.16915
0.15786
0.16015
0.15488
0.14042
0.13982
0.13225
0.12302
0.12296
0.11611
0.1088
0.091938
0.067143
0.051568
0.044458
0.045695
0.045837
0.046105
0.050346
0.057104
0.065973
0.070677
0.069338
0.056373
0.049595
0.047692
0.049193
0.051443
0.050346
0.057104
0.065973
0.070677
0.069338
0.056373
0.049595
0.047692
0.049193
0.051443
0.049912
0.046276
0.042751
0.041358
0.036812
0.031102
0.026142
0.024345
0.019825
0.016639
0.012623
0.011614
0.013205
0.017
0.017584
0.01402
0.009839
0.0064122
0.0069058
0.0079953
0.0080572
0.0074044
0.0045215
0.0037212
0.0036937
0.0048277
0.0070664
0.0090837
0.011075
0.011301
0.0088897
0.0063659
0.0071668
0.010366
0.012159
0.016684
0.024548
0.039024
0.07249
0.10605
0.12128
0.12633
0
0
0
0
0
8.4849e-05
0.00014685
0.0019004
0.0028571
0.0030316
0.0033272
0.0028443
0.0053799
0.0092724
0.01671
0.040424
0.065724
0.099968
0.13136
0.22157
0.2909
0.34166
0.38698
0.34076
0.35331
0.35032
0.30814
0.2645
0.22582
0.1856
0.1885
0.17494
0.15482
0.1125
0.083092
0.069342
0.06518
0.066306
0.068852
0.075702
0.091905
0.10356
0.1056
0.098239
0.082228
0.07439
0.067842
0.068063
0.069209
0.075702
0.091905
0.10356
0.1056
0.098239
0.082228
0.07439
0.067842
0.068063
0.069209
0.062977
0.060189
0.056787
0.054349
0.05055
0.047706
0.040336
0.036768
0.03354
0.02945
0.022501
0.018757
0.021244
0.026034
0.026532
0.024832
0.020508
0.016444
0.017081
0.016169
0.016251
0.01365
0.011196
0.0087019
0.0078504
0.010532
0.01274
0.016066
0.016174
0.017578
0.01417
0.01027
0.010813
0.014647
0.018211
0.021128
0.026969
0.042162
0.073186
0.10622
0.12248
0.12633
0
0
0
0
8.4849e-05
8.4849e-05
0.00039451
0.0015809
0.0022356
0.0028707
0.0033055
0.0054913
0.015015
0.035895
0.049424
0.068996
0.088987
0.10873
0.16657
0.27144
0.42221
0.52508
0.5517
0.51993
0.52198
0.51167
0.49087
0.41171
0.30957
0.2402
0.22279
0.20153
0.1836
0.15146
0.11176
0.10105
0.093412
0.093532
0.10091
0.11505
0.12701
0.13581
0.12561
0.11872
0.10174
0.095048
0.090955
0.088144
0.078673
0.11505
0.12701
0.13581
0.12561
0.11872
0.10174
0.095048
0.090955
0.088144
0.078673
0.071118
0.065766
0.066793
0.069965
0.068384
0.061416
0.057552
0.053261
0.048921
0.044074
0.038566
0.03401
0.032911
0.035417
0.037056
0.031172
0.028253
0.028504
0.027922
0.029544
0.028633
0.024722
0.020031
0.014995
0.015102
0.018446
0.020344
0.022976
0.022241
0.023749
0.020003
0.015056
0.01612
0.019788
0.022706
0.02405
0.031608
0.045309
0.0748
0.1051
0.12335
0.12633
0
0
0
0
8.4849e-05
8.4849e-05
0.00048036
0.0011742
0.0018859
0.0034861
0.0053529
0.010336
0.028095
0.054131
0.065887
0.090995
0.10366
0.11168
0.19222
0.31873
0.46612
0.56456
0.6069
0.60511
0.61548
0.6158
0.55939
0.50162
0.40319
0.32384
0.27703
0.2584
0.23428
0.19236
0.15434
0.13326
0.12363
0.12599
0.12839
0.13194
0.13825
0.14206
0.13522
0.13109
0.12261
0.1118
0.11019
0.10722
0.10133
0.13194
0.13825
0.14206
0.13522
0.13109
0.12261
0.1118
0.11019
0.10722
0.10133
0.09549
0.084533
0.084499
0.079547
0.076883
0.073934
0.070307
0.06467
0.057105
0.054229
0.047489
0.044433
0.044799
0.042082
0.042364
0.040644
0.034588
0.039023
0.039078
0.040196
0.036874
0.03104
0.027991
0.023479
0.024194
0.027949
0.028502
0.031493
0.032269
0.033568
0.029284
0.020383
0.020351
0.024945
0.026157
0.028684
0.035323
0.050043
0.075215
0.10733
0.12411
0.12633
0
0
0
0
8.4849e-05
8.4849e-05
0.0001442
0.0010539
0.0020459
0.0038855
0.0067959
0.013918
0.026596
0.046912
0.073329
0.086916
0.08948
0.11492
0.19534
0.31826
0.47576
0.59618
0.62436
0.63043
0.62025
0.6352
0.59879
0.52301
0.43922
0.39097
0.37734
0.33763
0.29978
0.2593
0.2111
0.19048
0.16738
0.15014
0.14485
0.14098
0.14764
0.15284
0.14924
0.14898
0.13317
0.13198
0.12433
0.1237
0.12349
0.14098
0.14764
0.15284
0.14924
0.14898
0.13317
0.13198
0.12433
0.1237
0.12349
0.11834
0.10766
0.09604
0.091962
0.086481
0.082042
0.07687
0.070026
0.065897
0.06039
0.057419
0.051882
0.049515
0.048698
0.044651
0.043555
0.041398
0.041649
0.042861
0.04214
0.043595
0.039078
0.034532
0.031015
0.035224
0.037566
0.03737
0.042215
0.046274
0.046352
0.041087
0.029423
0.02582
0.03017
0.033367
0.034162
0.038945
0.054194
0.077793
0.10773
0.1244
0.12633
0
0
0
0
0
0
0
0.0005849
0.0034075
0.005979
0.0079279
0.015017
0.020985
0.030093
0.050504
0.06768
0.091471
0.12132
0.19809
0.34553
0.50504
0.58824
0.61334
0.60118
0.58992
0.59618
0.56586
0.51254
0.45941
0.41239
0.3956
0.37367
0.35146
0.33336
0.30221
0.25557
0.21263
0.18028
0.16193
0.15923
0.17555
0.18042
0.17424
0.1658
0.15313
0.14555
0.14104
0.13639
0.13616
0.15923
0.17555
0.18042
0.17424
0.1658
0.15313
0.14555
0.14104
0.13639
0.13616
0.1273
0.11879
0.10826
0.10227
0.10454
0.097779
0.08844
0.077582
0.070014
0.061902
0.064391
0.061011
0.054645
0.05273
0.048334
0.045237
0.04428
0.041032
0.042405
0.045761
0.042135
0.042768
0.040018
0.039211
0.041597
0.047338
0.050002
0.050456
0.053012
0.053875
0.046906
0.041272
0.034797
0.037403
0.041186
0.039697
0.043677
0.058566
0.080024
0.11044
0.12554
0.12633
0
0
0
0
0
0
0
0.0011473
0.0029287
0.0053749
0.0086098
0.014765
0.029155
0.048723
0.068578
0.078929
0.089305
0.15412
0.24954
0.38737
0.50944
0.57366
0.5946
0.55714
0.55772
0.53054
0.53903
0.50276
0.44459
0.40341
0.38625
0.40159
0.4201
0.40493
0.37495
0.31547
0.26364
0.2115
0.19326
0.19795
0.19971
0.20956
0.20121
0.19176
0.17481
0.15763
0.15432
0.14234
0.14377
0.19795
0.19971
0.20956
0.20121
0.19176
0.17481
0.15763
0.15432
0.14234
0.14377
0.13318
0.12662
0.12187
0.11584
0.11496
0.10145
0.095185
0.088186
0.069898
0.063404
0.064857
0.061675
0.060358
0.05664
0.05318
0.056411
0.053479
0.050869
0.050989
0.053177
0.056992
0.060279
0.060253
0.050834
0.052237
0.0583
0.060825
0.058953
0.063611
0.060628
0.057135
0.052321
0.046927
0.047315
0.047557
0.043885
0.051167
0.064978
0.08346
0.11005
0.12671
0.12633
0
0
0
0
0
0
9.8172e-05
0.0030279
0.0051874
0.0068104
0.01282
0.029636
0.053866
0.073044
0.086753
0.10079
0.12077
0.17628
0.29114
0.40765
0.49573
0.52469
0.53101
0.52027
0.51567
0.48877
0.49312
0.4913
0.44937
0.40278
0.39235
0.41696
0.44039
0.43421
0.40504
0.36163
0.31104
0.26202
0.2162
0.21447
0.21299
0.21927
0.2171
0.20674
0.19726
0.18586
0.17702
0.16696
0.15905
0.21447
0.21299
0.21927
0.2171
0.20674
0.19726
0.18586
0.17702
0.16696
0.15905
0.14605
0.14076
0.13972
0.13146
0.11482
0.10176
0.091828
0.08288
0.077604
0.071532
0.072595
0.069583
0.070715
0.066377
0.059231
0.062778
0.063909
0.062868
0.065289
0.072161
0.087167
0.096124
0.089113
0.080742
0.067869
0.070673
0.067275
0.072573
0.077197
0.075445
0.071364
0.059302
0.054734
0.055362
0.052464
0.047564
0.056187
0.073381
0.088767
0.11284
0.12657
0.12633
0
0
0
0
0
9.0466e-05
0.004653
0.0074678
0.0093446
0.012025
0.020986
0.040417
0.073521
0.097856
0.10978
0.099454
0.13298
0.22871
0.34517
0.45883
0.51561
0.53046
0.53128
0.52491
0.50315
0.48853
0.48124
0.46924
0.45213
0.41463
0.39165
0.407
0.41997
0.42257
0.39147
0.38436
0.34304
0.29535
0.24633
0.23017
0.22672
0.22523
0.21164
0.20825
0.20801
0.19709
0.18637
0.16696
0.15869
0.23017
0.22672
0.22523
0.21164
0.20825
0.20801
0.19709
0.18637
0.16696
0.15869
0.14838
0.13806
0.13715
0.12697
0.11116
0.09846
0.090097
0.0907
0.084036
0.079047
0.079028
0.075983
0.073198
0.073135
0.072491
0.072439
0.071748
0.070847
0.070615
0.091036
0.11502
0.12364
0.12313
0.10466
0.086042
0.084145
0.081435
0.08532
0.08769
0.085081
0.082205
0.072956
0.063592
0.062838
0.056752
0.057827
0.066916
0.078154
0.09245
0.11495
0.12797
0.12633
0
0
0
0
4.3291e-05
0.0025933
0.0072137
0.011472
0.012154
0.018219
0.026549
0.044477
0.073142
0.091623
0.095854
0.10848
0.16624
0.28123
0.40434
0.50823
0.52708
0.52168
0.51454
0.51673
0.5171
0.52641
0.49166
0.48929
0.45191
0.42151
0.39843
0.39334
0.39277
0.3984
0.39306
0.3695
0.3293
0.28498
0.23308
0.21581
0.21466
0.21099
0.21906
0.22456
0.2204
0.20212
0.18294
0.16375
0.1518
0.21581
0.21466
0.21099
0.21906
0.22456
0.2204
0.20212
0.18294
0.16375
0.1518
0.14143
0.13447
0.12522
0.11329
0.099343
0.089813
0.086861
0.085928
0.085566
0.083887
0.080265
0.078346
0.077684
0.079617
0.077256
0.085853
0.085686
0.085801
0.084916
0.089704
0.11182
0.12565
0.12627
0.11594
0.10468
0.10856
0.10686
0.10885
0.1081
0.1012
0.091016
0.089521
0.077511
0.071194
0.064681
0.075115
0.077618
0.08391
0.095991
0.11885
0.12899
0.12633
0
0
0
0
0.00045427
0.0034057
0.0083092
0.011262
0.013847
0.017483
0.032219
0.045737
0.078231
0.096638
0.1079
0.12137
0.18172
0.30468
0.42138
0.47763
0.48373
0.47556
0.46242
0.48077
0.4755
0.46743
0.45508
0.45334
0.44177
0.42383
0.39506
0.37633
0.3727
0.3643
0.3597
0.3341
0.3025
0.26775
0.21858
0.18927
0.18565
0.19422
0.2087
0.20928
0.21011
0.19478
0.16619
0.14832
0.13347
0.18927
0.18565
0.19422
0.2087
0.20928
0.21011
0.19478
0.16619
0.14832
0.13347
0.12406
0.11698
0.11043
0.10653
0.1013
0.092502
0.088057
0.087917
0.089499
0.091807
0.087311
0.082992
0.077976
0.079152
0.080567
0.087179
0.087263
0.085115
0.094811
0.10177
0.12015
0.12782
0.1204
0.11695
0.12171
0.13592
0.1436
0.14539
0.13823
0.12534
0.11715
0.1023
0.094082
0.081858
0.081254
0.09075
0.094448
0.089664
0.1004
0.12002
0.12876
0.12633
0
0
0
0
0.00064256
0.0036227
0.0073279
0.010615
0.013186
0.017447
0.03553
0.054371
0.081056
0.10961
0.12004
0.14
0.19299
0.2878
0.37514
0.41964
0.41617
0.42215
0.41467
0.40333
0.39343
0.38057
0.37779
0.38273
0.39126
0.38941
0.3881
0.36212
0.3463
0.34087
0.33103
0.32864
0.30802
0.27947
0.24342
0.20189
0.18768
0.18214
0.18548
0.19341
0.18481
0.17537
0.15589
0.1427
0.12859
0.20189
0.18768
0.18214
0.18548
0.19341
0.18481
0.17537
0.15589
0.1427
0.12859
0.11535
0.099356
0.096098
0.09173
0.091243
0.086447
0.082053
0.08271
0.085903
0.090872
0.090435
0.084251
0.075345
0.078131
0.087072
0.091128
0.092404
0.094286
0.11782
0.13676
0.14951
0.13892
0.12922
0.12773
0.13706
0.1484
0.16327
0.16844
0.16077
0.16192
0.14787
0.12934
0.11393
0.094066
0.10027
0.10352
0.10728
0.099854
0.10604
0.1189
0.12956
0.12633
0
0
0
0
0.00029487
0.002313
0.0058789
0.0083416
0.013951
0.023332
0.039248
0.060109
0.092149
0.11399
0.13933
0.17197
0.21854
0.27409
0.33101
0.35313
0.3538
0.34652
0.34208
0.34828
0.34487
0.33922
0.33419
0.32688
0.35119
0.36136
0.3606
0.34932
0.33099
0.32431
0.31214
0.29371
0.27583
0.25553
0.2244
0.19184
0.17203
0.16376
0.16624
0.16047
0.15167
0.14012
0.13763
0.13834
0.13703
0.19184
0.17203
0.16376
0.16624
0.16047
0.15167
0.14012
0.13763
0.13834
0.13703
0.1247
0.10181
0.089169
0.082098
0.078404
0.075835
0.075929
0.078741
0.07801
0.077752
0.078833
0.078875
0.075769
0.088794
0.10083
0.10406
0.10721
0.1083
0.13987
0.16567
0.18711
0.17643
0.15199
0.13963
0.14815
0.1614
0.17111
0.18304
0.17404
0.17588
0.16495
0.1414
0.12396
0.10717
0.11113
0.11784
0.12113
0.10832
0.10982
0.11893
0.12975
0.12633
0
0
0
0
4.0806e-05
0.0016973
0.0048593
0.0090894
0.013072
0.023514
0.038362
0.057763
0.095582
0.11792
0.15243
0.19663
0.24878
0.30099
0.31658
0.31392
0.32249
0.32237
0.32414
0.32563
0.32049
0.30895
0.30402
0.31112
0.31816
0.32668
0.32005
0.30972
0.30124
0.28786
0.2709
0.25455
0.23406
0.21943
0.19502
0.16303
0.14326
0.13418
0.13671
0.13827
0.12844
0.11567
0.11545
0.11193
0.11588
0.16303
0.14326
0.13418
0.13671
0.13827
0.12844
0.11567
0.11545
0.11193
0.11588
0.10974
0.094108
0.085761
0.076256
0.07852
0.079937
0.077492
0.077435
0.074124
0.07524
0.078734
0.075074
0.081377
0.094043
0.10828
0.11232
0.11348
0.11347
0.13439
0.15974
0.17759
0.17483
0.16762
0.1491
0.14866
0.16423
0.17738
0.19532
0.19092
0.18606
0.16847
0.14284
0.13127
0.12486
0.12618
0.13574
0.13745
0.12039
0.11416
0.12022
0.13003
0.12633
0
0
0
4.162e-05
4.162e-05
0.00053563
0.0047983
0.0085184
0.011793
0.019869
0.035434
0.060334
0.093653
0.12511
0.17451
0.2349
0.28014
0.30769
0.31516
0.31404
0.33696
0.33127
0.33384
0.30772
0.29831
0.2903
0.27932
0.28878
0.2732
0.28144
0.2641
0.26313
0.2606
0.25531
0.2415
0.2311
0.22483
0.20626
0.18012
0.15657
0.13014
0.11827
0.11634
0.12256
0.11826
0.10329
0.096223
0.088786
0.087685
0.15657
0.13014
0.11827
0.11634
0.12256
0.11826
0.10329
0.096223
0.088786
0.087685
0.085959
0.081691
0.0766
0.077342
0.0799
0.076865
0.071972
0.068791
0.069037
0.077149
0.083193
0.095729
0.099293
0.10042
0.10126
0.10184
0.10595
0.10973
0.12393
0.14344
0.16809
0.17237
0.16958
0.1623
0.16077
0.17384
0.19782
0.22349
0.21776
0.19032
0.16846
0.1492
0.14257
0.15164
0.15326
0.15573
0.14817
0.13302
0.11804
0.1238
0.12894
0.12633
0
0
0
4.162e-05
0.00024258
0.00058811
0.0047985
0.0070515
0.010209
0.015674
0.029909
0.057451
0.093977
0.1399
0.19242
0.25737
0.29448
0.32277
0.32246
0.31518
0.31726
0.30479
0.31139
0.28196
0.27268
0.26106
0.24124
0.23685
0.21952
0.22084
0.21751
0.21788
0.22604
0.2221
0.21845
0.2042
0.19077
0.17924
0.1639
0.14662
0.1297
0.12021
0.11095
0.11281
0.11051
0.10766
0.096228
0.088966
0.087055
0.14662
0.1297
0.12021
0.11095
0.11281
0.11051
0.10766
0.096228
0.088966
0.087055
0.082613
0.076686
0.071773
0.068593
0.066932
0.065455
0.062992
0.06375
0.068112
0.08791
0.1091
0.12695
0.12356
0.121
0.10583
0.095897
0.10104
0.10761
0.12718
0.15719
0.17914
0.18807
0.18641
0.17698
0.1854
0.20959
0.24418
0.2471
0.23346
0.20114
0.16887
0.1526
0.14539
0.16799
0.17857
0.17903
0.15931
0.1425
0.12377
0.1244
0.12974
0.12633
0
0
0
4.162e-05
0.00054697
0.0018268
0.004518
0.0060168
0.0074248
0.011947
0.026511
0.050261
0.088748
0.1405
0.20429
0.26124
0.29658
0.30921
0.29963
0.29375
0.30192
0.29396
0.28121
0.26661
0.23938
0.22636
0.21265
0.19153
0.17869
0.17427
0.17986
0.18971
0.1912
0.19176
0.18486
0.17665
0.16767
0.15754
0.14711
0.13033
0.11465
0.10142
0.10298
0.10608
0.11198
0.11454
0.10299
0.10058
0.097181
0.13033
0.11465
0.10142
0.10298
0.10608
0.11198
0.11454
0.10299
0.10058
0.097181
0.09174
0.087793
0.070284
0.06649
0.068844
0.065446
0.064289
0.063797
0.070442
0.085833
0.10327
0.11767
0.12413
0.11546
0.10501
0.10734
0.11549
0.12884
0.16519
0.19999
0.2216
0.2388
0.25706
0.25223
0.26134
0.26582
0.2934
0.29927
0.25667
0.20226
0.17667
0.15465
0.16514
0.17935
0.20474
0.19686
0.17237
0.14672
0.12786
0.12749
0.12816
0.12633
0
0
0
7.7999e-05
0.00096481
0.0028942
0.0040828
0.0057356
0.0081135
0.0136
0.02596
0.051644
0.091286
0.15137
0.21574
0.25452
0.28036
0.30241
0.30936
0.31189
0.30624
0.28781
0.27232
0.24059
0.21719
0.20895
0.19206
0.1791
0.16385
0.16227
0.15902
0.15601
0.14983
0.15508
0.15445
0.14974
0.14715
0.13533
0.12849
0.11742
0.11099
0.095644
0.087917
0.090237
0.085188
0.077873
0.07828
0.077635
0.083831
0.11742
0.11099
0.095644
0.087917
0.090237
0.085188
0.077873
0.07828
0.077635
0.083831
0.083044
0.077898
0.070274
0.069032
0.074705
0.074474
0.069574
0.066525
0.063935
0.069593
0.079761
0.0855
0.09267
0.099122
0.10901
0.12969
0.14809
0.17464
0.1954
0.21667
0.24235
0.30308
0.34953
0.38502
0.37224
0.34662
0.34495
0.32554
0.29164
0.2331
0.17939
0.15899
0.1797
0.19246
0.22604
0.21468
0.18454
0.15256
0.13603
0.13074
0.12818
0.12633
0
0
4.0722e-05
0.00035817
0.0018767
0.0028655
0.0041282
0.0063729
0.011285
0.014705
0.02684
0.054251
0.10117
0.16339
0.22029
0.25362
0.27538
0.29213
0.30468
0.31693
0.30463
0.2851
0.26924
0.23247
0.20472
0.18742
0.17019
0.15523
0.15134
0.14026
0.13815
0.12694
0.12482
0.12842
0.13923
0.13463
0.1339
0.12749
0.12227
0.12029
0.1208
0.1069
0.090169
0.084422
0.071777
0.071295
0.0669
0.065583
0.072554
0.12029
0.1208
0.1069
0.090169
0.084422
0.071777
0.071295
0.0669
0.065583
0.072554
0.072459
0.066809
0.062471
0.069065
0.074085
0.076715
0.079181
0.075266
0.072426
0.068695
0.074599
0.082427
0.090683
0.10301
0.13061
0.17315
0.20133
0.21275
0.21304
0.21325
0.23328
0.3138
0.3824
0.4299
0.42488
0.36068
0.35984
0.3478
0.31594
0.25139
0.1948
0.17116
0.20094
0.21617
0.24414
0.23935
0.19744
0.15639
0.13664
0.1336
0.12871
0.12633
0
0
4.0722e-05
0.0013731
0.0025262
0.0036012
0.004073
0.0072565
0.011311
0.016317
0.030698
0.053381
0.11278
0.17377
0.22856
0.26792
0.27777
0.28965
0.29985
0.30303
0.29295
0.27618
0.25761
0.22269
0.20585
0.1721
0.15387
0.14429
0.138
0.13604
0.12528
0.1254
0.12814
0.13276
0.13424
0.13074
0.1294
0.12536
0.11921
0.11849
0.1113
0.099583
0.087295
0.077255
0.073899
0.072163
0.067634
0.067998
0.069476
0.11849
0.1113
0.099583
0.087295
0.077255
0.073899
0.072163
0.067634
0.067998
0.069476
0.06585
0.063446
0.065662
0.065874
0.073891
0.078052
0.082784
0.08663
0.093424
0.098465
0.097766
0.10465
0.11121
0.12979
0.15563
0.18989
0.21836
0.21818
0.21186
0.19336
0.2217
0.29151
0.38041
0.41941
0.40727
0.36489
0.35947
0.33776
0.31185
0.27601
0.22113
0.19919
0.22528
0.23977
0.2599
0.25189
0.20095
0.15664
0.13814
0.13354
0.12767
0.12633
0
0
7.8291e-05
0.0025437
0.005308
0.0061503
0.0064487
0.0072341
0.011707
0.020349
0.03183
0.055541
0.11266
0.17738
0.24117
0.27781
0.29368
0.30076
0.29582
0.28382
0.26154
0.24589
0.23185
0.20625
0.18155
0.16716
0.15075
0.14367
0.13606
0.13121
0.12437
0.11645
0.12394
0.12273
0.12135
0.11525
0.10994
0.11277
0.10777
0.10419
0.098977
0.088786
0.082354
0.076181
0.071737
0.070141
0.075705
0.07742
0.073486
0.10419
0.098977
0.088786
0.082354
0.076181
0.071737
0.070141
0.075705
0.07742
0.073486
0.065857
0.065429
0.073788
0.083431
0.091883
0.089362
0.089436
0.099474
0.11012
0.12896
0.14476
0.15421
0.15523
0.1588
0.17298
0.18816
0.20355
0.21057
0.20144
0.2084
0.25515
0.28692
0.33493
0.33803
0.33202
0.33696
0.3345
0.33653
0.32287
0.29236
0.25137
0.23128
0.24159
0.26258
0.27276
0.2476
0.20127
0.16462
0.14262
0.12901
0.1268
0.12633
0
0
0.0008719
0.0049598
0.010665
0.01385
0.014107
0.013184
0.015838
0.024313
0.035416
0.062075
0.1074
0.15469
0.22503
0.27141
0.28221
0.28383
0.26766
0.24997
0.24207
0.23807
0.22129
0.19819
0.17333
0.14599
0.13911
0.13626
0.12682
0.11847
0.11195
0.11071
0.11305
0.11134
0.10802
0.10916
0.10882
0.11243
0.1105
0.10753
0.10597
0.10098
0.094489
0.088649
0.080173
0.082223
0.085042
0.08248
0.078861
0.10753
0.10597
0.10098
0.094489
0.088649
0.080173
0.082223
0.085042
0.08248
0.078861
0.080973
0.082259
0.096714
0.11646
0.12257
0.12122
0.11149
0.11582
0.14049
0.15997
0.1814
0.18681
0.18577
0.1781
0.18302
0.18102
0.19323
0.20354
0.21576
0.25939
0.28935
0.2988
0.30006
0.2908
0.30817
0.32258
0.34469
0.36144
0.36579
0.33343
0.30585
0.27627
0.25759
0.27045
0.28419
0.2527
0.20499
0.17012
0.14203
0.12775
0.12615
0.12633
0
0
0.0016704
0.01133
0.021221
0.028273
0.026478
0.021049
0.023043
0.031822
0.045581
0.072517
0.10971
0.1627
0.22541
0.26092
0.28548
0.2821
0.26266
0.26243
0.24325
0.23586
0.23202
0.21614
0.19606
0.1715
0.14954
0.13926
0.13427
0.12666
0.12101
0.10604
0.10239
0.1045
0.10574
0.11047
0.10892
0.10151
0.10634
0.1009
0.10425
0.11034
0.1134
0.11205
0.10506
0.10133
0.094206
0.089036
0.097288
0.1009
0.10425
0.11034
0.1134
0.11205
0.10506
0.10133
0.094206
0.089036
0.097288
0.099997
0.11501
0.1303
0.14192
0.1498
0.14818
0.14038
0.14224
0.15523
0.18058
0.19574
0.18868
0.17867
0.17287
0.18503
0.21612
0.22808
0.23271
0.25778
0.29801
0.33943
0.34841
0.3341
0.29923
0.33007
0.35536
0.3965
0.40605
0.426
0.4148
0.36108
0.32647
0.27813
0.28021
0.28489
0.24739
0.20912
0.1697
0.14238
0.12845
0.12633
0.12633
0
0
0.0028584
0.014344
0.025003
0.03287
0.033718
0.026004
0.029358
0.041802
0.059285
0.082887
0.11936
0.16724
0.22801
0.28224
0.29948
0.29835
0.27615
0.26746
0.25295
0.24584
0.25002
0.24148
0.22033
0.1945
0.16306
0.14294
0.12878
0.12177
0.11185
0.1036
0.10484
0.11223
0.11436
0.11807
0.11403
0.10618
0.10753
0.10831
0.10939
0.11254
0.11892
0.11716
0.11858
0.1217
0.11796
0.11546
0.12755
0.10831
0.10939
0.11254
0.11892
0.11716
0.11858
0.1217
0.11796
0.11546
0.12755
0.1408
0.15082
0.15485
0.15178
0.14928
0.14337
0.14155
0.14235
0.16354
0.18689
0.19447
0.19141
0.20499
0.22062
0.25485
0.28497
0.30471
0.32775
0.37905
0.41443
0.43143
0.40448
0.38115
0.36703
0.37201
0.41214
0.40971
0.44135
0.4755
0.49377
0.45115
0.37594
0.31555
0.29645
0.27673
0.242
0.20897
0.16924
0.14588
0.12785
0.12511
0.12633
0
0
0.0028457
0.013729
0.023738
0.029405
0.029255
0.02609
0.027355
0.043687
0.065168
0.088457
0.12408
0.17876
0.24443
0.29047
0.30385
0.30378
0.29538
0.28
0.26408
0.23412
0.23171
0.22561
0.20196
0.17938
0.15238
0.13733
0.12913
0.11298
0.10917
0.10435
0.10406
0.11
0.1169
0.1193
0.118
0.11302
0.11052
0.10318
0.10626
0.11169
0.11401
0.11674
0.12425
0.13327
0.14878
0.15961
0.16457
0.10318
0.10626
0.11169
0.11401
0.11674
0.12425
0.13327
0.14878
0.15961
0.16457
0.16485
0.16079
0.15978
0.14753
0.14344
0.14457
0.15149
0.16374
0.19308
0.22092
0.23334
0.2582
0.26892
0.28836
0.32289
0.33593
0.36085
0.40623
0.4295
0.46323
0.51642
0.50486
0.45793
0.43521
0.4194
0.43083
0.45399
0.49743
0.5781
0.57308
0.54676
0.45776
0.34603
0.30277
0.26705
0.23464
0.20364
0.16751
0.14426
0.1264
0.12585
0.12633
0
0
0.0019192
0.0086663
0.01698
0.020656
0.017884
0.014174
0.02478
0.045301
0.061609
0.081685
0.11532
0.16892
0.22861
0.26652
0.2988
0.29827
0.28395
0.27154
0.24639
0.23836
0.22498
0.20983
0.19863
0.17646
0.16198
0.15415
0.14069
0.13417
0.11514
0.10657
0.10275
0.11125
0.11768
0.11802
0.11657
0.11771
0.1209
0.12461
0.12166
0.12598
0.12885
0.12472
0.13023
0.13967
0.16003
0.17339
0.17838
0.12461
0.12166
0.12598
0.12885
0.12472
0.13023
0.13967
0.16003
0.17339
0.17838
0.18361
0.18377
0.19729
0.19776
0.19324
0.18304
0.17384
0.18593
0.20938
0.24072
0.2561
0.29562
0.33804
0.36872
0.35842
0.36745
0.38467
0.414
0.4615
0.49859
0.52255
0.50402
0.49648
0.47531
0.44751
0.46634
0.5249
0.63812
0.74475
0.71801
0.62507
0.50741
0.38711
0.31173
0.25971
0.22904
0.1922
0.16688
0.14212
0.12613
0.12522
0.12633
0
0
0.001231
0.0025996
0.006526
0.0067944
0.0062824
0.0057823
0.022083
0.038425
0.056244
0.070133
0.097021
0.14497
0.20151
0.24922
0.27221
0.27434
0.26678
0.26629
0.25533
0.24283
0.23876
0.23288
0.21126
0.19293
0.18835
0.17342
0.15584
0.14015
0.1262
0.1164
0.1163
0.12257
0.1368
0.14525
0.15154
0.15343
0.15393
0.15145
0.15059
0.14803
0.14632
0.14247
0.14969
0.16161
0.17047
0.18114
0.18142
0.15145
0.15059
0.14803
0.14632
0.14247
0.14969
0.16161
0.17047
0.18114
0.18142
0.1932
0.21378
0.22546
0.23538
0.22596
0.2071
0.18915
0.19317
0.20032
0.23399
0.29491
0.36672
0.46914
0.51313
0.47434
0.41017
0.42064
0.43551
0.43071
0.43262
0.47897
0.50606
0.52383
0.48948
0.48268
0.54578
0.62896
0.75435
0.84226
0.82184
0.68593
0.54035
0.40613
0.31412
0.2523
0.22251
0.19093
0.16555
0.14248
0.12703
0.12428
0.12633
0
0
0.00082395
0.0013519
0.0016245
0.001652
0.002059
0.0040696
0.018941
0.028916
0.04337
0.056554
0.083371
0.12907
0.18873
0.23595
0.26742
0.27777
0.27633
0.27061
0.26311
0.26381
0.26704
0.25539
0.2423
0.21661
0.20071
0.18452
0.16668
0.14329
0.13975
0.13984
0.14767
0.15604
0.16217
0.16834
0.17083
0.17428
0.17074
0.17046
0.17544
0.17652
0.1773
0.17113
0.17618
0.18311
0.18941
0.19528
0.20598
0.17046
0.17544
0.17652
0.1773
0.17113
0.17618
0.18311
0.18941
0.19528
0.20598
0.21716
0.22984
0.23735
0.24232
0.24134
0.24305
0.24436
0.25576
0.26763
0.31189
0.3988
0.47413
0.57176
0.54322
0.51971
0.47906
0.43709
0.4476
0.42096
0.42859
0.47843
0.54172
0.54204
0.53914
0.53769
0.61411
0.72739
0.87478
0.98543
0.96219
0.8421
0.54518
0.3871
0.30639
0.24221
0.21312
0.18984
0.16214
0.14226
0.12917
0.12472
0.12633
0
0
0
0.00043149
0.00014802
0.00050375
0.0011527
0.004079
0.012701
0.023197
0.036106
0.055906
0.090767
0.13711
0.19734
0.26614
0.30389
0.32253
0.30196
0.29294
0.2749
0.27621
0.29156
0.29094
0.27043
0.24105
0.2184
0.202
0.17979
0.16816
0.16362
0.16699
0.16909
0.17611
0.17512
0.17113
0.17214
0.17577
0.17724
0.18729
0.20008
0.20176
0.20346
0.19286
0.19655
0.19468
0.20061
0.20794
0.21148
0.18729
0.20008
0.20176
0.20346
0.19286
0.19655
0.19468
0.20061
0.20794
0.21148
0.22988
0.24288
0.26975
0.28006
0.29078
0.2883
0.29812
0.3295
0.34346
0.37483
0.44191
0.45725
0.51751
0.51463
0.45698
0.40799
0.4303
0.47857
0.49041
0.5271
0.60971
0.63394
0.58543
0.60356
0.61891
0.66273
0.76546
0.93601
1
0.96707
0.8227
0.53611
0.37464
0.29925
0.23035
0.21056
0.18436
0.15862
0.1451
0.13035
0.12498
0.12633
0
0
0
0
0
0.00026438
0.00096917
0.0026104
0.010437
0.021718
0.039426
0.060633
0.10273
0.15651
0.2091
0.27281
0.3214
0.3318
0.34182
0.31449
0.30219
0.30882
0.30735
0.31639
0.29077
0.2641
0.23154
0.22155
0.20882
0.20007
0.20134
0.19436
0.20257
0.20684
0.20233
0.19706
0.19405
0.20394
0.20821
0.21597
0.22884
0.2269
0.22614
0.2193
0.21193
0.21702
0.2353
0.2301
0.23031
0.21597
0.22884
0.2269
0.22614
0.2193
0.21193
0.21702
0.2353
0.2301
0.23031
0.24797
0.27531
0.31311
0.34216
0.35452
0.3329
0.33114
0.32872
0.34853
0.37852
0.43095
0.46128
0.46017
0.42322
0.39795
0.42329
0.44369
0.51494
0.62795
0.72535
0.77123
0.74052
0.72349
0.6543
0.65704
0.69919
0.73623
0.87142
0.96088
0.90191
0.79141
0.53709
0.3851
0.29539
0.23017
0.20533
0.17811
0.15209
0.14599
0.12982
0.12509
0.12633
0
0
0
0
0
0.00035568
0.00091711
0.001643
0.0075615
0.02042
0.042956
0.071213
0.10891
0.15585
0.20417
0.26447
0.31308
0.34844
0.36328
0.35622
0.35117
0.32132
0.31031
0.31814
0.31014
0.30501
0.29313
0.27968
0.26044
0.25026
0.24536
0.25535
0.2593
0.24659
0.24022
0.23765
0.23102
0.23503
0.23714
0.24478
0.23998
0.2363
0.24094
0.24158
0.25277
0.26188
0.26396
0.27311
0.27038
0.24478
0.23998
0.2363
0.24094
0.24158
0.25277
0.26188
0.26396
0.27311
0.27038
0.28261
0.31188
0.33875
0.36838
0.3543
0.3545
0.3558
0.34917
0.36998
0.39205
0.44132
0.48676
0.48453
0.46057
0.43778
0.44674
0.49125
0.58841
0.68795
0.78908
0.85659
0.84206
0.7482
0.69501
0.67226
0.68165
0.68717
0.77206
0.92079
0.88796
0.73705
0.5476
0.37821
0.29902
0.2291
0.19902
0.17791
0.15556
0.14373
0.13011
0.12548
0.12633
0
0
0
0
0.00028813
0.00094741
0.00098153
0.0017533
0.0080702
0.029053
0.061265
0.086398
0.11355
0.14968
0.19422
0.25702
0.30169
0.35843
0.3634
0.36162
0.34587
0.34059
0.33196
0.32532
0.33111
0.32486
0.32096
0.30143
0.29301
0.28326
0.28075
0.27765
0.27393
0.26851
0.26203
0.26077
0.26672
0.27937
0.28201
0.26998
0.24892
0.2647
0.2758
0.28086
0.28346
0.26923
0.28453
0.28986
0.30148
0.26998
0.24892
0.2647
0.2758
0.28086
0.28346
0.26923
0.28453
0.28986
0.30148
0.31195
0.3257
0.33407
0.34661
0.3551
0.36071
0.38561
0.41421
0.42692
0.44371
0.46474
0.50033
0.50978
0.49644
0.46446
0.47254
0.51415
0.59201
0.68675
0.79652
0.90031
0.86742
0.79769
0.73138
0.66189
0.6327
0.6208
0.67025
0.84676
0.85686
0.72485
0.51961
0.40239
0.3182
0.23423
0.20182
0.17796
0.15954
0.14218
0.13113
0.12519
0.12633
0
0
0
0
0.00097579
0.0013714
0.0012371
0.0021757
0.015418
0.042754
0.075665
0.10257
0.11264
0.14398
0.17377
0.25313
0.30614
0.34054
0.36144
0.36019
0.33817
0.33502
0.31759
0.3211
0.32818
0.3141
0.31224
0.30852
0.29503
0.29731
0.30214
0.29294
0.2927
0.29743
0.28758
0.28997
0.31274
0.33416
0.32927
0.32175
0.30911
0.31129
0.32782
0.32229
0.32379
0.31914
0.32357
0.3301
0.33409
0.32175
0.30911
0.31129
0.32782
0.32229
0.32379
0.31914
0.32357
0.3301
0.33409
0.3372
0.3562
0.36902
0.40172
0.40352
0.427
0.43
0.45517
0.47506
0.49824
0.52742
0.50967
0.52213
0.47779
0.46909
0.50255
0.55581
0.65659
0.70375
0.75273
0.83724
0.78642
0.71888
0.66748
0.57836
0.54043
0.58303
0.68375
0.75915
0.77644
0.71872
0.55488
0.4166
0.3374
0.25752
0.21193
0.18116
0.15969
0.14721
0.13077
0.12592
0.12633
0
0
0
0.00062629
0.0013867
0.0018689
0.0019692
0.0033983
0.018957
0.046315
0.07447
0.09768
0.10262
0.12731
0.17009
0.24431
0.30556
0.34962
0.35319
0.35714
0.36838
0.36647
0.35672
0.33472
0.33288
0.35053
0.35138
0.34258
0.33437
0.32511
0.33176
0.33381
0.32872
0.3312
0.33449
0.32923
0.35835
0.37364
0.37697
0.37754
0.36999
0.37375
0.36365
0.34808
0.36646
0.3829
0.39929
0.40168
0.38257
0.37754
0.36999
0.37375
0.36365
0.34808
0.36646
0.3829
0.39929
0.40168
0.38257
0.38017
0.3767
0.40382
0.42723
0.44732
0.46386
0.47353
0.49742
0.49848
0.48774
0.51465
0.49276
0.48397
0.46818
0.45997
0.52493
0.58456
0.66637
0.7439
0.72747
0.6997
0.66155
0.61846
0.55562
0.50593
0.5137
0.55668
0.67102
0.78673
0.78951
0.72672
0.57065
0.42349
0.35782
0.28739
0.22466
0.18653
0.16295
0.14388
0.13125
0.12541
0.12633
0
0
4.4252e-05
0.00079632
0.0012313
0.001636
0.0021054
0.0027587
0.012399
0.037364
0.060171
0.070219
0.080795
0.10923
0.1642
0.23711
0.30122
0.35161
0.35944
0.36229
0.37456
0.37507
0.39578
0.39443
0.40076
0.39958
0.385
0.37372
0.3572
0.35332
0.36056
0.35846
0.38262
0.38951
0.39976
0.39634
0.40268
0.41381
0.4129
0.39842
0.38827
0.37625
0.38506
0.37976
0.38048
0.4139
0.41873
0.41098
0.40025
0.39842
0.38827
0.37625
0.38506
0.37976
0.38048
0.4139
0.41873
0.41098
0.40025
0.39543
0.40301
0.40955
0.41587
0.45992
0.47426
0.49042
0.5127
0.50808
0.52968
0.56375
0.56856
0.56088
0.56144
0.57189
0.60722
0.60308
0.64386
0.63492
0.6466
0.59185
0.51047
0.46483
0.44405
0.43684
0.49286
0.55571
0.66913
0.77371
0.77608
0.6826
0.55876
0.46237
0.36621
0.29875
0.23255
0.1874
0.16476
0.14049
0.13017
0.12529
0.12633
0
0
0.00013215
0.00075844
0.001198
0.0013093
0.0013029
0.0031193
0.0083033
0.018003
0.03193
0.045086
0.064731
0.12731
0.18705
0.26166
0.30365
0.33415
0.37264
0.37609
0.36968
0.36988
0.39124
0.42411
0.43916
0.42152
0.38203
0.34335
0.33732
0.33417
0.3522
0.37462
0.39065
0.41886
0.42817
0.41497
0.43347
0.44783
0.46077
0.45876
0.44594
0.42655
0.42156
0.41339
0.43721
0.43751
0.43286
0.409
0.40308
0.45876
0.44594
0.42655
0.42156
0.41339
0.43721
0.43751
0.43286
0.409
0.40308
0.41654
0.4326
0.45567
0.4924
0.51647
0.52215
0.52273
0.51085
0.51769
0.57204
0.58042
0.60233
0.61687
0.63414
0.65706
0.64028
0.61822
0.65454
0.63166
0.62219
0.59964
0.49286
0.45655
0.47884
0.48
0.50218
0.57977
0.66006
0.73819
0.70998
0.60664
0.52703
0.44497
0.363
0.30126
0.23089
0.19198
0.16532
0.14072
0.12919
0.1254
0.12633
0
0
0.00013215
0.00031818
0.0007982
0.0011725
0.00092828
0.0015121
0.0053791
0.013257
0.021293
0.032794
0.058036
0.12475
0.2026
0.25916
0.31161
0.32588
0.35201
0.35658
0.35746
0.3769
0.40848
0.43658
0.43944
0.40335
0.35876
0.34441
0.33196
0.33814
0.35566
0.3634
0.37636
0.38141
0.39644
0.43143
0.46393
0.50218
0.52728
0.51439
0.50463
0.50005
0.468
0.45868
0.46216
0.4571
0.46486
0.45302
0.47002
0.51439
0.50463
0.50005
0.468
0.45868
0.46216
0.4571
0.46486
0.45302
0.47002
0.48551
0.49116
0.50662
0.53892
0.58236
0.60962
0.59426
0.56087
0.56537
0.61307
0.6009
0.576
0.52386
0.55807
0.61198
0.62804
0.61773
0.62561
0.65745
0.65997
0.64015
0.6142
0.57696
0.55632
0.55532
0.56232
0.63294
0.65454
0.70589
0.66717
0.55173
0.47035
0.40174
0.34871
0.29466
0.23437
0.18839
0.15725
0.13954
0.12738
0.12715
0.12633
0
0
4.4252e-05
0.00013215
0.00017191
0.00021249
0.00054123
0.0011307
0.0037431
0.0083368
0.017904
0.031944
0.058695
0.10796
0.16897
0.22775
0.26717
0.30004
0.33051
0.36784
0.37258
0.40504
0.43628
0.44809
0.42593
0.39831
0.37118
0.3562
0.36943
0.36206
0.3805
0.39874
0.42042
0.43987
0.45049
0.48212
0.53767
0.56931
0.57687
0.5482
0.50934
0.49701
0.49589
0.48859
0.47648
0.47852
0.48452
0.50074
0.51847
0.5482
0.50934
0.49701
0.49589
0.48859
0.47648
0.47852
0.48452
0.50074
0.51847
0.51518
0.52444
0.52173
0.56759
0.6172
0.6408
0.61964
0.5772
0.58646
0.59612
0.57097
0.56866
0.52343
0.53391
0.58116
0.61596
0.66348
0.6706
0.69072
0.70348
0.65686
0.64371
0.62676
0.60415
0.59675
0.59741
0.64396
0.64896
0.65811
0.58766
0.4896
0.40198
0.35581
0.33222
0.28391
0.2295
0.18746
0.15536
0.13748
0.1262
0.12724
0.12633
0
0
0
0
0
4.4544e-05
0.00048075
0.0012561
0.0033658
0.00525
0.015196
0.031642
0.054157
0.085106
0.13499
0.22739
0.27814
0.33186
0.3565
0.37846
0.4134
0.4459
0.45121
0.46044
0.46438
0.45981
0.4507
0.45182
0.42207
0.4014
0.40801
0.41344
0.46115
0.50784
0.53138
0.52981
0.58479
0.59459
0.61
0.60431
0.56598
0.56118
0.5492
0.55546
0.55114
0.53559
0.54153
0.55015
0.56316
0.60431
0.56598
0.56118
0.5492
0.55546
0.55114
0.53559
0.54153
0.55015
0.56316
0.54046
0.54057
0.5515
0.58776
0.6265
0.60763
0.58151
0.55654
0.53872
0.60061
0.63325
0.60801
0.61739
0.5838
0.60703
0.76233
0.81049
0.93118
0.8777
0.70558
0.67244
0.61496
0.60045
0.59234
0.59117
0.59479
0.62323
0.64913
0.62598
0.52959
0.43732
0.3344
0.30732
0.30291
0.27325
0.2249
0.19093
0.15303
0.13372
0.1242
0.12611
0.12633
0
0
0
0
0
0.00015907
0.00024385
0.0010133
0.0024003
0.0032511
0.0093217
0.024544
0.04433
0.070512
0.10712
0.18855
0.26107
0.32653
0.37335
0.40507
0.44268
0.44977
0.46758
0.50484
0.50842
0.52051
0.52172
0.47736
0.4522
0.41382
0.39591
0.40197
0.44381
0.49511
0.53905
0.58288
0.58603
0.60778
0.60913
0.61287
0.61493
0.61203
0.62902
0.62531
0.63437
0.60797
0.61593
0.60386
0.59342
0.61287
0.61493
0.61203
0.62902
0.62531
0.63437
0.60797
0.61593
0.60386
0.59342
0.60374
0.60261
0.61717
0.61513
0.59311
0.59836
0.58282
0.57752
0.58263
0.60923
0.63545
0.6437
0.64929
0.63849
0.66718
0.86385
0.96142
0.98061
0.9348
0.77011
0.65833
0.6032
0.56593
0.55138
0.57921
0.61077
0.63453
0.6342
0.59155
0.49114
0.38723
0.31506
0.27359
0.28145
0.26686
0.22395
0.18595
0.15164
0.12871
0.12155
0.12514
0.12633
0
0
0
0
0
0
0.00019931
0.0010501
0.0017923
0.0026451
0.0056735
0.011068
0.022133
0.038934
0.067528
0.13437
0.21585
0.29077
0.35011
0.39365
0.4357
0.45059
0.49001
0.52069
0.54489
0.55173
0.50708
0.47611
0.45312
0.42964
0.43647
0.45959
0.48689
0.52684
0.55634
0.60109
0.62871
0.62656
0.64542
0.64233
0.64083
0.66701
0.65344
0.62658
0.63732
0.64069
0.63499
0.62978
0.62008
0.64233
0.64083
0.66701
0.65344
0.62658
0.63732
0.64069
0.63499
0.62978
0.62008
0.63358
0.65983
0.64222
0.63909
0.63601
0.6173
0.63108
0.64885
0.63925
0.60131
0.57754
0.6288
0.66597
0.76096
0.82323
0.77399
0.94703
0.88708
0.78495
0.67905
0.57169
0.55772
0.56366
0.56926
0.59133
0.59883
0.62229
0.60284
0.55385
0.45204
0.3551
0.28823
0.26502
0.27412
0.26869
0.22415
0.17935
0.15123
0.12767
0.12011
0.12564
0.12633
0
0
0
0
0
0
4.3145e-05
0.00056733
0.0012754
0.0036215
0.004976
0.0077569
0.011353
0.018905
0.039546
0.075705
0.13097
0.21216
0.28251
0.35723
0.40295
0.43843
0.48713
0.52928
0.56228
0.55533
0.54137
0.52836
0.5368
0.52342
0.50241
0.54082
0.55141
0.55137
0.5444
0.5793
0.64933
0.68108
0.66616
0.64635
0.67268
0.66911
0.67096
0.65679
0.63163
0.63694
0.62304
0.63496
0.63584
0.64635
0.67268
0.66911
0.67096
0.65679
0.63163
0.63694
0.62304
0.63496
0.63584
0.62893
0.65663
0.67624
0.66395
0.65016
0.64047
0.65552
0.67087
0.65878
0.66593
0.62126
0.62065
0.74226
0.80917
0.93533
0.95512
0.82894
0.67851
0.58387
0.49428
0.47683
0.5105
0.54714
0.57576
0.58773
0.58614
0.56549
0.5335
0.47126
0.40601
0.32325
0.27264
0.26191
0.27339
0.26683
0.2172
0.18036
0.15203
0.12366
0.12149
0.12668
0.12633
0
0
0
0
0
0
7.9962e-05
0.00046925
0.0012169
0.0031359
0.0046786
0.0063306
0.0093493
0.014536
0.027226
0.05075
0.083913
0.14326
0.20768
0.28283
0.36849
0.41613
0.48702
0.53577
0.57218
0.58309
0.57891
0.57827
0.58547
0.59002
0.5591
0.55726
0.53299
0.52932
0.51407
0.50995
0.56474
0.58292
0.62107
0.63967
0.67483
0.69303
0.68442
0.67671
0.65581
0.65012
0.63358
0.63367
0.64504
0.63967
0.67483
0.69303
0.68442
0.67671
0.65581
0.65012
0.63358
0.63367
0.64504
0.62098
0.65972
0.68933
0.6988
0.69995
0.66036
0.65768
0.67663
0.70011
0.66552
0.65162
0.61608
0.65425
0.79567
0.9221
0.94082
0.8292
0.65723
0.48247
0.40991
0.40327
0.44538
0.48491
0.53711
0.55291
0.54172
0.50628
0.4632
0.39553
0.35087
0.29915
0.26334
0.26648
0.27873
0.26593
0.21756
0.17501
0.15169
0.12091
0.12007
0.12638
0.12633
0
0
0
0
0
0
7.9962e-05
0.00036105
0.00084819
0.0021384
0.0036978
0.0052005
0.0057401
0.0118
0.018121
0.029103
0.046223
0.081434
0.16118
0.23432
0.31792
0.40033
0.46279
0.53038
0.58381
0.61003
0.59944
0.60248
0.62928
0.6362
0.60057
0.57105
0.55604
0.54238
0.53683
0.51256
0.50648
0.54158
0.60347
0.66578
0.68501
0.68967
0.66257
0.63226
0.63448
0.63236
0.63993
0.63445
0.64441
0.66578
0.68501
0.68967
0.66257
0.63226
0.63448
0.63236
0.63993
0.63445
0.64441
0.66463
0.66884
0.66643
0.66615
0.64448
0.6209
0.65604
0.67084
0.6566
0.63653
0.58539
0.56086
0.60085
0.67195
0.83933
0.8456
0.76161
0.60892
0.44549
0.36378
0.36635
0.37963
0.43543
0.46656
0.46999
0.46383
0.44385
0.39707
0.35697
0.31716
0.27622
0.26427
0.27701
0.28796
0.26946
0.22198
0.17507
0.15244
0.11826
0.11523
0.12584
0.12633
0
0
0
0
0
0
0
0.00043287
0.0015449
0.0015719
0.0029183
0.0036609
0.0052397
0.010399
0.013704
0.023625
0.034682
0.064562
0.13232
0.20859
0.31244
0.39261
0.44688
0.5093
0.5742
0.60874
0.63166
0.61169
0.62878
0.62471
0.59542
0.54978
0.53415
0.55621
0.54258
0.52035
0.52638
0.58248
0.62034
0.69688
0.71196
0.69112
0.67971
0.65015
0.63142
0.63342
0.62944
0.64294
0.67567
0.69688
0.71196
0.69112
0.67971
0.65015
0.63142
0.63342
0.62944
0.64294
0.67567
0.65214
0.64528
0.64192
0.59163
0.55154
0.57084
0.60293
0.63673
0.65395
0.60018
0.55156
0.53169
0.58175
0.66101
0.80465
0.79626
0.7373
0.49414
0.39917
0.33912
0.37215
0.39066
0.4177
0.41761
0.43148
0.43765
0.40312
0.38035
0.3418
0.29533
0.2725
0.26824
0.28857
0.28959
0.27181
0.22747
0.17042
0.15114
0.11865
0.11603
0.12673
0.12633
