0
0
0
0
0
0
0
0
0
0
0
0
0
0
0
0
0
0
0
0
0
0
0
0
0
0
0
0
0
0
0
0
0
0
0
0
0
0
0
0
0
0
0
0
0
0
0
0
0
0
0
0
0
0
0
0.0080423
0.12325
0.3482
0.63932
0.857
0.90612
0.89273
0.79271
0.70373
0.63249
0.63122
0.66623
0.66633
0.68782
0.68344
0.70879
0.70656
0.70964
0.71795
0.72594
0.77268
0.76188
0.76183
0.75823
0.76177
0.78887
0.81351
0.75041
0.70728
0.67305
0.65452
0.65186
0.64379
0.65582
0.63681
0.62428
0.62106
0.60347
0.60065
0.61071
0.59237
0.57459
0.57485
0.56832
0.57076
0.55184
0
0
0
0
0
0
0
0
0
0
0
0
0
0
0
0
0
0
0
0
0
0
0
0
0
0
0
0
0
0
0
0
0
0
0
0
0
0
0
0
0
0
0
0
0
0
0
0
0
0
0
0
0
0
0
0.012927
0.14516
0.36702
0.65356
0.85679
0.93156
0.92071
0.85501
0.76948
0.73054
0.68542
0.67254
0.70139
0.6902
0.69328
0.70159
0.70509
0.70125
0.72911
0.74968
0.79341
0.77183
0.77949
0.7794
0.85038
0.86268
0.86451
0.81432
0.70951
0.65805
0.62013
0.64567
0.65383
0.64454
0.6391
0.61468
0.60472
0.61341
0.62506
0.62063
0.58955
0.57935
0.57889
0.57165
0.57316
0.55184
0
0
0
0
0
0
0
0
0
0
0
0
0
0
0
0
0
0
0
0
0
0
0
0
0
0
0
0
0
0
0
0
0
0
0
0
0
0
0
0
0
0
0
0
0
0
0
0
0
0
0
0
0
0
0
0.016422
0.1211
0.34537
0.57517
0.73546
0.80279
0.79798
0.80343
0.7352
0.69666
0.68623
0.67075
0.66201
0.65824
0.66186
0.67302
0.67034
0.66565
0.69202
0.73187
0.77007
0.78361
0.77941
0.75618
0.82755
0.85441
0.85126
0.83198
0.7019
0.6436
0.59573
0.63442
0.6451
0.642
0.64401
0.60467
0.61233
0.6217
0.62357
0.61984
0.59613
0.58113
0.58797
0.57305
0.57294
0.55184
0
0
0
0
0
0
0
0
0
0
0
0
0
0
0
0
0
0
0
0
0
0
0
0
0
0
0
0
0
0
0
0
0
0
0
0
0
0
0
0
0
0
0
0
0
0
0
0
0
0
0
0
0
0
0
0.0087752
0.10458
0.3291
0.55021
0.72605
0.78284
0.73113
0.70131
0.6924
0.67839
0.66143
0.69177
0.68103
0.66081
0.65089
0.66047
0.67159
0.69151
0.68785
0.68543
0.71176
0.74439
0.74923
0.75473
0.74858
0.81092
0.81727
0.75384
0.70686
0.65048
0.61694
0.63501
0.65864
0.65391
0.6189
0.60403
0.59526
0.61658
0.62936
0.60491
0.59898
0.57399
0.58826
0.5757
0.5731
0.55184
0
0
0
0
0
0
0
0
0
0
0
0
0
0
0
0
0
0
0
0
0
0
0
0
0
0
0
0
0
0
0
0
0
0
0
0
0
0
0
0
0
0
0
0
0
0
0
0
0
0
0
0
0
0
0
0.013816
0.12173
0.33635
0.59836
0.79625
0.84052
0.80751
0.79449
0.72657
0.73421
0.71525
0.70446
0.72943
0.70878
0.66313
0.66525
0.68876
0.69677
0.71039
0.69105
0.68662
0.70669
0.73667
0.74493
0.72821
0.72178
0.71192
0.71979
0.69855
0.65989
0.63938
0.64749
0.65554
0.67466
0.61596
0.60542
0.59048
0.59888
0.63924
0.61215
0.59905
0.56899
0.59536
0.57491
0.57701
0.55184
0
0
0
0
0
0
0
0
0
0
0
0
0
0
0
0
0
0
0
0
0
0
0
0
0
0
0
0
0
0
0
0
0
0
0
0
0
0
0
0
0
0
0
0
0
0
0
0
0
0
0
0
0
0
0
0.02576
0.16136
0.40571
0.67804
0.84367
0.86497
0.83204
0.78686
0.74365
0.70393
0.68052
0.68325
0.71263
0.69165
0.66211
0.65677
0.64917
0.69061
0.69457
0.68117
0.69507
0.68719
0.71201
0.72482
0.73625
0.70879
0.70272
0.71232
0.68244
0.65134
0.65842
0.64997
0.65679
0.66509
0.62273
0.61237
0.60475
0.60344
0.63799
0.62192
0.5962
0.56891
0.58999
0.57417
0.57618
0.55184
0
0
0
0
0
0
0
0
0
0
0
0
0
0
0
0
0
0
0
0
0
0
0
0
0
0
0
0
0
0
0
0
0
0
0
0
0
0
0
0
0
0
0
0
0
0
0
0
0
0
0
0
0
0
0
0.020885
0.16873
0.46152
0.73506
0.92049
0.9424
0.89633
0.85809
0.7863
0.74519
0.68766
0.68082
0.6942
0.68283
0.64811
0.63068
0.64165
0.67665
0.69537
0.70725
0.69162
0.71471
0.70564
0.71405
0.71924
0.70878
0.71436
0.69227
0.67734
0.66024
0.65787
0.64522
0.6479
0.6364
0.61083
0.62301
0.6127
0.61638
0.63594
0.6257
0.58586
0.57094
0.58085
0.56957
0.57494
0.55184
0
0
0
0
0
0
0
0
0
0
0
0
0
0
0
0
0
0
0
0
0
0
0
0
0
0
0
0
0
0
0
0
0
0
0
0
0
0
0
0
0
0
0
0
0
0
0
0
0
0
0
0
0
0
0
0.016075
0.1466
0.45862
0.7958
0.98523
0.99797
0.93449
0.85144
0.79761
0.71002
0.68287
0.67419
0.64105
0.62968
0.63785
0.65388
0.66805
0.66972
0.68298
0.71259
0.70192
0.69316
0.66336
0.6656
0.68894
0.7085
0.69748
0.68632
0.67699
0.65525
0.64847
0.63592
0.62625
0.63267
0.61852
0.60628
0.61007
0.62454
0.63669
0.61591
0.57493
0.55755
0.57515
0.56489
0.57911
0.55184
0
0
0
0
0
0
0
0
0
0
0
0
0
0
0
0
0
0
0
0
0
0
0
0
0
0
0
0
0
0
0
0
0
0
0
0
0
0
0
0
0
0
0
0
0
0
0
0
0
0
0
0
0
0
0
0.01021
0.11558
0.38983
0.68699
0.96314
1
0.87856
0.78763
0.72554
0.68643
0.64494
0.61116
0.60092
0.61939
0.6164
0.64566
0.68505
0.7017
0.72739
0.71487
0.71934
0.70459
0.6928
0.68613
0.68242
0.67747
0.68347
0.66014
0.66149
0.64216
0.63023
0.62347
0.60797
0.61066
0.62101
0.59677
0.61245
0.62877
0.61249
0.61135
0.5683
0.55018
0.56902
0.56832
0.57994
0.55184
0
0
0
0
0
0
0
0
0
0
0
0
0
0
0
0
0
0
0
0
0
0
0
0
0
0
0
0
0
0
0
0
0
0
0
0
0
0
0
0
0
0
0
0
0
0
0
0
0
0
0
0
0
0
0
0.010634
0.10967
0.34654
0.68671
0.90929
0.97731
0.90165
0.77182
0.69937
0.65743
0.62408
0.61157
0.59693
0.5968
0.63471
0.63783
0.64225
0.67255
0.68161
0.68596
0.71149
0.72862
0.70932
0.69608
0.65951
0.67382
0.66293
0.65351
0.64772
0.63569
0.62017
0.61023
0.60222
0.59634
0.60716
0.57845
0.60847
0.61643
0.60906
0.60099
0.56691
0.54938
0.56126
0.57334
0.57436
0.55184
0
0
0
0
0
0
0
0
0
0
0
0
0
0
0
0
0
0
0
0
0
0
0
0
0
0
0
0
0
0
0
0
0
0
0
0
0
0
0
0
0
0
0
0
0
0
0
0
0
0
0
0
0
0
0
0.018632
0.12913
0.32704
0.61804
0.81346
0.86528
0.76751
0.69539
0.67917
0.64517
0.64629
0.65643
0.64111
0.64074
0.62284
0.61398
0.61445
0.60528
0.61634
0.6537
0.70055
0.71471
0.70516
0.68507
0.65845
0.6488
0.64443
0.61945
0.63229
0.61936
0.61415
0.59712
0.59406
0.57945
0.58629
0.58866
0.5922
0.60759
0.59718
0.58077
0.56161
0.55281
0.56265
0.57624
0.57027
0.55184
0
0
0
0
0
0
0
0
0
0
0
0
0
0
0
0
0
0
0
0
0
0
0
0
0
0
0
0
0
0
0
0
0
0
0
0
0
0
0
0
0
0
0
0
0
0
0
0
0
0
0
0
0
0
0
0.012018
0.1177
0.31308
0.58088
0.75734
0.82395
0.8136
0.73687
0.71416
0.68646
0.66345
0.6593
0.63998
0.64099
0.6112
0.61018
0.602
0.60138
0.61507
0.62556
0.6512
0.68411
0.67523
0.66975
0.63776
0.64739
0.64805
0.63273
0.63057
0.62178
0.60754
0.58945
0.57674
0.5795
0.58128
0.5835
0.58589
0.59908
0.59962
0.57107
0.55754
0.55486
0.55371
0.57418
0.56796
0.55184
0
0
0
0
0
0
0
0
0
0
0
0
0
0
0
0
0
0
0
0
0
0
0
0
0
0
0
0
0
0
0
0
0
0
0
0
0
0
0
0
0
0
0
0
0
0
0
0
0
0
0
0
0
0
0
0.019968
0.17231
0.43786
0.69908
0.89999
0.90022
0.82148
0.73526
0.67584
0.6686
0.64053
0.62989
0.61634
0.60784
0.61251
0.61717
0.61082
0.6151
0.60156
0.60236
0.64952
0.65064
0.62014
0.63118
0.62089
0.64386
0.63272
0.62882
0.63505
0.60925
0.59715
0.58964
0.57675
0.58217
0.57393
0.57938
0.58617
0.59448
0.59893
0.57355
0.55373
0.55338
0.55508
0.57032
0.56656
0.55184
0
0
0
0
0
0
0
0
0
0
0
0
0
0
0
0
0
0
0
0
0
0
0
0
0
0
0
0
0
0
0
0
0
0
0
0
0
0
0
0
0
0
0
0
0
0
0
0
0
0
0
0
0
0
0
0.015102
0.18171
0.46015
0.76611
0.94335
0.9165
0.81667
0.69718
0.63758
0.60006
0.58255
0.58469
0.57704
0.5616
0.56928
0.59082
0.60918
0.59276
0.59706
0.60867
0.60628
0.61744
0.6044
0.59368
0.61317
0.63261
0.62349
0.59758
0.59106
0.59071
0.59356
0.58072
0.58708
0.58469
0.58991
0.58517
0.59697
0.58821
0.6031
0.57251
0.54783
0.55685
0.55922
0.56575
0.56792
0.55184
0
0
0
0
0
0
0
0
0
0
0
0
0
0
0
0
0
0
0
0
0
0
0
0
0
0
0
0
0
0
0
0
0
0
0
0
0
0
0
0
0
0
0
0
0
0
0
0
0
0
0
0
0
0
0
0.0076567
0.1451
0.43947
0.72104
0.93484
0.92629
0.8045
0.73791
0.6382
0.59603
0.57392
0.53897
0.52993
0.52457
0.55365
0.58459
0.58648
0.58038
0.55827
0.59102
0.60488
0.60968
0.58296
0.57507
0.58533
0.60644
0.58846
0.57939
0.56557
0.56246
0.57609
0.59354
0.61485
0.62775
0.61064
0.59125
0.61001
0.58675
0.59229
0.57267
0.54019
0.54923
0.55781
0.55921
0.56556
0.55184
0
0
0
0
0
0
0
0
0
0
0
0
0
0
0
0
0
0
0
0
0
0
0
0
0
0
0
0
0
0
0
0
0
0
0
0
0
0
0
0
0
0
0
0
0
0
0
0
0
0
0
0
0
0
0
0.011369
0.11604
0.34753
0.66681
0.86458
0.8927
0.77979
0.68569
0.61255
0.55179
0.53044
0.50492
0.49859
0.50635
0.51257
0.54023
0.56526
0.55624
0.57404
0.57932
0.59064
0.59296
0.56609
0.58729
0.60654
0.59753
0.57949
0.56175
0.54792
0.53332
0.54429
0.61126
0.62758
0.63868
0.62157
0.59752
0.61266
0.59533
0.58661
0.56986
0.54489
0.55041
0.55459
0.55614
0.56526
0.55184
0
0
0
0
0
0
0
0
0
0
0
0
0
0
0
0
0
0
0
0
0
0
0
0
0
0
0
0
0
0
0
0
0
0
0
0
0
0
0
0
0
0
0
0
0
0
0
0
0
0
0
0
0
0
0
0.014571
0.10253
0.33273
0.62063
0.84214
0.87442
0.76722
0.65921
0.54524
0.51083
0.45022
0.47352
0.4886
0.47312
0.49286
0.5008
0.51125
0.5335
0.55791
0.56419
0.5838
0.56429
0.55912
0.5844
0.56929
0.56679
0.56029
0.54865
0.52013
0.52807
0.56096
0.59329
0.62347
0.61847
0.61606
0.58947
0.59798
0.59059
0.58671
0.55965
0.53899
0.55097
0.55212
0.56189
0.56266
0.55184
0
0
0
0
0
0
0
0
0
0
0
0
0
0
0
0
0
0
0
0
0
0
0
0
0
0
0
0
0
0
0
0
0
0
0
0
0
0
0
0
0
0
0
0
0
0
0
0
0
0
0
0
0
0
0
0.012072
0.095551
0.33269
0.58831
0.80047
0.8221
0.7193
0.65117
0.54031
0.48789
0.46476
0.45462
0.46846
0.47772
0.48763
0.5002
0.51429
0.52647
0.54269
0.56696
0.55959
0.54597
0.52979
0.55102
0.56026
0.56313
0.54947
0.51824
0.51697
0.52634
0.53514
0.5782
0.60428
0.61329
0.5907
0.57404
0.57786
0.57996
0.57991
0.54897
0.53645
0.54902
0.55499
0.55915
0.56104
0.55184
0
0
0
0
0
0
0
0
0
0
0
0
0
0
0
0
0
0
0
0
0
0
0
0
0
0
0
0
0
0
0
0
0
0
0
0
0
0
0
0
0
0
0
0
0
0
0
0
0
0
0
0
0
0
0
0.012734
0.11993
0.33317
0.5814
0.77887
0.83381
0.754
0.6354
0.53383
0.5096
0.45338
0.43811
0.42767
0.45072
0.45305
0.4831
0.49803
0.51207
0.53588
0.54979
0.52755
0.51623
0.51892
0.53289
0.53669
0.54469
0.51658
0.51893
0.52991
0.51492
0.52341
0.57945
0.59196
0.59776
0.5823
0.56045
0.55401
0.57256
0.56703
0.55115
0.54287
0.54325
0.55354
0.56203
0.55785
0.55184
0
0
0
0
0
0
0
0
0
0
0
0
0
0
0
0
0
0
0
0
0
0
0
0
0
0
0
0
0
0
0
0
0
0
0
0
0
0
0
0
0
0
0
0
0
0
0
0
0
0
0
0
0
0
0
0.01105
0.10386
0.32295
0.5772
0.74505
0.76093
0.70225
0.63529
0.54331
0.49189
0.44516
0.42457
0.41126
0.42017
0.42679
0.43232
0.45174
0.47476
0.51342
0.51947
0.52125
0.52996
0.54309
0.55076
0.55893
0.54972
0.52802
0.50219
0.51656
0.51491
0.52939
0.55333
0.56117
0.55896
0.55922
0.5497
0.53099
0.54936
0.55961
0.53934
0.53818
0.53486
0.55155
0.55916
0.5566
0.55184
0
0
0
0
0
0
0
0
0
0
0
0
0
0
0
0
0
0
0
0
0
0
0
0
0
0
0
0
0
0
0
0
0
0
0
0
0
0
0
0
0
0
0
0
0
0
0
0
0
0
0
0
0
0
0
0.0062607
0.089723
0.31408
0.56627
0.74422
0.75745
0.6634
0.58518
0.52086
0.45548
0.4169
0.40943
0.41152
0.41035
0.40073
0.40635
0.40021
0.40536
0.44388
0.47582
0.51553
0.52628
0.53009
0.54672
0.54825
0.53733
0.50816
0.49652
0.51217
0.53084
0.53805
0.53824
0.53798
0.54723
0.54252
0.53365
0.52521
0.53402
0.54425
0.53588
0.53439
0.53267
0.55472
0.55353
0.55309
0.55184
0
0
0
0
0
0
0
0
0
0
0
0
0
0
0
0
0
0
0
0
0
0
0
0
0
0
0
0
0
0
0
0
0
0
0
0
0
0
0
0
0
0
0
0
0
0
0
0
0
0
0
0
0
0
0
0.0056396
0.078116
0.25935
0.50615
0.65746
0.69697
0.64203
0.54369
0.4958
0.44475
0.42
0.39991
0.39019
0.39078
0.40384
0.39734
0.40175
0.41596
0.42759
0.43497
0.46802
0.49809
0.51942
0.52731
0.52992
0.51805
0.49952
0.49614
0.50913
0.51968
0.5228
0.53635
0.5394
0.546
0.53357
0.52152
0.50981
0.51853
0.53036
0.52441
0.53612
0.52788
0.55161
0.55357
0.55236
0.55184
0
0
0
0
0
0
0
0
0
0
0
0
0
0
0
0
0
0
0
0
0
0
0
0
0
0
0
0
0
0
0
0
0
0
0
0
0
0
0
0
0
0
0
0
0
0
0
0
0
0
0
0
0
0
0
0.0070481
0.08272
0.22519
0.41841
0.56262
0.60627
0.60059
0.54707
0.46965
0.43998
0.41257
0.397
0.40112
0.39667
0.40875
0.39508
0.411
0.42905
0.42795
0.46341
0.48286
0.48033
0.48213
0.51331
0.50011
0.4998
0.49926
0.48973
0.51281
0.51912
0.51663
0.50947
0.52964
0.53722
0.52854
0.5307
0.49932
0.51037
0.51323
0.51967
0.5386
0.52377
0.55005
0.55171
0.54905
0.55184
0
0
0
0
0
0
0
0
0
0
0
0
0
0
0
0
0
0
0
0
0
0
0
0
0
0
0
0
0
0
0
0
0
0
0
0
0
0
0
0
0
0
0
0
0
0
0
0
0
0
0
0
0
0
0
0.0045768
0.060728
0.19153
0.38852
0.55019
0.65605
0.62285
0.54598
0.49094
0.40089
0.37393
0.38826
0.39059
0.39707
0.40225
0.39426
0.40989
0.41305
0.43668
0.45117
0.46695
0.47867
0.48104
0.49254
0.4912
0.48839
0.50164
0.50501
0.51217
0.50576
0.50212
0.49342
0.50772
0.5328
0.51993
0.52061
0.49747
0.50552
0.51048
0.51395
0.53424
0.52457
0.54133
0.55209
0.54621
0.55184
0
0
0
0
0
0
0
0
0
0
0
0
0
0
0
0
0
0
0
0
0
0
0
0
0
0
0
0
0
0
0
0
0
0
0
0
0
0
0
0
0
0
0
0
0
0
0
0
0
0
0
0
0
0
0
0.0036953
0.059855
0.18168
0.36497
0.5162
0.56146
0.56681
0.49388
0.40539
0.37475
0.34846
0.34875
0.36306
0.37951
0.38452
0.36883
0.37954
0.39025
0.39514
0.40981
0.42174
0.45514
0.47117
0.47191
0.46707
0.47315
0.49079
0.50598
0.5115
0.49139
0.4965
0.49654
0.49089
0.52237
0.50376
0.50587
0.4896
0.48618
0.50649
0.51519
0.52673
0.52657
0.53228
0.55579
0.54531
0.55184
0
0
0
0
0
0
0
0
0
0
0
0
0
0
0
0
0
0
0
0
0
0
0
0
0
0
0
0
0
0
0
0
0
0
0
0
0
0
0
0
0
0
0
0
0
0
0
0
0
0
0
0
0
0
0
0.0046529
0.060513
0.1921
0.38223
0.51927
0.53659
0.49584
0.43402
0.38793
0.35133
0.33637
0.33704
0.3393
0.35389
0.35068
0.3599
0.35662
0.37283
0.39885
0.41381
0.41456
0.42464
0.44161
0.4517
0.44566
0.45424
0.47885
0.49794
0.50073
0.48862
0.48505
0.48561
0.49891
0.50103
0.49789
0.48758
0.48102
0.48379
0.50285
0.50384
0.52336
0.52581
0.53298
0.55423
0.54667
0.55184
0
0
0
0
0
0
0
0
0
0
0
0
0
0
0
0
0
0
0
0
0
0
0
0
0
0
0
0
0
0
0
0
0
0
0
0
0
0
0
0
0
0
0
0
0
0
0
0
0
0
0
0
0
0
0
0.0015084
0.060107
0.2388
0.38842
0.46593
0.50353
0.46526
0.42636
0.39246
0.34118
0.32689
0.34085
0.34938
0.36278
0.36392
0.35346
0.36749
0.38222
0.41436
0.42323
0.44329
0.45487
0.45982
0.45547
0.43935
0.43338
0.45154
0.47056
0.48504
0.48103
0.48832
0.4755
0.47845
0.49059
0.47812
0.48215
0.47614
0.48538
0.49428
0.50034
0.51985
0.52198
0.53153
0.55402
0.54419
0.55184
0
0
0
0
0
0
0
0
0
0
0
0
0
0
0
0
0
0
0
0
0
0
0
0
0
0
0
0
0
0
0
0
0
0
0
0
0
0
0
0
0
0
0
0
0
0
0
0
0
0
0
0
0
0
0
0.008972
0.096749
0.23749
0.39165
0.49076
0.62003
0.53809
0.46019
0.41938
0.34531
0.33912
0.33761
0.37327
0.3842
0.50998
0.53742
0.49544
0.4623
0.41284
0.43034
0.43731
0.44014
0.46426
0.44481
0.44064
0.44188
0.43969
0.44756
0.45615
0.48311
0.49192
0.48594
0.47872
0.47445
0.46126
0.47168
0.47113
0.47993
0.47656
0.49969
0.51474
0.52236
0.53172
0.5496
0.53892
0.55184
0
0
0
0
0
0
0
0
0
0
0
0
0
0
0
0
0
0
0
0
0
0
0
0
0
0
0
0
0
0
0
0
0
0
0
0
0
0
0
0
0
0
0
0
0
0
0
0
0
0
0
0
0
0
0
0.0028685
0.056219
0.19756
0.39198
0.60623
0.66712
0.63011
0.54904
0.39748
0.34611
0.30941
0.33949
0.42701
0.50323
0.6121
0.5962
0.55596
0.50057
0.41617
0.40959
0.42357
0.4347
0.45248
0.43821
0.44444
0.44208
0.44801
0.44264
0.45237
0.47426
0.48947
0.49674
0.48179
0.47171
0.46448
0.46179
0.46252
0.48586
0.48745
0.4984
0.51317
0.52203
0.53321
0.54742
0.53697
0.55184
0
0
0
0
0
0
0
0
0
0
0
0
0
0
0
0
0
0
0
0
0
0
0
0
0
0
0
0
0
0
0
0
0
0
0
0
0
0
0
0
0
0
0
0
0
0
0
0
0
0
0
0
0
0
0
0.0040994
0.079923
0.20222
0.38311
0.53185
0.64944
0.59012
0.4633
0.37743
0.33338
0.31838
0.3362
0.39411
0.45778
0.52916
0.51777
0.48459
0.36367
0.37202
0.39071
0.40753
0.41961
0.41078
0.42264
0.43077
0.45199
0.44686
0.44522
0.46368
0.47427
0.48357
0.49421
0.46827
0.46023
0.47498
0.45774
0.46532
0.48009
0.4961
0.49148
0.51046
0.51957
0.53536
0.54336
0.54136
0.55184
0
0
0
0
0
0
0
0
0
0
0
0
0
0
0
0
0
0
0
0
0
0
0
0
0
0
0
0
0
0
0
0
0
0
0
0
0
0
0
0
0
0
0
0
0
0
0
0
0
0
0
0
0
0
0
0.0072982
0.088035
0.25059
0.42716
0.58415
0.59452
0.55243
0.47524
0.40663
0.35515
0.34291
0.33164
0.33497
0.34482
0.35576
0.35057
0.36414
0.37024
0.37489
0.37576
0.37813
0.39085
0.37606
0.38919
0.41406
0.43334
0.43827
0.43275
0.44332
0.46238
0.47578
0.48075
0.47143
0.46261
0.46329
0.46087
0.46322
0.47535
0.49315
0.5042
0.50791
0.52085
0.53507
0.54556
0.54271
0.55184
0
0
0
0
0
0
0
0
0
0
0
0
0
0
0
0
0
0
0
0
0
0
0
0
0
0
0
0
0
0
0
0
0
0
0
0
0
0
0
0
0
0
0
0
0
0
0
0
0
0
0
0
0
0
0
0.006516
0.095371
0.26152
0.45852
0.58491
0.58056
0.55391
0.44961
0.39595
0.36386
0.32418
0.30479
0.30724
0.35478
0.36403
0.37601
0.37072
0.3518
0.37668
0.37819
0.37917
0.37694
0.3702
0.37299
0.37733
0.40011
0.42293
0.41694
0.42574
0.44214
0.45564
0.45666
0.47226
0.46633
0.46403
0.44766
0.45801
0.47057
0.48009
0.50189
0.51574
0.51882
0.5329
0.53941
0.54041
0.55184
0
0
0
0
0
0
0
0
0
0
0
0
0
0
0
0
0
0
0
0
0
0
0
0
0
0
0
0
0
0
0
0
0
0
0
0
0
0
0
0
0
0
0
0
0
0
0
0
0
0
0
0
0
0
0
0.011046
0.1448
0.30436
0.47238
0.60913
0.54586
0.49783
0.4108
0.34332
0.31495
0.31182
0.31257
0.32844
0.3515
0.37882
0.37503
0.35388
0.34497
0.34221
0.34666
0.36243
0.36831
0.36802
0.36845
0.36977
0.37885
0.39051
0.40011
0.41728
0.42863
0.4254
0.44945
0.45341
0.44566
0.45047
0.4402
0.45147
0.4656
0.47758
0.49707
0.52208
0.52298
0.52875
0.52829
0.54287
0.55184
0
0
0
0
0
0
0
0
0
0
0
0
0
0
0
0
0
0
0
0
0
0
0
0
0
0
0
0
0
0
0
0
0
0
0
0
0
0
0
0
0
0
0
0
0
0
0
0
0
0
0
0
0
0
0
0.0032071
0.10198
0.27447
0.42596
0.50912
0.48188
0.44824
0.37173
0.30154
0.29068
0.28149
0.29093
0.29057
0.31446
0.32465
0.32379
0.31579
0.30687
0.3099
0.3218
0.32947
0.34195
0.34873
0.33286
0.3598
0.36965
0.38655
0.39057
0.39705
0.40732
0.42419
0.43828
0.4504
0.43852
0.43291
0.43884
0.44418
0.46082
0.46914
0.48563
0.5138
0.52661
0.53362
0.52732
0.54083
0.55184
0
0
0
0
0
0
0
0
0
0
0
0
0
0
0
0
0
0
0
0
0
0
0
0
0
0
0
0
0
0
0
0
0
0
0
0
0
0
0
0
0
0
0
0
0
0
0
0
0
0
0
0
0
0
0
0.003222
0.054299
0.16123
0.30016
0.40169
0.43344
0.39225
0.32897
0.27924
0.27383
0.2713
0.26724
0.27204
0.26889
0.2806
0.28284
0.29178
0.29386
0.3008
0.31043
0.31307
0.32922
0.34617
0.34584
0.36107
0.37568
0.36979
0.3745
0.37633
0.38857
0.41711
0.42568
0.44637
0.4426
0.43033
0.43895
0.44655
0.45724
0.46418
0.4884
0.52256
0.52914
0.53519
0.53527
0.53964
0.55184
0
0
0
0
0
0
0
0
0
0
0
0
0
0
0
0
0
0
0
0
0
0
0
0
0
0
0
0
0
0
0
0
0
0
0
0
0
0
0
0
0
0
0
0
0
0
0
0
0
0
0
0
0
0
0
0.0031861
0.041309
0.12464
0.24118
0.34518
0.37565
0.35884
0.32034
0.28409
0.27875
0.29654
0.26154
0.26134
0.25308
0.26535
0.28035
0.31672
0.31975
0.32069
0.3072
0.3217
0.322
0.33603
0.35476
0.36562
0.36815
0.36264
0.35852
0.36423
0.37454
0.38845
0.40871
0.42048
0.43618
0.42846
0.42862
0.4382
0.46254
0.47161
0.48488
0.51293
0.53007
0.53522
0.53494
0.53548
0.55184
0
0
0
0
0
0
0
0
0
0
0
0
0
0
0
0
0
0
0
0
0
0
0
0
0
0
0
0
0
0
0
0
0
0
0
0
0
0
0
0
0
0
0
0
0
0
0
0
0
0
0
0
0
0
0
0.002423
0.04174
0.11561
0.22113
0.30349
0.34355
0.33499
0.30586
0.31009
0.31068
0.29628
0.28565
0.24623
0.23714
0.24453
0.26939
0.30345
0.31528
0.32612
0.31875
0.30901
0.3349
0.35014
0.35677
0.36151
0.34842
0.34887
0.35181
0.35476
0.34829
0.36433
0.39111
0.41021
0.41421
0.43053
0.42846
0.42819
0.45066
0.47057
0.4871
0.51386
0.52545
0.53868
0.53146
0.53667
0.55184
0
0
0
0
0
0
0
0
0
0
0
0
0
0
0
0
0
0
0
0
0
0
0
0
0
0
0
0
0
0
0
0
0
0
0
0
0
0
0
0
0
0
0
0
0
0
0
0
0
0
0
0
0
0
0
0.0028558
0.042765
0.10731
0.18354
0.27853
0.29641
0.294
0.28987
0.26618
0.29513
0.28584
0.24846
0.22612
0.22009
0.22411
0.22257
0.25247
0.26265
0.28203
0.29869
0.29805
0.32362
0.32414
0.33434
0.34264
0.34441
0.33385
0.32554
0.33513
0.34209
0.34755
0.38388
0.39084
0.4177
0.41983
0.42199
0.42707
0.4435
0.47367
0.48514
0.50987
0.5159
0.53257
0.53268
0.53305
0.55184
0
0
0
0
0
0
0
0
0
0
0
0
0
0
0
0
0
0
0
0
0
0
0
0
0
0
0
0
0
0
0
0
0
0
0
0
0
0
0
0
0
0
0
0
0
0
0
0
0
0
0
0
0
0
0
0.0010432
0.028309
0.070166
0.12615
0.18986
0.22991
0.26513
0.27035
0.26339
0.23251
0.20958
0.20467
0.20598
0.20151
0.20809
0.21735
0.22686
0.24325
0.25043
0.25378
0.27881
0.29028
0.29325
0.30905
0.30433
0.31486
0.33121
0.31841
0.32085
0.33941
0.34575
0.36756
0.38751
0.40649
0.41603
0.41955
0.42743
0.43936
0.47444
0.48324
0.50757
0.51096
0.52633
0.53532
0.53316
0.55184
0
0
0
0
0
0
0
0
0
0
0
0
0
0
0
0
0
0
0
0
0
0
0
0
0
0
0
0
0
0
0
0
0
0
0
0
0
0
0
0
0
0
0
0
0
0
0
0
0
0
0
0
0
0
0
0.0010604
0.029311
0.081959
0.13916
0.18985
0.22308
0.24983
0.26322
0.24539
0.23245
0.23529
0.22851
0.21356
0.20673
0.20427
0.22433
0.22528
0.22999
0.24081
0.23338
0.2447
0.25777
0.27313
0.27854
0.29331
0.30713
0.308
0.32898
0.33416
0.34001
0.35134
0.36223
0.38153
0.40021
0.41177
0.42848
0.43995
0.45605
0.47483
0.48945
0.50742
0.51765
0.52531
0.5329
0.53522
0.55184
0
0
0
0
0
0
0
0
0
0
0
0
0
0
0
0
0
0
0
0
0
0
0
0
0
0
0
0
0
0
0
0
0
0
0
0
0
0
0
0
0
0
0
0
0
0
0
0
0
0
0
0
0
0
0
0.0018053
0.026555
0.081771
0.13322
0.1868
0.20465
0.20808
0.21123
0.22647
0.2469
0.25704
0.24576
0.23516
0.22169
0.21902
0.22012
0.22393
0.22926
0.2227
0.23071
0.2392
0.24315
0.24788
0.25809
0.27491
0.30072
0.30785
0.32512
0.34228
0.35103
0.37085
0.36938
0.38594
0.40131
0.41416
0.43006
0.44253
0.44778
0.45872
0.49123
0.51027
0.52695
0.52188
0.52888
0.5349
0.55184
0
0
0
0
0
0
0
0
0
0
0
0
0
0
0
0
0
0
0
0
0
0
0
0
0
0
0
0
0
0
0
0
0
0
0
0
0
0
0
0
0
0
0
0
0
0
0
0
0
0
0
0
0
0
0
0.0038056
0.025207
0.062107
0.11266
0.17155
0.2235
0.24826
0.2299
0.20361
0.21144
0.21964
0.22419
0.22019
0.21229
0.19759
0.21232
0.21189
0.21979
0.22915
0.22916
0.2297
0.2405
0.24337
0.25645
0.2603
0.28193
0.30649
0.32396
0.35613
0.36633
0.37416
0.36381
0.38235
0.39159
0.41313
0.41695
0.43283
0.43912
0.45413
0.49283
0.50982
0.52374
0.51735
0.5236
0.53113
0.55184
0
0
0
0
0
0
0
0
0
0
0
0
0
0
0
0
0
0
0
0
0
0
0
0
0
0
0
0
0
0
0
0
0
0
0
0
0
0
0
0
0
0
0
0
0
0
0
0
0
0
0
0
0
0
0
0.0031355
0.029992
0.074121
0.12947
0.19847
0.25086
0.267
0.25513
0.21525
0.1906
0.1859
0.18772
0.1858
0.19183
0.20037
0.20459
0.20944
0.20691
0.21273
0.22604
0.23209
0.23717
0.23296
0.25076
0.25866
0.28506
0.30038
0.32239
0.35007
0.36378
0.37406
0.36611
0.38312
0.38611
0.41024
0.41881
0.42328
0.42979
0.45612
0.48582
0.51085
0.52442
0.51728
0.51929
0.526
0.55184
0
0
0
0
0
0
0
0
0
0
0
0
0
0
0
0
0
0
0
0
0
0
0
0
0
0
0
0
0
0
0
0
0
0
0
0
0
0
0
0
0
0
0
0
0
0
0
0
0
0
0
0
0
0
0
0.0044054
0.030253
0.065574
0.10853
0.14196
0.18634
0.22232
0.18791
0.20406
0.19354
0.1826
0.15919
0.17225
0.17673
0.19505
0.20651
0.20946
0.20316
0.19809
0.19484
0.19391
0.21098
0.22679
0.25094
0.25746
0.27515
0.29443
0.3186
0.33704
0.35062
0.37706
0.38664
0.39367
0.38808
0.41133
0.42535
0.41863
0.43652
0.45212
0.48136
0.51395
0.52705
0.52055
0.51727
0.52261
0.55184
0
0
0
0
0
0
0
0
0
0
0
0
0
0
0
0
0
0
0
0
0
0
0
0
0
0
0
0
0
0
0
0
0
0
0
0
0
0
0
0
0
0
0
0
0
0
0
0
0
0
0
0
0
0
0
0.0024515
0.027434
0.060649
0.09715
0.11446
0.12905
0.15247
0.1808
0.20618
0.20417
0.18751
0.17943
0.17216
0.1708
0.17734
0.1892
0.18909
0.18711
0.18153
0.18145
0.18645
0.19391
0.21252
0.23017
0.26207
0.27489
0.28954
0.3145
0.32793
0.35164
0.36965
0.38014
0.39867
0.39273
0.4084
0.41992
0.42673
0.43198
0.44296
0.48045
0.50956
0.51707
0.51443
0.51027
0.52386
0.55184
0
0
0
0
0
0
0
0
0
0
0
0
0
0
0
0
0
0
0
0
0
0
0
0
0
0
0
0
0
0
0
0
0
0
0
0
0
0
0
0
0
0
0
0
0
0
0
0
0
0
0
0
0
0
0
0.0037706
0.035281
0.075179
0.10818
0.13422
0.16645
0.18102
0.20063
0.18896
0.18369
0.17514
0.1711
0.1778
0.1794
0.17543
0.16719
0.17113
0.17273
0.18204
0.18042
0.176
0.18845
0.21279
0.23276
0.25145
0.26355
0.28834
0.31577
0.33271
0.33903
0.35078
0.35947
0.39583
0.39667
0.4098
0.41107
0.4161
0.42706
0.45233
0.47247
0.49697
0.50278
0.50874
0.50858
0.52472
0.55184
0
0
0
0
0
0
0
0
0
0
0
0
0
0
0
0
0
0
0
0
0
0
0
0
0
0
0
0
0
0
0
0
0
0
0
0
0
0
0
0
0
0
0
0
0
0
0
0
0
0
0
0
0
0
0
0.0048583
0.031339
0.070561
0.10637
0.154
0.1773
0.19237
0.20526
0.18028
0.18266
0.1854
0.18872
0.19087
0.18192
0.16781
0.16827
0.17582
0.17132
0.17654
0.19557
0.19754
0.19458
0.21042
0.23151
0.24203
0.26374
0.2847
0.31027
0.32319
0.33388
0.34077
0.35226
0.38227
0.39827
0.40965
0.41531
0.4129
0.43219
0.45247
0.46417
0.4934
0.4996
0.49884
0.50477
0.52391
0.55184
0
0
0
0
0
0
0
0
0
0
0
0
0
0
0
0
0
0
0
0
0
0
0
0
0
0
0
0
0
0
0
0
0
0
0
0
0
0
0
0
0
0
0
0
0
0
0
0
0
0
0
0
0
0
0
0.0035457
0.019774
0.061026
0.10519
0.12792
0.13828
0.15663
0.15911
0.17449
0.18627
0.18525
0.1909
0.18977
0.19005
0.19071
0.17207
0.18486
0.17815
0.18797
0.19689
0.19565
0.19675
0.21114
0.22926
0.2368
0.26433
0.28881
0.31323
0.33087
0.33027
0.33774
0.35253
0.37595
0.39593
0.41335
0.40867
0.41701
0.43299
0.45424
0.4702
0.49164
0.49559
0.49922
0.50004
0.52297
0.55184
0
0
0
0
0
0
0
0
0
0
0
0
0
0
0
0
0
0
0
0
0
0
0
0
0
0
0
0
0
0
0
0
0
0
0
0
0
0
0
0
0
0
0
0
0
0
0
0
0
0
0
0
0
0
0
0.0022474
0.022042
0.057951
0.10033
0.1214
0.12875
0.13908
0.15521
0.16778
0.17064
0.17409
0.17948
0.1798
0.17856
0.17966
0.17436
0.17169
0.17838
0.17972
0.18947
0.19332
0.19995
0.20226
0.21512
0.25578
0.27596
0.30262
0.31796
0.31992
0.32773
0.33647
0.35284
0.36924
0.39565
0.41131
0.40838
0.42084
0.43474
0.45827
0.48478
0.48527
0.49304
0.49396
0.49539
0.51979
0.55184
0
0
0
0
0
0
0
0
0
0
0
0
0
0
0
0
0
0
0
0
0
0
0
0
0
0
0
0
0
0
0
0
0
0
0
0
0
0
0
0
0
0
0
0
0
0
0
0
0
0
0
0
0
0
0
0.0029873
0.021796
0.064668
0.097377
0.11681
0.12764
0.13237
0.14767
0.1647
0.17049
0.16926
0.16344
0.17041
0.17925
0.1673
0.16843
0.17002
0.16929
0.16765
0.17653
0.18063
0.18633
0.20222
0.22141
0.2584
0.28117
0.30286
0.31808
0.31937
0.33612
0.3491
0.3683
0.37983
0.40652
0.41003
0.40755
0.42475
0.44448
0.46139
0.48588
0.48179
0.48564
0.48845
0.4929
0.51612
0.55184
0
0
0
0
0
0
0
0
0
0
0
0
0
0
0
0
0
0
0
0
0
0
0
0
0
0
0
0
0
0
0
0
0
0
0
0
0
0
0
0
0
0
0
0
0
0
0
0
0
0
0
0
0
0
0
0.0029561
0.01898
0.051215
0.082966
0.1118
0.12574
0.12774
0.14388
0.15557
0.16587
0.17071
0.17229
0.16704
0.16633
0.15487
0.1505
0.15735
0.16852
0.17627
0.18411
0.19277
0.20639
0.20687
0.21733
0.24698
0.27884
0.29245
0.31421
0.31558
0.33872
0.35071
0.37093
0.39445
0.40294
0.4133
0.41895
0.43113
0.45507
0.45957
0.48786
0.47655
0.49301
0.48311
0.4909
0.5141
0.55184
0
0
0
0
0
0
0
0
0
0
0
0
0
0
0
0
0
0
0
0
0
0
0
0
0
0
0
0
0
0
0
0
0
0
0
0
0
0
0
0
0
0
0
0
0
0
0
0
0
0
0
0
0
0
0
0.0042551
0.020012
0.045065
0.085795
0.10136
0.10825
0.12346
0.12986
0.14541
0.16084
0.16478
0.15651
0.16503
0.15464
0.15173
0.1531
0.16094
0.17781
0.19084
0.19867
0.21854
0.21814
0.22182
0.22371
0.24125
0.25981
0.27785
0.30794
0.31804
0.34198
0.34822
0.35976
0.40343
0.40755
0.41894
0.4346
0.44198
0.46002
0.45778
0.48359
0.48044
0.48602
0.47386
0.492
0.51497
0.55184
0
0
0
0
0
0
0
0
0
0
0
0
0
0
0
0
0
0
0
0
0
0
0
0
0
0
0
0
0
0
0
0
0
0
0
0
0
0
0
0
0
0
0
0
0
0
0
0
0
0
0
0
0
0
0
0.0026338
0.017401
0.05507
0.07784
0.096254
0.11069
0.11251
0.12695
0.13575
0.15299
0.15684
0.15806
0.15812
0.1498
0.16215
0.17034
0.1829
0.19304
0.19705
0.2056
0.22657
0.22998
0.23324
0.24094
0.23504
0.25099
0.27279
0.2937
0.31359
0.33667
0.34412
0.35954
0.39524
0.41159
0.42094
0.43893
0.45528
0.46288
0.47205
0.48003
0.47983
0.4774
0.4724
0.49534
0.51404
0.55184
0
0
0
0
0
0
0
0
0
0
0
0
0
0
0
0
0
0
0
0
0
0
0
0
0
0
0
0
0
0
0
0
0
0
0
0
0
0
0
0
0
0
0
0
0
0
0
0
0
0
0
0
0
0
0
0.0023612
0.018378
0.04491
0.078699
0.10595
0.11832
0.1305
0.14626
0.15155
0.15831
0.16272
0.15766
0.1519
0.16325
0.17205
0.18253
0.18977
0.18302
0.19488
0.20064
0.21538
0.22602
0.23611
0.238
0.25541
0.26418
0.26869
0.29588
0.31141
0.33908
0.35806
0.36946
0.39632
0.42243
0.42892
0.43319
0.4524
0.47193
0.47542
0.48576
0.48241
0.47049
0.47282
0.48682
0.51286
0.55184
0
0
0
0
0
0
0
0
0
0
0
0
0
0
0
0
0
0
0
0
0
0
0
0
0
0
0
0
0
0
0
0
0
0
0
0
0
0
0
0
0
0
0
0
0
0
0
0
0
0
0
0
0
0
0
0.001329
0.01343
0.045321
0.076882
0.10354
0.12461
0.13518
0.15306
0.17048
0.18503
0.18649
0.18283
0.1797
0.17819
0.18188
0.18892
0.1847
0.1876
0.17838
0.18242
0.20334
0.22281
0.24186
0.26165
0.27214
0.28814
0.29184
0.30821
0.33188
0.34905
0.35706
0.37836
0.39477
0.41106
0.42164
0.43717
0.45537
0.47921
0.47959
0.48623
0.48416
0.46902
0.46747
0.48644
0.51216
0.55184
0
0
0
0
0
0
0
0
0
0
0
0
0
0
0
0
0
0
0
0
0
0
0
0
0
0
0
0
0
0
0
0
0
0
0
0
0
0
0
0
0
0
0
0
0
0
0
0
0
0
0
0
0
0
0
0.0024176
0.015555
0.044904
0.078698
0.10989
0.13118
0.14048
0.16371
0.17886
0.18694
0.20214
0.20486
0.19819
0.18999
0.18097
0.18352
0.17777
0.17939
0.18446
0.2021
0.21787
0.23803
0.25617
0.26702
0.28771
0.2983
0.30985
0.32529
0.35453
0.36934
0.37739
0.3951
0.39776
0.41379
0.42818
0.44767
0.46745
0.49098
0.47956
0.48387
0.48055
0.46726
0.46779
0.48834
0.50866
0.55184
0
0
0
0
0
0
0
0
0
0
0
0
0
0
0
0
0
0
0
0
0
0
0
0
0
0
0
0
0
0
0
0
0
0
0
0
0
0
0
0
0
0
0
0
0
0
0
0
0
0
0
0
0
0
0
0.002771
0.021124
0.053239
0.090456
0.11367
0.13551
0.14568
0.15533
0.16139
0.18228
0.19624
0.20483
0.21083
0.19724
0.19363
0.19464
0.19281
0.204
0.20438
0.22137
0.22973
0.2478
0.2612
0.27035
0.28753
0.29765
0.31209
0.3236
0.34976
0.37008
0.38963
0.41122
0.41823
0.42588
0.42982
0.4458
0.47157
0.49634
0.48371
0.48202
0.4817
0.46528
0.46342
0.48716
0.50848
0.55184
0
0
0
0
0
0
0
0
0
0
0
0
0
0
0
0
0
0
0
0
0
0
0
0
0
0
0
0
0
0
0
0
0
0
0
0
0
0
0
0
0
0
0
0
0
0
0
0
0
0
0
0
0
0
0
0.0025031
0.021215
0.058451
0.088535
0.13175
0.12895
0.14284
0.1582
0.16313
0.18882
0.20002
0.21768
0.22758
0.22135
0.22252
0.22524
0.20962
0.21289
0.22032
0.21909
0.24212
0.2527
0.26894
0.27266
0.28113
0.29869
0.31806
0.32542
0.35387
0.36764
0.3963
0.41007
0.42698
0.43957
0.43243
0.44644
0.47673
0.49621
0.49292
0.47851
0.48412
0.46702
0.45822
0.48603
0.50833
0.55184
0
0
0
0
0
0
0
0
0
0
0
0
0
0
0
0
0
0
0
0
0
0
0
0
0
0
0
0
0
0
0
0
0
0
0
0
0
0
0
0
0
0
0
0
0
0
0
0
0
0
0
0
0
0
0
0.0037712
0.020716
0.061422
0.099721
0.12103
0.14825
0.16662
0.19067
0.20628
0.22655
0.22644
0.22313
0.22595
0.22523
0.22486
0.22113
0.2235
0.22444
0.23679
0.22653
0.24637
0.26152
0.28001
0.29533
0.29043
0.30082
0.31303
0.33184
0.3524
0.36899
0.39788
0.42164
0.41758
0.43163
0.42188
0.45054
0.47065
0.49504
0.50317
0.47893
0.48763
0.46588
0.46134
0.48361
0.50768
0.55184
0
0
0
0
0
0
0
0
0
0
0
0
0
0
0
0
0
0
0
0
0
0
0
0
0
0
0
0
0
0
0
0
0
0
0
0
0
0
0
0
0
0
0
0
0
0
0
0
0
0
0
0
0
0
0
0.0036794
0.025262
0.055953
0.10083
0.13078
0.15414
0.17936
0.19749
0.22313
0.23539
0.24046
0.2384
0.2224
0.21216
0.22117
0.2248
0.2387
0.23664
0.23988
0.24251
0.24832
0.27045
0.27189
0.27751
0.29787
0.32489
0.33014
0.3478
0.36246
0.37292
0.39988
0.42484
0.43355
0.43796
0.43323
0.46252
0.47561
0.49985
0.49649
0.47665
0.48581
0.46266
0.46479
0.48632
0.50641
0.55184
0
0
0
0
0
0
0
0
0
0
0
0
0
0
0
0
0
0
0
0
0
0
0
0
0
0
0
0
0
0
0
0
0
0
0
0
0
0
0
0
0
0
0
0
0
0
0
0
0
0
0
0
0
0
0
0.0024999
0.020739
0.057848
0.10283
0.15473
0.18617
0.19383
0.19551
0.20974
0.21684
0.23153
0.23265
0.22962
0.22079
0.22078
0.22277
0.24795
0.25174
0.27054
0.29238
0.28868
0.28437
0.28137
0.28438
0.29833
0.32369
0.3481
0.36436
0.36702
0.37805
0.39908
0.41153
0.43003
0.43593
0.44013
0.46945
0.48418
0.49249
0.47781
0.48178
0.48244
0.46571
0.47794
0.48985
0.5095
0.55184
0
0
0
0
0
0
0
0
0
0
0
0
0
0
0
0
0
0
0
0
0
0
0
0
0
0
0
0
0
0
0
0
0
0
0
0
0
0
0
0
0
0
0
0
0
0
0
0
0
0
0
0
0
0
0
0.0031837
0.022919
0.053811
0.10383
0.16842
0.18859
0.20428
0.20354
0.2088
0.22217
0.23083
0.2372
0.22212
0.22089
0.22817
0.24117
0.24724
0.26456
0.28517
0.30525
0.32079
0.30915
0.30125
0.31067
0.3092
0.33731
0.35231
0.34868
0.35991
0.37312
0.38852
0.41474
0.42337
0.45674
0.45665
0.47145
0.48658
0.48243
0.48408
0.47351
0.46514
0.46968
0.47807
0.48985
0.51065
0.55184
0
0
0
0
0
0
0
0
0
0
0
0
0
0
0
0
0
0
0
0
0
0
0
0
0
0
0
0
0
0
0
0
0
0
0
0
0
0
0
0
0
0
0
0
0
0
0
0
0
0
0
0
0
0
0
0.0052963
0.023625
0.059051
0.11861
0.16853
0.19437
0.21494
0.22431
0.26299
0.25894
0.24378
0.23102
0.23123
0.22982
0.23039
0.24294
0.2459
0.25695
0.29647
0.3007
0.31448
0.31873
0.31272
0.31696
0.32728
0.34784
0.34447
0.34621
0.35426
0.36756
0.38787
0.41689
0.4258
0.45
0.46637
0.47453
0.4765
0.48371
0.47453
0.46325
0.46685
0.46949
0.48295
0.48596
0.51522
0.55184
0
0
0
0
0
0
0
0
0
0
0
0
0
0
0
0
0
0
0
0
0
0
0
0
0
0
0
0
0
0
0
0
0
0
0
0
0
0
0
0
0
0
0
0
0
0
0
0
0
0
0
0
0
0
0
0.0020567
0.023849
0.071635
0.13106
0.17967
0.20876
0.23765
0.27579
0.29608
0.28759
0.26502
0.24565
0.22743
0.23104
0.23124
0.2402
0.24534
0.26301
0.29449
0.29201
0.31546
0.3107
0.30816
0.33376
0.33326
0.34177
0.3412
0.33936
0.34562
0.36186
0.38004
0.41382
0.43574
0.46917
0.47211
0.47344
0.47187
0.46735
0.46177
0.45774
0.45602
0.47698
0.48359
0.48841
0.51422
0.55184
0
0
0
0
0
0
0
0
0
0
0
0
0
0
0
0
0
0
0
0
0
0
0
0
0
0
0
0
0
0
0
0
0
0
0
0
0
0
0
0
0
0
0
0
0
0
0
0
0
0
0
0
0
0
0
0.0027868
0.028684
0.089141
0.14943
0.20653
0.25579
0.29413
0.32571
0.33253
0.31157
0.30155
0.27637
0.27204
0.25705
0.25252
0.25807
0.25698
0.28251
0.30281
0.31361
0.32063
0.31462
0.32493
0.32451
0.33042
0.35562
0.34509
0.35317
0.36512
0.38026
0.38129
0.42792
0.44043
0.47647
0.47903
0.4809
0.4722
0.46357
0.46843
0.45327
0.46218
0.48063
0.48184
0.4938
0.51347
0.55184
0
0
0
0
0
0
0
0
0
0
0
0
0
0
0
0
0
0
0
0
0
0
0
0
0
0
0
0
0
0
0
0
0
0
0
0
0
0
0
0
0
0
0
0
0
0
0
0
0
0
0
0
0
0
0
0.0019521
0.036583
0.10587
0.19301
0.28124
0.31668
0.33771
0.37191
0.34154
0.31906
0.29626
0.29034
0.3014
0.28944
0.27275
0.27068
0.26236
0.27666
0.29866
0.31782
0.33142
0.31105
0.31907
0.33859
0.35454
0.36424
0.36405
0.3596
0.38737
0.40547
0.41161
0.42604
0.43563
0.47163
0.46489
0.46326
0.46746
0.45609
0.45732
0.45254
0.46768
0.47211
0.48453
0.49565
0.5187
0.55184
0
0
0
0
0
0
0
0
0
0
0
0
0
0
0
0
0
0
0
0
0
0
0
0
0
0
0
0
0
0
0
0
0
0
0
0
0
0
0
0
0
0
0
0
0
0
0
0
0
0
0
0
0
0
0
0.00083429
0.044805
0.12788
0.22861
0.32247
0.36801
0.3934
0.39062
0.36996
0.32795
0.29412
0.28266
0.27257
0.28736
0.28523
0.2876
0.27982
0.27018
0.28766
0.29172
0.31682
0.32403
0.32553
0.362
0.36742
0.38317
0.39578
0.39556
0.41063
0.42273
0.42642
0.43463
0.43487
0.45169
0.45696
0.45206
0.46271
0.45518
0.4511
0.45631
0.46813
0.4698
0.49445
0.5009
0.52268
0.55184
0
0
0
0
0
0
0
0
0
0
0
0
0
0
0
0
0
0
0
0
0
0
0
0
0
0
0
0
0
0
0
0
0
0
0
0
0
0
0
0
0
0
0
0
0
0
0
0
0
0
0
0
0
0
0
0.00094696
0.039511
0.12632
0.22716
0.32379
0.35598
0.39968
0.40593
0.36407
0.33083
0.29124
0.2861
0.28118
0.2898
0.28438
0.29215
0.30611
0.29061
0.29362
0.30338
0.31829
0.33799
0.35326
0.37199
0.38542
0.39475
0.40763
0.41418
0.42003
0.42741
0.42637
0.43349
0.43097
0.44897
0.45102
0.45937
0.45974
0.45724
0.4565
0.46359
0.46647
0.48022
0.49959
0.5032
0.5234
0.55184
0
0
0
0
0
0
0
0
0
0
0
0
0
0
0
0
0
0
0
0
0
0
0
0
0
0
0
0
0
0
0
0
0
0
0
0
0
0
0
0
0
0
0
0
0
0
0
0
0
0
0
0
0
0
0
0.0013286
0.03227
0.093297
0.19557
0.26761
0.30439
0.33467
0.34357
0.32638
0.31428
0.28767
0.27661
0.27436
0.28164
0.29649
0.30136
0.29586
0.30315
0.29604
0.30707
0.32898
0.33553
0.36361
0.37527
0.39035
0.40343
0.41037
0.44259
0.43557
0.4438
0.43772
0.42675
0.43878
0.44179
0.44746
0.46008
0.45684
0.46812
0.46743
0.47081
0.47486
0.48508
0.50123
0.50614
0.52529
0.55184
0
0
0
0
0
0
0
0
0
0
0
0
0
0
0
0
0
0
0
0
0
0
0
0
0
0
0
0
0
0
0
0
0
0
0
0
0
0
0
0
0
0
0
0
0
0
0
0
0
0
0
0
0
0
0
0.0017363
0.027492
0.080775
0.16912
0.26289
0.31068
0.33581
0.35975
0.37355
0.32781
0.29629
0.27658
0.28526
0.30969
0.32004
0.32928
0.31382
0.31153
0.31996
0.33406
0.33314
0.35621
0.37474
0.36908
0.39517
0.41766
0.42597
0.44943
0.44888
0.44513
0.44043
0.43261
0.44664
0.44569
0.45321
0.46183
0.46385
0.48337
0.47688
0.47183
0.48191
0.49045
0.50479
0.50731
0.52778
0.55184
0
0
0
0
0
0
0
0
0
0
0
0
0
0
0
0
0
0
0
0
0
0
0
0
0
0
0
0
0
0
0
0
0
0
0
0
0
0
0
0
0
0
0
0
0
0
0
0
0
0
0
0
0
0
0
9.5771e-05
0.015399
0.078512
0.19734
0.28421
0.3502
0.38513
0.36701
0.38543
0.37989
0.36304
0.33454
0.30576
0.32902
0.34639
0.35066
0.35132
0.3453
0.34462
0.33431
0.33875
0.36351
0.38032
0.39421
0.39785
0.41971
0.42877
0.45312
0.44646
0.4617
0.45013
0.46851
0.4587
0.46034
0.46865
0.47152
0.48235
0.49389
0.48548
0.4705
0.49149
0.49676
0.50836
0.50895
0.52623
0.55184
0
0
0
0
0
0
0
0
0
0
0
0
0
0
0
0
0
0
0
0
0
0
0
0
0
0
0
0
0
0
0
0
0
0
0
0
0
0
0
0
0
0
0
0
0
0
0
0
0
0
0
0
0
0
0
0
0.027164
0.10923
0.235
0.35441
0.39492
0.39207
0.39614
0.41986
0.435
0.41315
0.36891
0.35222
0.33198
0.33391
0.33565
0.3587
0.3534
0.34926
0.35799
0.36025
0.38898
0.41158
0.41919
0.41748
0.42173
0.42578
0.44643
0.46004
0.45949
0.45598
0.46735
0.48114
0.48576
0.48819
0.4985
0.49393
0.502
0.49619
0.4794
0.49957
0.51121
0.51762
0.51704
0.52751
0.55184
0
0
0
0
0
0
0
0
0
0
0
0
0
0
0
0
0
0
0
0
0
0
0
0
0
0
0
0
0
0
0
0
0
0
0
0
0
0
0
0
0
0
0
0
0
0
0
0
0
0
0
0
0
0
0
0.00012489
0.027134
0.12349
0.26648
0.37564
0.38408
0.36733
0.35593
0.38685
0.41961
0.39974
0.36425
0.34609
0.32001
0.32057
0.32277
0.33634
0.35038
0.3645
0.35838
0.37247
0.3895
0.40755
0.42295
0.4331
0.43058
0.42742
0.43454
0.44427
0.45353
0.45801
0.47809
0.47851
0.4938
0.51488
0.51487
0.4985
0.50995
0.4999
0.49192
0.51016
0.51008
0.52457
0.5202
0.5261
0.55184
0
0
0
0
0
0
0
0
0
0
0
0
0
0
0
0
0
0
0
0
0
0
0
0
0
0
0
0
0
0
0
0
0
0
0
0
0
0
0
0
0
0
0
0
0
0
0
0
0
0
0
0
0
0
0
0.00072228
0.039104
0.16955
0.30891
0.41847
0.42031
0.3711
0.36403
0.37364
0.39786
0.39312
0.37509
0.34937
0.33738
0.32631
0.32355
0.342
0.36081
0.3758
0.39578
0.3875
0.40127
0.41169
0.43126
0.44613
0.45333
0.45684
0.44897
0.45579
0.46265
0.47382
0.48867
0.49292
0.51479
0.51734
0.52125
0.51477
0.52719
0.52259
0.51768
0.51425
0.51235
0.52622
0.52222
0.52911
0.55184
0
0
0
0
0
0
0
0
0
0
0
0
0
0
0
0
0
0
0
0
0
0
0
0
0
0
0
0
0
0
0
0
0
0
0
0
0
0
0
0
0
0
0
0
0
0
0
0
0
0
0
0
0
0
0
7.7974e-05
0.048265
0.19757
0.33257
0.41871
0.41821
0.37048
0.36034
0.35707
0.39525
0.38633
0.3741
0.3597
0.34251
0.35383
0.35854
0.36838
0.37548
0.39913
0.40226
0.41429
0.40422
0.42546
0.44641
0.46448
0.47907
0.4628
0.47014
0.45544
0.45099
0.46044
0.48231
0.50318
0.51976
0.51773
0.52366
0.52515
0.53395
0.52526
0.51524
0.52362
0.51969
0.53224
0.52392
0.53226
0.55184
0
0
0
0
0
0
0
0
0
0
0
0
0
0
0
0
0
0
0
0
0
0
0
0
0
0
0
0
0
0
0
0
0
0
0
0
0
0
0
0
0
0
0
0
0
0
0
0
0
0
0
0
0
0
0
0.000975
0.066406
0.19514
0.33551
0.4495
0.41901
0.38006
0.34286
0.36524
0.3676
0.3829
0.38025
0.35729
0.35723
0.37292
0.36891
0.39343
0.38867
0.39596
0.40857
0.41322
0.42623
0.43821
0.46933
0.48482
0.49395
0.47321
0.47043
0.46248
0.45556
0.46427
0.48223
0.4986
0.52175
0.52722
0.51388
0.52967
0.54213
0.53075
0.51643
0.52566
0.52282
0.53072
0.52198
0.53672
0.55184
0
0
0
0
0
0
0
0
0
0
0
0
0
0
0
0
0
0
0
0
0
0
0
0
0
0
0
0
0
0
0
0
0
0
0
0
0
0
0
0
0
0
0
0
0
0
0
0
0
0
0
0
0
0
0
0.00066927
0.045
0.16417
0.32378
0.43946
0.43285
0.39916
0.36317
0.34662
0.35711
0.3593
0.35683
0.37099
0.36872
0.38972
0.39402
0.40794
0.41222
0.41162
0.40499
0.42347
0.43837
0.46671
0.46711
0.47005
0.4765
0.49324
0.47639
0.46427
0.47045
0.45021
0.49166
0.49583
0.52406
0.53296
0.5256
0.54115
0.53924
0.52417
0.52985
0.52619
0.52379
0.53153
0.53431
0.53808
0.55184
0
0
0
0
0
0
0
0
0
0
0
0
0
0
0
0
0
0
0
0
0
0
0
0
0
0
0
0
0
0
0
0
0
0
0
0
0
0
0
0
0
0
0
0
0
0
0
0
0
0
0
0
0
0
0
0.00067799
0.061846
0.21081
0.35712
0.46623
0.44058
0.39218
0.35983
0.35713
0.35561
0.34863
0.34761
0.36461
0.39378
0.40745
0.42683
0.43547
0.41878
0.40604
0.41604
0.44156
0.46867
0.47664
0.48336
0.47412
0.47275
0.47896
0.48945
0.48332
0.47622
0.46512
0.47378
0.51255
0.53269
0.53194
0.54174
0.5502
0.5488
0.52734
0.53863
0.52896
0.52966
0.53988
0.5369
0.54042
0.55184
0
0
0
0
0
0
0
0
0
0
0
0
0
0
0
0
0
0
0
0
0
0
0
0
0
0
0
0
0
0
0
0
0
0
0
0
0
0
0
0
0
0
0
0
0
0
0
0
0
0
0
0
0
0
0
0.00099591
0.064693
0.21491
0.37707
0.47589
0.4796
0.44038
0.38843
0.38948
0.39146
0.38534
0.38199
0.3849
0.42374
0.43161
0.43807
0.4367
0.43662
0.42256
0.42677
0.43983
0.4855
0.49009
0.48798
0.47939
0.46985
0.4954
0.49104
0.48218
0.48144
0.47543
0.48471
0.53134
0.54497
0.54352
0.5469
0.54823
0.54363
0.54273
0.54312
0.53268
0.53486
0.53956
0.54127
0.54505
0.55184
0
0
0
0
0
0
0
0
0
0
0
0
0
0
0
0
0
0
0
0
0
0
0
0
0
0
0
0
0
0
0
0
0
0
0
0
0
0
0
0
0
0
0
0
0
0
0
0
0
0
0
0
0
0
0
0.0011011
0.069115
0.19284
0.36638
0.51267
0.54496
0.53297
0.4824
0.44401
0.43491
0.42192
0.41876
0.41341
0.42676
0.4315
0.4313
0.42148
0.42141
0.42245
0.43647
0.45285
0.4755
0.47504
0.49903
0.50529
0.5006
0.49576
0.49447
0.49764
0.48428
0.49659
0.49836
0.54382
0.57056
0.56764
0.56593
0.55404
0.54177
0.5505
0.5495
0.54
0.54349
0.54655
0.55043
0.54621
0.55184
0
0
0
0
0
0
0
0
0
0
0
0
0
0
0
0
0
0
0
0
0
0
0
0
0
0
0
0
0
0
0
0
0
0
0
0
0
0
0
0
0
0
0
0
0
0
0
0
0
0
0
0
0
0
0
0.00092269
0.078428
0.24984
0.43935
0.58795
0.62256
0.58547
0.51856
0.47179
0.45992
0.43935
0.42251
0.41231
0.42111
0.42251
0.42072
0.4175
0.42267
0.4363
0.46385
0.47965
0.48314
0.48183
0.49035
0.50299
0.51063
0.49569
0.49284
0.49696
0.49041
0.4995
0.52382
0.56462
0.59274
0.57967
0.56241
0.56478
0.55106
0.56038
0.5462
0.54697
0.55584
0.54267
0.54874
0.54716
0.55184
0
0
0
0
0
0
0
0
0
0
0
0
0
0
0
0
0
0
0
0
0
0
0
0
0
0
0
0
0
0
0
0
0
0
0
0
0
0
0
0
0
0
0
0
0
0
0
0
0
0
0
0
0
0
0
0.0019724
0.063048
0.22669
0.42412
0.59651
0.62011
0.58942
0.54736
0.51743
0.47259
0.43732
0.40224
0.40567
0.44174
0.46111
0.46742
0.47494
0.47515
0.48287
0.47731
0.49418
0.49025
0.47841
0.50522
0.51722
0.51992
0.4982
0.48855
0.48486
0.48445
0.49944
0.53192
0.56323
0.59114
0.58865
0.58058
0.58281
0.55793
0.56822
0.55086
0.54762
0.56269
0.54927
0.55547
0.55179
0.55184
0
0
0
0
0
0
0
0
0
0
0
0
0
0
0
0
0
0
0
0
0
0
0
0
0
0
0
0
0
0
0
0
0
0
0
0
0
0
0
0
0
0
0
0
0
0
0
0
0
0
0
0
0
0
0
0.002869
0.059647
0.23199
0.42532
0.59948
0.67469
0.65723
0.61022
0.56191
0.48555
0.44537
0.42985
0.43581
0.45189
0.47939
0.50098
0.507
0.48508
0.49552
0.5169
0.5166
0.51842
0.53925
0.53609
0.53492
0.52039
0.5063
0.49263
0.48935
0.48004
0.50421
0.53501
0.55954
0.57714
0.5916
0.57924
0.58985
0.57619
0.56499
0.56001
0.55008
0.5616
0.54832
0.55543
0.55108
0.55184
0
0
0
0
0
0
0
0
0
0
0
0
0
0
0
0
0
0
0
0
0
0
0
0
0
0
0
0
0
0
0
0
0
0
0
0
0
0
0
0
0
0
0
0
0
0
0
0
0
0
0
0
0
0
0
0.0021418
0.0757
0.2502
0.47108
0.62916
0.66482
0.67234
0.60514
0.56313
0.50714
0.47827
0.47066
0.4565
0.44129
0.45947
0.44726
0.47121
0.51357
0.51195
0.52681
0.54064
0.54142
0.55207
0.56161
0.56313
0.55303
0.51236
0.4943
0.48465
0.49447
0.51034
0.53652
0.56307
0.58646
0.57937
0.57243
0.58142
0.57905
0.57606
0.55974
0.56054
0.57052
0.54763
0.55039
0.55416
0.55184
0
0
0
0
0
0
0
0
0
0
0
0
0
0
0
0
0
0
0
0
0
0
0
0
0
0
0
0
0
0
0
0
0
0
0
0
0
0
0
0
0
0
0
0
0
0
0
0
0
0
0
0
0
0
0
0.0014318
0.079828
0.25742
0.45251
0.60844
0.6392
0.61201
0.5711
0.53107
0.49595
0.47876
0.4581
0.45743
0.44791
0.45221
0.47663
0.47472
0.48556
0.50558
0.5306
0.54506
0.55301
0.57225
0.56591
0.54533
0.53474
0.52382
0.52028
0.50562
0.51177
0.54315
0.55646
0.58299
0.57939
0.57757
0.57308
0.57501
0.57345
0.5835
0.56892
0.56651
0.57775
0.54874
0.55823
0.5557
0.55184
0
0
0
0
0
0
0
0
0
0
0
0
0
0
0
0
0
0
0
0
0
0
0
0
0
0
0
0
0
0
0
0
0
0
0
0
0
0
0
0
0
0
0
0
0
0
0
0
0
0
0
0
0
0
0
0.0035482
0.081555
0.24721
0.46771
0.65166
0.65149
0.61413
0.54991
0.52182
0.493
0.48265
0.49315
0.47773
0.49945
0.49403
0.49193
0.4978
0.48094
0.49651
0.4932
0.51416
0.5452
0.55024
0.54833
0.54681
0.54069
0.54794
0.54251
0.52868
0.55562
0.5596
0.5865
0.59633
0.57932
0.57352
0.5704
0.58112
0.57868
0.58759
0.59198
0.5774
0.57327
0.55606
0.56418
0.55527
0.55184
0
0
0
0
0
0
0
0
0
0
0
0
0
0
0
0
0
0
0
0
0
0
0
0
0
0
0
0
0
0
0
0
0
0
0
0
0
0
0
0
0
0
0
0
0
0
0
0
0
0
0
0
0
0
0
0.0020248
0.089347
0.27254
0.54908
0.68885
0.69047
0.63797
0.53702
0.52165
0.4984
0.48037
0.49048
0.48521
0.46691
0.47453
0.45983
0.47556
0.47741
0.47162
0.481
0.50783
0.55098
0.5648
0.58387
0.58128
0.58343
0.58871
0.59279
0.57593
0.57993
0.58143
0.60128
0.59519
0.57463
0.57242
0.57062
0.57936
0.58153
0.58558
0.58557
0.59115
0.57411
0.56873
0.56406
0.5567
0.55184
0
0
0
0
0
0
0
0
0
0
0
0
0
0
0
0
0
0
0
0
0
0
0
0
0
0
0
0
0
0
0
0
0
0
0
0
0
0
0
0
0
0
0
0
0
0
0
0
0
0
0
0
0
0
0
0.0034657
0.098772
0.33237
0.57346
0.71752
0.75264
0.6869
0.62979
0.59627
0.52433
0.49386
0.47323
0.47311
0.47166
0.46924
0.47541
0.48843
0.52087
0.52499
0.51424
0.51592
0.56096
0.58224
0.60532
0.61163
0.62256
0.64474
0.62065
0.61158
0.6085
0.60487
0.60919
0.60177
0.57785
0.57645
0.56621
0.56758
0.57622
0.58069
0.58592
0.59273
0.57384
0.56431
0.56442
0.55757
0.55184
0
0
0
0
0
0
0
0
0
0
0
0
0
0
0
0
0
0
0
0
0
0
0
0
0
0
0
0
0
0
0
0
0
0
0
0
0
0
0
0
0
0
0
0
0
0
0
0
0
0
0
0
0
0
0
0.0027232
0.09589
0.30105
0.53769
0.68611
0.6794
0.69768
0.6723
0.62875
0.56396
0.49603
0.47351
0.47236
0.47981
0.49273
0.49447
0.54481
0.57059
0.57541
0.57725
0.55155
0.56517
0.57936
0.60105
0.61961
0.624
0.64834
0.62625
0.62867
0.61611
0.60622
0.62541
0.60251
0.58991
0.58289
0.56601
0.57144
0.56857
0.57577
0.58936
0.58834
0.57932
0.56422
0.56017
0.55621
0.55184
0
0
0
0
0
0
0
0
0
0
0
0
0
0
0
0
0
0
0
0
0
0
0
0
0
0
0
0
0
0
0
0
0
0
0
0
0
0
0
0
0
0
0
0
0
0
0
0
0
0
0
0
0
0
0
0.00053133
0.075986
0.25728
0.47313
0.6141
0.67235
0.63912
0.60319
0.53576
0.49228
0.43342
0.44157
0.44346
0.46123
0.47291
0.49118
0.52036
0.54865
0.57431
0.56405
0.54761
0.572
0.58149
0.58255
0.59242
0.59223
0.62922
0.63873
0.62004
0.61208
0.62368
0.62629
0.61053
0.6097
0.60343
0.5854
0.57668
0.56791
0.58339
0.59037
0.58109
0.58239
0.5732
0.55571
0.56031
0.55184
0
0
0
0
0
0
0
0
0
0
0
0
0
0
0
0
0
0
0
0
0
0
0
0
0
0
0
0
0
0
0
0
0
0
0
0
0
0
0
0
0
0
0
0
0
0
0
0
0
0
0
0
0
0
0
0.002794
0.078006
0.25264
0.44196
0.59923
0.59059
0.55204
0.4583
0.40453
0.39727
0.39595
0.43362
0.44966
0.489
0.49986
0.5022
0.53424
0.53575
0.56124
0.5667
0.59453
0.59467
0.59139
0.59001
0.5955
0.59584
0.60532
0.62923
0.61512
0.63465
0.6342
0.62508
0.63615
0.62382
0.62297
0.59772
0.59308
0.58496
0.58489
0.59161
0.58054
0.57946
0.57106
0.55487
0.56078
0.55184
0
0
0
0
0
0
0
0
0
0
0
0
0
0
0
0
0
0
0
0
0
0
0
0
0
0
0
0
0
0
0
0
0
0
0
0
0
0
0
0
0
0
0
0
0
0
0
0
0
0
0
0
0
0
0
0.0020005
0.08007
0.26288
0.45136
0.57498
0.5523
0.52968
0.48146
0.46121
0.45789
0.47019
0.49432
0.50829
0.52668
0.53839
0.56348
0.61165
0.62036
0.62109
0.62495
0.6201
0.6138
0.62027
0.60419
0.61504
0.63129
0.64866
0.6452
0.63962
0.6379
0.63111
0.64268
0.64523
0.6529
0.64124
0.61315
0.59907
0.58087
0.58188
0.59519
0.58692
0.58017
0.56843
0.55563
0.56462
0.55184
0
0
0
0
0
0
0
0
0
0
0
0
0
0
0
0
0
0
0
0
0
0
0
0
0
0
0
0
0
0
0
0
0
0
0
0
0
0
0
0
0
0
0
0
0
0
0
0
0
0
0
0
0
0
0
0.0037343
0.093385
0.27385
0.47546
0.62341
0.62571
0.58763
0.56553
0.55013
0.54142
0.56168
0.55825
0.55634
0.54756
0.5571
0.60358
0.6575
0.66565
0.67391
0.63005
0.62731
0.62807
0.6218
0.63518
0.63703
0.65894
0.68552
0.68136
0.6773
0.65804
0.64779
0.67346
0.67661
0.66686
0.65933
0.63247
0.60926
0.57099
0.57707
0.59277
0.58672
0.58524
0.5754
0.56194
0.56802
0.55184
0
0
0
0
0
0
0
0
0
0
0
0
0
0
0
0
0
0
0
0
0
0
0
0
0
0
0
0
0
0
0
0
0
0
0
0
0
0
0
0
0
0
0
0
0
0
0
0
0
0
0
0
0
0
0
0.0053257
0.12264
0.32385
0.54603
0.67902
0.69854
0.6454
0.61429
0.56144
0.55636
0.55036
0.57823
0.58517
0.58665
0.59725
0.61515
0.69584
0.64538
0.63473
0.6136
0.60628
0.63187
0.63173
0.66074
0.65742
0.65966
0.67941
0.68479
0.69108
0.68557
0.67686
0.66813
0.68462
0.67877
0.6724
0.64256
0.61147
0.58094
0.57603
0.59685
0.57677
0.58923
0.57727
0.57093
0.57065
0.55184
0
0
0
0
0
0
0
0
0
0
0
0
0
0
0
0
0
0
0
0
0
0
0
0
0
0
0
0
0
0
0
0
0
0
0
0
0
0
0
0
0
0
0
0
0
0
0
0
0
0
0
0
0
0
0
0.0092888
0.12067
0.33806
0.58425
0.70625
0.72003
0.71786
0.67414
0.64212
0.57869
0.55232
0.60282
0.6718
0.68134
0.68397
0.70727
0.68756
0.69566
0.61339
0.59582
0.60734
0.61307
0.62929
0.65386
0.6664
0.6821
0.70884
0.70903
0.71833
0.69305
0.69573
0.69413
0.69987
0.6809
0.66131
0.64518
0.61606
0.58972
0.57554
0.58723
0.58164
0.59272
0.57751
0.56818
0.57171
0.55184
0
0
0
0
0
0
0
0
0
0
0
0
0
0
0
0
0
0
0
0
0
0
0
0
0
0
0
0
0
0
0
0
0
0
0
0
0
0
0
0
0
0
0
0
0
0
0
0
0
0
0
0
0
0
0
0.0084792
0.11594
0.35347
0.57177
0.72738
0.72232
0.73047
0.72851
0.67954
0.61396
0.61179
0.68873
0.72604
0.73046
0.72368
0.72916
0.72533
0.71176
0.63883
0.63044
0.64619
0.62668
0.65579
0.67639
0.67924
0.70602
0.72949
0.71859
0.72193
0.70558
0.69413
0.69254
0.70136
0.68851
0.66813
0.64771
0.61779
0.59263
0.58489
0.58114
0.58023
0.59315
0.57874
0.56701
0.57085
0.55184
0
0
0
0
0
0
0
0
0
0
0
0
0
0
0
0
0
0
0
0
0
0
0
0
0
0
0
0
0
0
0
0
0
0
0
0
0
0
0
0
0
0
0
0
0
0
0
0
0
0
0
0
0
0
0
0.010937
0.11322
0.31289
0.53515
0.65634
0.6843
0.71049
0.74268
0.73113
0.6355
0.61104
0.62585
0.67389
0.68477
0.6423
0.65665
0.64548
0.63186
0.64714
0.67505
0.68422
0.70056
0.69185
0.69517
0.69928
0.70894
0.73733
0.72914
0.71989
0.70127
0.68617
0.67572
0.67732
0.6579
0.65536
0.64137
0.61655
0.61094
0.59059
0.57859
0.58877
0.5792
0.58255
0.56731
0.56962
0.55184
0
0
0
0
0
0
0
0
0
0
0
0
0
0
0
0
0
0
0
0
0
0
0
0
0
0
0
0
0
0
0
0
0
0
0
0
0
0
0
0
0
0
0
0
0
0
0
0
0
0
0
0
0
0
0
0.0077418
0.10364
0.3046
0.51267
0.63742
0.6844
0.75485
0.75357
0.73506
0.63407
0.56425
0.58327
0.58308
0.59512
0.62887
0.63916
0.67498
0.68055
0.70095
0.70831
0.71679
0.73779
0.72379
0.68875
0.71007
0.70352
0.72053
0.72164
0.70541
0.71071
0.68974
0.6902
0.66408
0.66393
0.66735
0.64242
0.6296
0.6056
0.60093
0.59354
0.58584
0.57135
0.57877
0.56851
0.56923
0.55184
0
0
0
0
0
0
0
0
0
0
0
0
0
0
0
0
0
0
0
0
0
0
0
0
0
0
0
0
0
0
0
0
0
0
0
0
0
0
0
0
0
0
0
0
0
0
0
0
0
0
0
0
0
0
0
0.011559
0.15142
0.43301
0.6797
0.80521
0.78488
0.74069
0.72521
0.68021
0.60776
0.56827
0.58078
0.62241
0.64143
0.65358
0.66576
0.70225
0.71178
0.73063
0.75211
0.74837
0.74673
0.73276
0.71966
0.70754
0.70433
0.71452
0.73605
0.73192
0.7124
0.70106
0.68238
0.66233
0.64615
0.65148
0.63629
0.63749
0.59939
0.59714
0.59913
0.58944
0.57104
0.57156
0.56571
0.57081
0.55184
0
0
0
0
0
0
0
0
0
0
0
0
0
0
0
0
0
0
0
0
0
0
0
0
0
0
0
0
0
0
0
0
0
0
0
0
0
0
0
0
0
0
0
0
0
0
0
0
0
0
0
0
0
0
0
0.0069808
0.15247
0.40487
0.6784
0.83189
0.79323
0.75525
0.70323
0.63366
0.59629
0.57203
0.6172
0.64875
0.67329
0.66044
0.66897
0.67297
0.71851
0.74515
0.74999
0.74591
0.74052
0.73183
0.73138
0.7467
0.74584
0.73456
0.73658
0.72405
0.70083
0.68437
0.6494
0.65615
0.65745
0.65105
0.62333
0.63282
0.60329
0.59979
0.61039
0.59028
0.57214
0.57316
0.56698
0.57125
0.55184
0
0
0
0
0
0
0
0
0
0
0
0
0
0
0
0
0
0
0
0
0
0
0
0
0
0
0
0
0
0
0
0
0
0
0
0
0
0
0
0
0
0
0
0
0
0
0
0
0
0
0
0
0
0
0
0.0080423
0.12325
0.3482
0.63932
0.857
0.90612
0.89273
0.79271
0.70373
0.63249
0.63122
0.66623
0.66633
0.68782
0.68344
0.70879
0.70656
0.70964
0.71795
0.72594
0.77268
0.76188
0.76183
0.75823
0.76177
0.78887
0.81351
0.75041
0.70728
0.67305
0.65452
0.65186
0.64379
0.65582
0.63681
0.62428
0.62106
0.60347
0.60065
0.61071
0.59237
0.57459
0.57485
0.56832
0.57076
0.55184
