0
0
0
0
0
0
0
0
0
0
0
0
0
0
0
0
0
0
0
0
0
0
0
0
0
0
0
0
0
0
0
0
0
0
0
0
0
0
0
0
0
0
0
0
0
0
0
0
0
0
0
0
0
0
0
0
0
0
0
0
0
0
0
0
0
0
0
0
0
0
0
0
0
0
0
0
0
0
0
0
0
0
0
0
0
0
0
0
3.7322e-05
0.00013701
0.0001859
0.00016927
7.1704e-05
7.7164e-05
9.416e-05
8.1775e-05
6.4263e-05
0
0
0
0
0
0
0
0
0
0
0
0
0
0
0
0
0
0
0
0
0
0
0
0
0
0
0
0
0
0
0
0
0
0
0
0
0
0
0
0
0
0
0
0
0
0
0
0
0
0
0
0
0
0
0
0
0
0
0
0
0
0
0
0
0
0
0
0
0
0
0
0
0
0
0
0
0
0
0
0
0
0
0
0
0
0
0
0
0
0
0
6.491e-05
6.491e-05
0.0002136
0.0001859
0.00018479
0.00013826
0.00010718
0.00013519
9.416e-05
6.4263e-05
0
0
0
0
0
0
0
0
0
0
0
0
0
0
0
0
0
0
0
0
0
0
0
0
0
0
0
0
0
0
0
0
0
0
0
0
0
0
0
0
0
0
0
0
0
0
0
0
0
0
0
0
0
0
0
0
0
0
0
0
0
0
0
0
0
0
0
0
0
0
0
0
0
0
0
0
0
0
0
0
0
0
0
0
0
0
0
0
0
6.2414e-05
6.2414e-05
0.00015045
0.00014574
0.00022566
0.00019442
0.00023773
0.00013826
0.0001873
0.00016703
9.4459e-05
6.4263e-05
0
0
0
0
0
0
0
0
0
0
0
0
0
0
0
0
0
0
0
0
0
0
0
0
0
0
0
0
0
0
0
0
0
0
0
0
0
0
0
0
0
0
0
0
0
0
0
0
0
0
0
0
0
0
0
0
0
0
0
0
0
0
0
0
0
0
0
0
0
0
0
0
0
0
0
0
0
0
0
0
0
0
0
0
0
0
0
5.6538e-05
5.6538e-05
0.00011895
0.00018183
0.00031498
0.00028955
0.00023661
0.00023604
0.00043753
0.00044887
0.00028725
0.00017878
0.00015211
0
0
0
0
0
0
0
0
0
0
0
0
0
0
0
0
0
0
0
0
0
0
0
0
0
0
0
0
0
0
0
0
0
0
0
0
0
0
0
0
0
0
0
0
0
0
0
0
0
0
0
0
0
0
0
0
0
0
0
0
0
0
0
0
0
0
0
0
0
0
0
0
0
0
0
0
0
0
0
0
0
0
0
0
0
0
0
0
7.2109e-05
8.9737e-05
0.00015067
0.00040674
0.00037438
0.0003225
0.00038042
0.00052311
0.00064206
0.00075264
0.00041173
0.00017878
9.8563e-05
0
0
0
0
0
0
0
0
0
0
0
0
0
0
0
0
0
0
0
0
0
0
0
0
0
0
0
0
0
0
0
0
0
0
0
0
0
0
0
0
0
0
0
0
0
0
0
0
0
0
0
0
0
0
0
0
0
0
0
0
0
0
0
0
0
0
0
0
0
0
0
0
0
0
0
0
0
0
0
0
0
0
0
0
0
0
0
0
7.2109e-05
0.00014289
0.00029607
0.00050975
0.00040529
0.0003267
0.00049782
0.00049796
0.00074202
0.00075264
0.00041173
0.00027873
0.00011031
0
0
0
0
0
0
0
0
0
0
0
0
0
0
0
0
0
0
0
0
0
0
0
0
0
0
0
0
0
0
0
0
0
0
0
0
0
0
0
0
0
0
0
0
0
0
0
0
0
0
0
0
0
0
0
0
0
0
0
0
0
0
0
0
0
0
0
0
0
0
0
0
0
0
0
0
0
0
0
0
0
0
0
0
0
0
0
0
1.5571e-05
0.00015906
0.00026733
0.00047713
0.00050368
0.00029863
0.00031315
0.00045334
0.00064233
0.00070375
0.00041173
0.00027873
9.793e-05
0
7.7401e-05
0
0
0
0
0
0
0
0
0
0
0
0
0
0
0
0
0
0
0
0
0
0
0
0
0
0
0
0
0
0
0
0
0
0
0
0
0
0
0
0
0
0
0
0
0
0
0
0
0
0
0
0
0
0
0
0
0
0
0
0
0
0
0
0
0
0
0
0
0
0
0
0
0
0
0
0
0
0
0
0
0
0
0
0
0
0
0
0.00011858
0.00025509
0.00036829
0.00055342
0.00047874
0.00030971
0.0004165
0.00054617
0.00068285
0.00054062
0.00023349
9.793e-05
7.7401e-05
7.7401e-05
0
0
0
0
0
0
0
0
0
0
0
0
0
0
0
0
0
0
0
0
0
0
0
0
0
0
0
0
0
0
0
0
0
0
0
0
0
0
0
0
0
0
0
0
0
0
0
0
0
0
0
0
0
0
0
0
0
0
0
0
0
0
0
0
0
0
0
0
0
0
0
0
0
0
0
0
0
0
0
0
0
0
0
0
0
0
0
7.0781e-05
0.00027877
0.0004213
0.00047459
0.00032538
0.00014436
0.0004165
0.00051645
0.0006441
0.00037531
0.00019788
9.793e-05
7.7401e-05
0.00014012
0
0
0
0
0
0
0
0
0
0
0
0
0
0
0
0
0
0
0
0
0
0
0
0
0
0
0
0
0
0
0
0
0
0
0
0
0
0
0
0
0
0
0
0
0
0
0
0
0
0
0
0
0
0
0
0
0
0
0
0
0
0
0
0
0
0
0
0
0
0
0
0
0
0
0
0
0
0
0
0
0
0
0
0
0
0
0
0.00015168
0.00041635
0.0005521
0.00050826
0.00049221
0.00016222
0.00030376
0.0005282
0.00055495
0.00026501
0.00019788
0.00018948
0.00024342
0.00014012
7.7401e-05
0
0
0
0
0
0
0
0
0
0
0
0
0
0
0
0
0
0
0
0
0
0
0
0
0
0
0
0
0
0
0
0
0
0
0
0
0
0
0
0
0
0
0
0
0
0
0
0
0
0
0
0
0
0
0
0
0
0
0
0
0
0
0
0
0
0
0
0
0
0
0
0
0
0
0
0
0
0
0
0
0
0
0
0
0
0.00015168
0.00015168
0.00024104
0.00072289
0.00058289
0.00051753
0.00034602
1.1742e-05
0.00021627
0.00017883
0.00026501
0.00011245
0.0001807
0.00024342
0.00014012
7.7401e-05
0
0
0
0
0
0
0
0
0
0
0
0
0
0
0
0
0
0
0
0
0
0
0
0
0
0
0
0
0
0
0
0
0
0
0
0
0
0
0
0
0
0
0
0
0
0
0
0
0
0
0
0
0
0
0
0
0
0
0
0
0
0
0
0
0
0
0
0
0
0
0
0
0
0
0
0
0
0
0
0
0
0
0
0
0
0
0.00015168
0.0002254
0.00056074
0.00046917
0.0004072
0.00033433
1.1742e-05
1.1742e-05
9.9953e-05
0.00011171
0.00011506
0.00024342
0.00024342
0.0002289
7.7401e-05
0
0
0
0
0
0
0
0
0
0
0
0
0
0
0
0
0
0
0
0
0
0
0
0
0
0
0
0
0
0
0
0
0
0
0
0
0
0
0
0
0
0
0
0
0
0
0
0
0
0
0
0
0
0
0
0
0
0
0
0
0
0
0
0
0
0
0
0
0
0
0
0
0
0
0
0
0
0
0
0
0
0
0
0
0
0
0.00015168
0.00015168
0.00039795
0.00027812
0.00033433
0.00027422
1.1742e-05
1.1742e-05
0
0
0.0001033
0.00024342
0.00024342
0.00024342
7.7401e-05
0
0
0
0
0
0
0
0
0
0
0
0
0
0
0
0
0
0
0
0
0
0
0
0
0
0
0
0
0
0
0
0
0
0
0
0
0
0
0
0
0
0
0
0
0
0
0
0
0
0
0
0
0
0
0
0
0
0
0
0
0
0
0
0
0
0
0
0
0
0
0
0
0
0
0
0
0
0
0
0
0
0
0
0
0
0
0
0
0.00010542
0.00019853
0.00025801
0.00011716
1.1742e-05
1.1742e-05
0
0
0.0001033
0.00024342
0.00024342
0.00024342
0.00014012
0
0
0
0
0
0
0
0
0
0
0
0
0
0
0
0
0
0
0
0
0
0
0
0
0
0
0
0
0
0
0
0
0
0
0
0
0
0
0
0
0
0
0
0
0
0
0
0
0
0
0
0
0
0
0
0
0
0
0
0
0
0
0
0
0
0
0
0
0
0
0
0
0
0
0
0
0
0
0
0
0
0
0
0
0
0
0
0
0
0.00010542
0.00010542
1.1742e-05
1.1742e-05
0
0
0
0.0001033
0.00024342
0.00024342
0.00024342
0.00014012
0
0
0
0
0
0
0
0
0
0
0
0
0
0
0
0
0
0
0
0
0
0
0
0
0
0
0
0
0
0
0
0
0
0
0
0
0
0
0
0
0
0
0
0
0
0
0
0
0
0
0
0
0
0
0
0
0
0
0
0
0
0
0
0
0
0
0
0
0
0
0
0
0
0
0
0
0
0
0
0
0
0
0
0
0
0
0
0
0
0
0
0
0
0
0
0
0.0001033
0.00024342
0.00024342
0.00024342
0.00014012
0
0
0
0
0
0
0
0
0
0
0
0
0
0
0
0
0
0
0
0
0
0
0
0
0
0
0
0
0
0
0
0
0
0
0
0
0
0
0
0
0
0
0
0
0
0
0
0
0
0
0
0
0
0
0
0
0
0
0
0
0
0
0
0
0
0
0
0
0
0
0
0
0
0
0
0
0
0
0
0
0
0
0
0
0
0
0
0
0
0
0
0
0
0
0
0
0.0001033
0.00024342
0.00024342
0.00024342
0.00014012
0
0
0
0
0
0
0
0
0
0
0
0
0
0
0
0
0
0
0
0
0
0
0
0
0
0
0
0
0
0
0
0
0
0
0
0
0
0
0
0
0
0
0
0
0
0
0
0
0
0
0
0
0
0
0
0
0
0
0
0
0
0
0
0
0
0
0
0
0
0
0
0
0
0
0
0
0
0
0
0
0
0
0
0
0
0
0
0
0
0
0
0
0
0
4.0774e-05
4.0774e-05
0.0001033
0.00024342
0.00024342
0.00024342
0.00014012
0
0
0
0
0
0
0
0
0
0
0
0
0
0
0
0
0
0
0
0
0
0
0
0
0
0
0
0
0
0
0
0
0
0
0
0
0
0
0
0
0
0
0
0
0
0
0
0
0
0
0
0
0
0
0
0
0
0
0
0
0
0
0
0
0
0
0
0
0
0
0
0
0
0
0
0
0
0
0
0
0
0
0
0
0
0
0
0
0
0
0
0
3.1876e-05
4.5433e-05
5.4332e-05
4.0774e-05
0.00014408
0.00024342
0.00024342
0.0002289
0.00014012
0
0
0
0
0
0
0
0
0
0
0
0
0
0
0
0
0
0
0
0
0
0
0
0
0
0
0
0
0
0
0
0
0
0
0
0
0
0
0
0
0
0
0
0
0
0
0
0
0
0
0
0
0
0
0
0
0
0
0
0
0
0
0
0
0
0
0
0
0
0
0
0
0
0
0
0
0
0
0
0
0
0
0
0
0
0
0
0
0
0
0
3.1876e-05
4.5433e-05
8.6207e-05
5.4332e-05
5.4332e-05
0.00014408
0.00024342
0.00024342
0.00014012
0.00014012
0
0
0
0
0
0
0
0
0
0
0
0
0
0
0
0
0
0
0
0
0
0
0
0
0
0
0
0
0
0
0
0
0
0
0
0
0
0
0
0
0
0
0
0
0
0
0
0
0
0
0
0
0
0
0
0
0
0
0
0
0
0
0
0
0
0
0
0
0
0
0
0
0
0
0
0
0
0
0
0
0
0
0
0
0
0
0
0
0
0
0
3.1876e-05
4.5433e-05
8.6207e-05
8.6207e-05
5.4332e-05
4.0774e-05
0.00024342
0.00024342
0.00014012
0.00014012
0
0
0
0
0
0
0
0
0
0
0
0
0
0
0
0
0
0
0
0
0
0
0
0
0
0
0
0
0
0
0
0
0
0
0
0
0
0
0
0
0
0
0
0
0
0
0
0
0
0
0
0
0
0
0
0
0
0
0
0
0
0
0
0
0
0
0
0
0
0
0
0
0
0
0
0
0
0
0
0
0
0
0
0
0
0
0
0
0
0
0
3.1876e-05
4.5433e-05
8.6207e-05
8.6207e-05
5.4332e-05
4.0774e-05
0.00016602
0.00024342
0.00014012
7.7401e-05
0
0
0
0
0
0
0
0
0
0
0
0
0
0
0
0
0
0
0
0
0
0
0
0
0
0
0
0
0
0
0
0
0
0
0
0
0
0
0
0
0
0
0
0
0
0
0
0
0
0
0
0
0
0
0
0
0
0
0
0
0
0.00017253
7.9221e-05
7.9221e-05
0
0
0
0
0
0
0
0
0
0
0
0
0
0
0
0
0
0
0
0
0
0
0
0
0
0
0
3.1876e-05
4.5433e-05
8.6207e-05
8.6207e-05
5.4332e-05
4.0774e-05
6.2718e-05
0.00014012
0.00014012
7.7401e-05
0
0
0
0
0
0
0
0
0
0
0
0
0
0
0
0
0
0
0
0
0
0
0
0
0
0
0
0
0
0
0
0
0
0
0
0
0
0
0
0
0
0
0
0
0
0
0
0
0
0.00029144
0.00029144
0.00029144
0
0
0
0
0
0
0
0.00014822
0.00066113
0.00076371
0.00075881
0.00054118
6.6943e-05
0
0
0
0
0
0
0
0
0
0
0
0
0
0
0
0
0
0
0
0
0
0
0
0
0
0
3.1876e-05
4.5433e-05
8.6207e-05
8.6207e-05
5.4332e-05
4.0774e-05
0
0.00014012
0.00014012
0
0
0
0
0
0
0
0
0
0
0
0
0
0
0
0
0
0
0
0
0
0
0
0
0
0
0
0
0
0
0
0
0
0
0
0
0
0
0
0
0
0
0
0
0
0
0
0
0
0
0.00029144
0.00051847
0.00051847
0.00051847
0
0
0
0
0
0
5.4916e-05
0.00051301
0.0011132
0.00098626
0.00043148
8.6087e-05
0
0
0
0
0
0
0
0
0
0
0
0
0
0
0
0
0
0
0
0
0
0
0
0
0
0
0
3.1876e-05
4.5433e-05
5.4332e-05
5.4332e-05
0
0
6.2718e-05
0.00014012
0
0
0
0
0
0
0
0
0
0
0
0
0
0
0
0
0
0
0
0
0
0
0
0
0
0
0
0
0
0
0
0
0
0
0
0
0
0
0
0
0
0
0
0
0
0
0
0
0.00011148
0.0006238
0.0033476
0.0029257
0.0026364
0.0011254
0.00064195
0
0
0
0
0.00027346
0.00040295
0.00051201
0.00076549
0.00076578
0.0010932
0.00056503
0.00019455
0
0
0
0
0
0
0
0
0
0
0
0
0
0
0
0
0
0
0
0
0
0
0
0
0
0
0
0
1.3558e-05
4.0774e-05
0
0
0
0
0
0
0
0
0
0
0
0
0
0
0
0
0
0
0
0
0
0
0
0
0
0
0
0
0
0
0
0
0
0
0
0
0
0
0
0
0
0
0
0
0
0
0
0
0
0
0
0
0.0018102
0.0032704
0.0091363
0.012505
0.010405
0.008222
0.0066273
0.003558
0.00082404
0.0010486
0.0017954
0.0017261
0.0045428
0.005417
0.0043416
0.003697
0.002755
0.002084
0.0013451
0.00040939
0
0
0
0
0
0
0
0
0
0
0
0
0
0
0
0
0
0
0
0
0
0
0
0
0
0
0
0
0
0
0
0
0
0
0
0
0
0
0
0
0
0
0
0
0
0
0
0
0
0
0
0
0
0
0
0
0
0
0
0
0
0
0
0
0
0
0
0
0
0
0
0
0
0
0
0
0
0
0
0
0
0.0015216
0.0052193
0.012519
0.015896
0.020687
0.019845
0.015705
0.0055651
0.0047196
0.0050816
0.0077793
0.012301
0.016583
0.016139
0.01398
0.008991
0.0067981
0.0027265
0.0017596
0.00078117
0
0
0
0
0
0
0
0
0
0
0
0
0
0
0
0
0
0
0
0
0
0
0
0
0
0
0
0
0
0
0
0
0
0
0
0
0
0
0
0
0
0
0
0
0
0
0
0
0
0
0
0
0
0
0
0
0
0
0
0
0
0
0
0
0
0
0
0
0
0
0
0
0
0
0
0
0
0
0
0.00012556
0.00019643
0.0021745
0.0091641
0.01584
0.024849
0.023828
0.020746
0.019879
0.015084
0.016963
0.011868
0.020911
0.025456
0.029111
0.031391
0.027125
0.022782
0.018172
0.0089212
0.0032784
0.0023637
0.00071158
8.8346e-05
2.9819e-05
2.9819e-05
2.9819e-05
0
0
0
0
0
0
0
0
0
0
0
0
0
0
0
0
0
0
0
0
0
0
0
0
0
0
0
0
0
0
0
0
0
0
0
0
0
0
0
0
0
0
0
0
0
0
0
0
0
0
0
0
0
0
0
0
0
0
0
0
0
0
0
0
0
0
0
0
0
0
0
0
0.0040182
0.0058606
0.0070511
0.012713
0.014355
0.020853
0.033638
0.040603
0.04191
0.033942
0.026175
0.027411
0.034629
0.032598
0.04273
0.039697
0.040757
0.044383
0.043809
0.036471
0.029054
0.017036
0.0076519
0.0039627
0.0032335
0.0017966
0.00091266
0.00033009
0.00010752
0.00010752
4.4622e-05
0
0
0
0
0
0
0
0
0
0
0
0
0
0
0
0
0
0
0
0
0
0
0
0
5.2048e-05
0
0
0
0
0
0
0
0
0
0
0
0
0
0
0
0
0
0
0
0
0
0
0
0
0
0
0
0
0
0
0
0
0
0
0
0
0
0
0
0
0
0
0
0
0.0062597
0.010352
0.017213
0.024011
0.023324
0.023386
0.035297
0.043043
0.05854
0.060246
0.049168
0.043707
0.043993
0.045704
0.059754
0.070012
0.063011
0.064454
0.061422
0.052103
0.049173
0.030422
0.018753
0.013237
0.0083159
0.0033024
0.0030433
0.0019902
0.00034539
0.00010329
7.7705e-05
0
0
0
0
0
0
0
0
0
0
0
0
0
0
0
0
0
0
0
0
0
0
0
0
5.2048e-05
5.2048e-05
0
0
0
0
0
0
0
0
0
0
0
0
0
0
0
0
0
0
0
0
0
0
0
0
0
0
0
0
0
0
0
0
0
0
0
0
0
0
0
0
0
0
0
0.00016238
0.0090709
0.015109
0.021588
0.02946
0.035559
0.040212
0.056181
0.0701
0.083532
0.075267
0.075241
0.069039
0.068264
0.088837
0.094626
0.091742
0.089757
0.074073
0.069931
0.058475
0.048375
0.038366
0.027596
0.016042
0.010693
0.006407
0.0032522
0.0023104
0.00077019
0.000398
0.00026653
0.00017676
0
0
0
5.8059e-05
0.00013739
7.9327e-05
4.1107e-05
0
0
0
0
0
0
0
0
0
0
0
0
0
0
0
0
5.2048e-05
5.2048e-05
5.2048e-05
0
0
0
0
0
0
0
0
0
0
0
0
0
0
0
0
0
0
0
0
0
0
0
0
0
0
0
0
0
0
0
0
0
0
0
0
0
0
0
0
0
0
0.00040103
0.0072633
0.017429
0.026467
0.044599
0.072469
0.090626
0.11052
0.10519
0.10137
0.09826
0.092151
0.099982
0.10371
0.12873
0.14487
0.14774
0.12063
0.10566
0.090706
0.089935
0.076691
0.047192
0.032518
0.025173
0.014254
0.0081002
0.0057624
0.0034358
0.0021672
0.0013054
0.00093882
0.00054726
0
0
5.8059e-05
0.00020514
0.00034158
0.00031177
0.00018755
0.00010062
1.6271e-05
2.4619e-05
0
0
0
0
0
0
0
0
0
0
0
0
5.2048e-05
5.2048e-05
5.2048e-05
5.2048e-05
0
0
0
0
0
0
0
0
0
0
0
0
0
0
0
0
0
0
0
0
0
0
0
0
0
0
0
0
0
0
0
0
0
0
0
0
0
0
0
0
0
0
0.0041548
0.013591
0.021
0.045889
0.081685
0.125
0.18263
0.18403
0.1582
0.14329
0.11742
0.11494
0.12142
0.12726
0.14901
0.1511
0.15527
0.14759
0.14375
0.14517
0.14196
0.11549
0.084405
0.046087
0.027732
0.019548
0.012168
0.0060108
0.0047151
0.0036277
0.0023471
0.0016051
0.0007638
0.0002826
0
8.7868e-05
0.00027301
0.00037363
0.00037363
0.00025371
7.5783e-05
6.4123e-05
6.4123e-05
4.7852e-05
0
0
0
0
0
0
0
0
0
0
0
5.2048e-05
5.2048e-05
5.2048e-05
5.2048e-05
0
0
0
0
0
0
0
0
0
0
0
0
0
0
0
0
0
0
0
0
0
0
0
0
0
0
0
0
0
0
0
0
0
0
0
0
0
0
0
0
0
0
0.0062542
0.02769
0.050785
0.097439
0.13866
0.16383
0.18865
0.18505
0.17133
0.16801
0.14548
0.15635
0.15788
0.16378
0.18929
0.18532
0.19611
0.20166
0.20577
0.18584
0.17253
0.13512
0.10458
0.073294
0.045159
0.031964
0.021402
0.010233
0.0081701
0.0043189
0.0040799
0.0027724
0.0020549
0.0011203
6.4176e-05
2.9809e-05
9.7684e-05
0.00017673
0.00023624
9.5338e-05
5.2613e-05
6.4123e-05
6.4123e-05
6.4123e-05
1.151e-05
0
0
0
0
0
0
0
0
0
0
5.2048e-05
5.2048e-05
5.2048e-05
5.2048e-05
0
0
0
0
0
0
0
0
0
0
0
0
0
0
0
0
0
0
0
0
0
0
0
0
0
0
0
0
0
0
0
0
0
0
0
0
0
0
0
0
0
0.00061946
0.01161
0.027649
0.084448
0.15791
0.20261
0.23219
0.20368
0.21479
0.20908
0.2054
0.20141
0.21733
0.24393
0.24319
0.23086
0.23753
0.25405
0.27695
0.2678
0.25732
0.22956
0.18942
0.14677
0.11023
0.074108
0.03937
0.02701
0.017587
0.012501
0.0090942
0.0077794
0.0031624
0.002479
0.001395
0.00024572
8.0201e-05
1.9207e-05
0
0
2.9597e-05
2.9597e-05
9.372e-05
6.4123e-05
4.7852e-05
0
0
0
0
0
0
0
0
0
0
0
5.2048e-05
5.2048e-05
5.2048e-05
5.2048e-05
0
0
0
0
0
0
0
0
0
0
0
0
0
0
0
0
0
0
0
0
0
0
0
0
0
0
0
0
0
0
0
0
0
0
0
0
0
0
0
0
0
0.0029075
0.012721
0.043246
0.092759
0.18471
0.25431
0.27098
0.25003
0.23904
0.2514
0.22981
0.24016
0.25752
0.29088
0.31844
0.31537
0.30628
0.29683
0.28365
0.28362
0.26543
0.24801
0.21529
0.17579
0.12894
0.079086
0.059683
0.037255
0.025387
0.020808
0.016284
0.012095
0.004841
0.0028401
0.002244
0.00097581
0.00041413
0.00042403
0.00037271
0.00012074
9.1504e-05
9.1504e-05
2.9597e-05
2.9597e-05
0
0
0
0
0
0
0
0
0
0
0
0
5.2048e-05
5.2048e-05
5.2048e-05
5.2048e-05
0
0
0
0
0
0
0
0
0
0
0
0
0
0
0
0
0
0
0
0
0
0
0
0
0
0
0
0
0
0
0
0
0
0
0
0
0
0
0
0
0
0.0070328
0.037917
0.063892
0.14558
0.21567
0.24681
0.26788
0.24236
0.25595
0.27844
0.31207
0.29017
0.27836
0.31451
0.33729
0.34113
0.34567
0.32457
0.29549
0.30156
0.27469
0.2379
0.20261
0.15242
0.11999
0.086404
0.066043
0.057718
0.04561
0.032198
0.022114
0.016042
0.011879
0.0066086
0.0041932
0.002815
0.0015363
0.00081854
0.00097239
0.00084118
0.00035862
9.1504e-05
2.9597e-05
2.9597e-05
0
0
0
0
0
0
0
0
0
0
0
0
5.2048e-05
5.2048e-05
5.2048e-05
5.2048e-05
0
0
0
0
0
0
0
0
0
0
0
0
0
0
0
0
0
0
0
0
0
0
0
0
0
0
0
0
0
0
0
0
0
0
0
0
0
0
0
0
0
0.0090967
0.034785
0.076669
0.13724
0.2274
0.2743
0.27865
0.25258
0.28165
0.30422
0.29995
0.30862
0.31735
0.34236
0.37422
0.36835
0.35151
0.32568
0.30811
0.29942
0.2982
0.26129
0.21132
0.18151
0.1364
0.10176
0.07544
0.06329
0.047592
0.035572
0.0277
0.018306
0.011362
0.0069001
0.0058157
0.0054261
0.0029523
0.0025314
0.0024036
0.0015945
0.0011316
0.00016979
0
0
0
0
0
0
0
0
0
0
0
0
0
0
5.2048e-05
5.2048e-05
5.2048e-05
5.2048e-05
0
0
0
0
0
0
0
0
0
0
0
0
0
0
0
0
0
0
0
0
0
0
0
0
0
0
0
0
0
0
0
0
0
0
0
0
0
0
0
0
0
0.0049413
0.031776
0.081767
0.14457
0.22266
0.26107
0.26809
0.27706
0.2457
0.25248
0.29048
0.2919
0.31917
0.31874
0.33569
0.35232
0.33161
0.32591
0.33691
0.30265
0.30737
0.28433
0.25556
0.2332
0.18332
0.13584
0.096904
0.073823
0.054888
0.041764
0.029049
0.022812
0.014782
0.010114
0.0089833
0.0062504
0.0048099
0.0040574
0.0027196
0.0015315
0.0010289
7.4847e-05
0
2.0414e-05
3.0476e-05
3.0476e-05
1.0062e-05
0
0
0
0
0
0
0
0
0
5.2048e-05
5.2048e-05
5.2048e-05
5.2048e-05
0
0
0
0
0
0
0
0
0
0
0
0
0
0
0
0
0
0
0
0
0
0
0
0
0
0
0
0
0
0
0
0
0
0
0
0
0
0
0
0
0
0.010705
0.063906
0.12131
0.21217
0.29011
0.3003
0.29688
0.31088
0.32231
0.34596
0.36516
0.3849
0.39283
0.35497
0.32868
0.31324
0.33732
0.32692
0.32995
0.33767
0.31144
0.29994
0.29318
0.26888
0.23347
0.18267
0.12957
0.096282
0.074817
0.051186
0.035457
0.028313
0.021114
0.017133
0.014068
0.010194
0.0064347
0.003699
0.003027
0.0011701
0.00040253
3.9697e-05
2.0414e-05
8.1027e-05
0.00018484
0.00018484
0.00010382
0
0
0
1.2558e-05
1.2558e-05
1.2558e-05
0
0
0
0
5.2048e-05
5.2048e-05
5.2048e-05
0
0
0
0
0
0
0
0
0
0
0
0
0
0
0
0
0
0
0
0
0
0
0
0
0
0
0
0
0
0
0
0
0
0
0
0
0
0
0
0
0
0.0094732
0.061602
0.19635
0.32337
0.3782
0.41542
0.44435
0.42701
0.44698
0.43813
0.42178
0.37246
0.34593
0.3235
0.3349
0.35493
0.34919
0.34928
0.3547
0.3347
0.31968
0.2956
0.26993
0.23281
0.20209
0.17704
0.14534
0.1181
0.081766
0.06604
0.047433
0.033308
0.025903
0.021495
0.01866
0.012627
0.0082506
0.0052748
0.0039027
0.001235
0.00066618
0.00040666
0.00023123
0.00023621
0.00025767
0.00028923
0.00019599
0
0
0
1.2558e-05
1.2558e-05
1.2558e-05
0
0
0
0
5.2048e-05
5.2048e-05
5.2048e-05
0
0
0
0
0
0
0
0
0
0
0
0
0
0
0
0
0
0
0
0
0
0
0
0
0
0
0
0
0
0
0
0
0
0
0
0
0
0
0
0
0
0.0090601
0.060439
0.18712
0.30932
0.44597
0.49926
0.52082
0.56733
0.56791
0.50838
0.44342
0.40977
0.36602
0.35476
0.36727
0.37582
0.38572
0.40006
0.38764
0.35972
0.3475
0.3214
0.28125
0.23943
0.1961
0.16478
0.13642
0.11875
0.10499
0.079752
0.05688
0.04385
0.034817
0.033529
0.028295
0.017837
0.012227
0.0083454
0.0053816
0.0024444
0.0014412
0.00094286
0.0006806
0.00029709
0.00032529
0.00026881
0.00021744
0
0
0
1.2558e-05
1.2558e-05
1.2558e-05
1.2558e-05
0
0
0
5.2048e-05
5.2048e-05
0
0
0
0
0
0
0
0
0
0
0
0
0
0
0
0
0
0
0
0
0
0
0
0
0
0
0
0
0
0
0
0
0
0
0
0
0
0
0
0
0
0.00017204
0.0048667
0.028798
0.12122
0.23522
0.35755
0.47181
0.5663
0.62403
0.62302
0.56487
0.51872
0.51783
0.50582
0.4966
0.45858
0.43469
0.44571
0.4405
0.42515
0.39645
0.36956
0.3336
0.30399
0.26197
0.21395
0.17503
0.15515
0.12465
0.11859
0.093692
0.073797
0.06044
0.04955
0.041611
0.029084
0.026168
0.014686
0.010785
0.0079332
0.0041984
0.0032501
0.0017186
0.0011505
0.00045045
0.00026965
0.00025085
7.2906e-05
3.1557e-05
0
0
1.2558e-05
1.2558e-05
1.2558e-05
1.2558e-05
0
0
0
0
0
0
0
0
0
0
0
0
0
0
0
0
0
0
0
0
0
0
0
0
0
0
0
0
0
0
0
0
0
0
0
0
0
0
0
0
0
0
0
0
0
0
0
0.0044286
0.011384
0.053453
0.16423
0.29572
0.39015
0.51738
0.61449
0.68615
0.62699
0.57049
0.55445
0.53871
0.5156
0.50108
0.50958
0.51822
0.49217
0.45487
0.39606
0.37155
0.34282
0.31163
0.24916
0.21927
0.18521
0.15366
0.13429
0.1017
0.095924
0.088897
0.077999
0.059423
0.043855
0.028601
0.020985
0.015036
0.012944
0.0098186
0.0077325
0.0041261
0.002743
0.0014539
0.00054089
0.00036899
0.00011962
3.1557e-05
0
0
0
6.6576e-05
8.8554e-05
6.6576e-05
0
0
0
0
0
0
0
0
0
0
0
0
0
0
0
0
0
0
0
0
0
0
0
0
0
0
0
0
0
0
0
0
0
0
0
0
0
0
0
0
0
0
0
0
0
0
0
0
0.00031532
0.0061436
0.044666
0.11791
0.22617
0.3299
0.47513
0.58827
0.69496
0.69599
0.7238
0.72463
0.69956
0.67097
0.60494
0.57942
0.60321
0.55973
0.52586
0.45645
0.40981
0.36143
0.30783
0.26068
0.23184
0.18775
0.15299
0.13338
0.11476
0.09621
0.084306
0.079178
0.062733
0.050748
0.036659
0.026487
0.020591
0.014666
0.012386
0.0081215
0.0048778
0.0041857
0.002583
0.00081442
0.00041443
0.00017377
6.6605e-05
0
0
0
7.5996e-05
8.8554e-05
7.5996e-05
0
0
0
0
0
0
0
0
0
0
0
0
0
0
0
0
0
0
0
0
0
0
0
0
0
0
0
0
0
0
0
0
0
0
0
0
0
0
0
0
0
0
0
0
0
0
0
0
4.4318e-05
0.0064958
0.033708
0.094566
0.18905
0.30568
0.40814
0.5023
0.60048
0.6257
0.66659
0.73184
0.77106
0.73743
0.67783
0.61688
0.60424
0.58403
0.55814
0.54574
0.48289
0.41451
0.34034
0.28919
0.24241
0.21202
0.17922
0.15228
0.13031
0.10594
0.084112
0.062931
0.052572
0.044665
0.034185
0.028395
0.02085
0.013252
0.012769
0.0082993
0.0066375
0.0041046
0.0027237
0.0012962
0.00073003
0.00034826
8.4233e-05
1.8362e-05
1.8362e-05
4.034e-05
8.6082e-05
8.6082e-05
7.5996e-05
0
0
0
0
0
0
0
0
0
0
0
0
0
0
0
0
0
0
0
0
0
0
0
0
0
0
0
0
0
0
0
0
0
0
0
0
0
0
0
0
0
0
0
0
0
0
0
0
0
0.0069878
0.026946
0.11298
0.22565
0.34209
0.43744
0.50705
0.56259
0.56727
0.61071
0.66686
0.66177
0.64801
0.59664
0.57514
0.55538
0.53007
0.54569
0.5743
0.55147
0.48189
0.41993
0.3393
0.2913
0.24719
0.20322
0.16479
0.13602
0.11488
0.079583
0.063439
0.048146
0.040326
0.030135
0.019621
0.014564
0.013659
0.0098132
0.0099703
0.007433
0.0056522
0.0040677
0.0014176
0.00079237
0.00035012
1.7628e-05
1.8362e-05
3.6588e-05
6.8652e-05
8.6082e-05
8.6082e-05
7.5996e-05
0
0
0
0
0
0
0
0
0
0
0
0
0
0
0
0
0
0
0
0
0
0
0
0
0
0
0
0
0
0
0
0
0
0
0
0
0
0
0
0
0
0
0
0
0
0
0
0.000168
0.000168
0.0091534
0.040678
0.11596
0.23892
0.36925
0.44144
0.53675
0.57267
0.64002
0.6848
0.69198
0.68693
0.60555
0.5432
0.56535
0.53846
0.55023
0.55682
0.54842
0.55272
0.50949
0.42985
0.38213
0.33514
0.2687
0.22419
0.18254
0.1473
0.12342
0.090612
0.059224
0.05132
0.035603
0.026973
0.021446
0.01512
0.01525
0.012512
0.0099748
0.0078657
0.0061707
0.0036413
0.0011803
0.00094
0.0004228
0.00022019
0.00014162
0.0001444
9.1707e-05
0.00012267
8.6082e-05
8.6082e-05
0
0
0
0
0
0
0
0
0
0
0
0
0
0
0
0
0
0
0
0
0
0
0
0
0
0
0
0
0
0
0
0
0
0
0
0
0
0
0
0
0
0
0
0
0
0
0
0
0.000168
0.011988
0.046407
0.14029
0.26092
0.39699
0.47308
0.53521
0.60133
0.61281
0.63817
0.63002
0.62711
0.6393
0.60374
0.56218
0.58777
0.57594
0.56969
0.58532
0.57713
0.53256
0.49229
0.42419
0.35897
0.3129
0.25976
0.21517
0.17274
0.13553
0.10304
0.077516
0.052675
0.038258
0.027681
0.020716
0.019013
0.016668
0.014324
0.0122
0.0090571
0.006082
0.0033514
0.0015149
0.00097636
0.00039943
0.00024934
0.00029706
0.00026215
0.00023329
8.2557e-05
8.6082e-05
6.4104e-05
0
0
0
0
0
0
0
0
0
0
0
0
0
0
0
0
0
0
0
0
0
0
0
0
0
0
0
0
0
0
0
0
0
0
0
0
0
0
0
0
0
0
0
0
0
0
0
0
0.00012438
0.0035876
0.040057
0.14127
0.25356
0.42199
0.62133
0.7426
0.83311
0.7641
0.67324
0.63518
0.60015
0.57507
0.5791
0.55563
0.54834
0.54105
0.56643
0.61433
0.64266
0.61545
0.54081
0.43895
0.3852
0.34021
0.2802
0.23781
0.19503
0.14992
0.11717
0.093532
0.06822
0.040668
0.026581
0.019548
0.018979
0.018435
0.016331
0.014423
0.0097724
0.0051834
0.0028541
0.0011497
0.00067999
0.00037029
0.00027723
0.00038547
0.00032942
0.00027235
0.00013018
1.9298e-05
0
0
0
0
0
0
0
0
0
0
0
0
0
0
0
0
0
0
0
0
0
0
0
0
0
0
0
0
0
0
0
0
0
0
0
0
0
0
0
0
0
0
0
0
0
0
0
0
0
0
0.0037353
0.031786
0.09697
0.18838
0.36179
0.62539
0.89701
1
0.90719
0.80551
0.68397
0.61084
0.59575
0.60827
0.60681
0.59516
0.59121
0.61884
0.66998
0.70739
0.70144
0.62937
0.49488
0.41874
0.35737
0.28934
0.23209
0.17803
0.13883
0.11183
0.096818
0.074146
0.047895
0.034636
0.023974
0.01949
0.01598
0.01389
0.010638
0.0081491
0.0043099
0.0020644
0.00093747
0.00066463
0.00045981
0.00028398
0.00033658
0.0004652
0.00035476
0.00017322
9.2122e-06
0
0
0
0
0
0
0
0
0
0
0
0
0
0
0
0
0
0
0
0
0
0
0
0
0
0
0
0
0
0
0
0
0
0
0
0
0
0
0
0
0
0
0
0
0
0
0
0
0
0.0003697
0.0074433
0.036981
0.099682
0.2044
0.37855
0.62899
0.8059
0.88832
0.82825
0.7501
0.6845
0.65745
0.6431
0.6508
0.60714
0.59308
0.60815
0.5922
0.59977
0.61342
0.58265
0.54312
0.48512
0.40743
0.35388
0.27286
0.20971
0.16797
0.1253
0.10852
0.086558
0.068627
0.045173
0.036117
0.026908
0.018481
0.014131
0.011336
0.0070569
0.0058602
0.0034495
0.0016075
0.0010798
0.00057124
0.00024311
0.00022238
0.00041076
0.00055232
0.00055232
0.00024811
9.2122e-06
0
0
0
0
0
0
0
0
0
0
0
0
0
0
0
0
0
0
0
0
0
0
0
0
0
0
0
0
0
0
0
0
0
0
0
0
0
0
0
0
0
0
0
0
0
0
0
0
0
0.00088387
0.0052516
0.026641
0.071373
0.1739
0.32387
0.50218
0.6326
0.67102
0.62571
0.59552
0.54768
0.53452
0.54557
0.52862
0.53223
0.55094
0.53553
0.57188
0.56274
0.54035
0.49555
0.42776
0.40313
0.36045
0.31795
0.26952
0.20853
0.16483
0.1407
0.10369
0.079045
0.067902
0.046642
0.03604
0.029218
0.017764
0.01268
0.0089926
0.0047693
0.0037247
0.0017848
0.0014686
0.00081828
0.00063622
0.0002191
0.00021777
0.00050996
0.00058877
0.00048508
0.00039941
0
0
0
0
0
0
0
0
0
0
0
0
0
0
0
0
0
0
0
0
0
0
0
0
0
0
0
0
0
0
0
0
0
0
0
0
0
0
0
0
0
0
0
0
0
0
0
0
0
0
0.00047138
0.0012304
0.018533
0.059812
0.1583
0.30882
0.41851
0.53875
0.54599
0.49434
0.41233
0.36634
0.36663
0.39122
0.43048
0.48403
0.51767
0.53581
0.51927
0.49762
0.49635
0.4533
0.4057
0.35339
0.30755
0.27449
0.21601
0.18452
0.15652
0.12226
0.099249
0.085456
0.061108
0.046584
0.033395
0.023171
0.017556
0.0097836
0.006267
0.0042072
0.0025385
0.001971
0.0015664
0.0007575
0.00058338
0.00022671
9.1224e-05
0.00050262
0.0004862
0.0003902
0.0003902
0
0
0
0
0
0
0
0
0
0
0
0
0
0
0
0
0
0
0
0
0
0
0
0
0
0
0
0
0
0
0
0
0
0
0
0
0
0
0
0
0
0
0
0
0
0
0
0
0
0
0.00025363
0.00025363
0.020687
0.076355
0.1845
0.34369
0.42988
0.45475
0.39948
0.32449
0.27123
0.27397
0.30059
0.33199
0.3573
0.40594
0.43318
0.43541
0.42497
0.41188
0.39655
0.36802
0.35659
0.30013
0.26268
0.20706
0.18524
0.14974
0.12158
0.096135
0.086734
0.068741
0.053213
0.035835
0.026332
0.018674
0.014006
0.0069532
0.0054294
0.0029576
0.0022953
0.0016029
0.0010458
0.00067591
0.00040806
8.0443e-05
9.1224e-05
0.00030701
0.00043315
0.00041784
0.00013498
0
0
0
0
0
0
0
0
3.2484e-05
0
0
0
0
0
0
0
0
0
0
0
0
0
0
0
0
0
0
0
0
0
0
0
0
0
0
0
0
0
0
0
0
0
0
0
0
0
0
0
0
0.00011731
0.0016679
0.0017917
0.022249
0.10717
0.23642
0.36988
0.48845
0.52015
0.47902
0.40763
0.35702
0.35785
0.3637
0.37489
0.37558
0.35175
0.36533
0.36996
0.37209
0.34149
0.31549
0.27726
0.27133
0.24705
0.22621
0.19534
0.16751
0.12956
0.10624
0.086903
0.070727
0.049916
0.041646
0.029209
0.019383
0.01356
0.0079387
0.007012
0.0055316
0.0043145
0.0028396
0.0014012
0.00072463
0.0004169
0.00016087
6.5021e-05
9.1224e-05
7.4813e-05
0.00020979
0.00013498
0
0
0
0
0
0
0
0
0
3.2484e-05
3.2484e-05
0
0
0
0
0
0
0
0
0
0
0
0
0
0
0
0
0
0
0
0
0
0
0
0
0
0
0
0
0
0
0
0
0
0
0
0
0
0
0.0013306
0.0028549
0.0056052
0.0093029
0.038135
0.13759
0.25345
0.38
0.47686
0.52521
0.51052
0.48637
0.4423
0.40042
0.39458
0.37535
0.3622
0.38336
0.36357
0.37571
0.35381
0.3237
0.31472
0.2702
0.25196
0.22994
0.20301
0.17049
0.14406
0.10958
0.094873
0.06965
0.063993
0.046995
0.037751
0.025873
0.015984
0.010669
0.0065318
0.0061249
0.0050248
0.0035235
0.0028333
0.00081053
0.00056488
0.00012657
7.8888e-05
0
1.5305e-05
1.5305e-05
1.5305e-05
0
0
0
0
0
0
0
0
0
3.2484e-05
3.2484e-05
3.2484e-05
0
0
0
0
0
0
0
0
0
0
0
0
0
0
0
0
0
0
0
0
0
0
0
0
0
0
0
0
0
0
0
0
0
0
0
0
0
0
0.0017211
0.0037508
0.010152
0.010042
0.042146
0.11522
0.22586
0.34371
0.38727
0.4285
0.43533
0.40546
0.4048
0.39615
0.38734
0.37278
0.37592
0.39683
0.37452
0.35945
0.31284
0.294
0.27585
0.25725
0.2507
0.21169
0.19353
0.15549
0.13332
0.1039
0.088407
0.062315
0.048951
0.038839
0.031118
0.021695
0.016225
0.0085272
0.0047175
0.0039296
0.0036018
0.002654
0.0016847
0.0004256
0.00037718
6.3167e-05
2.809e-05
0
0
0
0
0
0
0
0
0
0
0
0
0
3.2484e-05
3.2484e-05
3.2484e-05
0
0
0
0
0
0
0
0
0
0
0
0
0
0
0
0
0
0
0
0
0
0
0
0
0
0
0
0
0
0
0
0
0
0
0
0
0
0.00040678
0.0021504
0.005293
0.011392
0.016586
0.044501
0.11327
0.2096
0.30928
0.38062
0.44628
0.44165
0.40727
0.34794
0.33125
0.36819
0.38424
0.3781
0.38745
0.37992
0.33883
0.29942
0.25358
0.22139
0.22576
0.20798
0.17024
0.14047
0.12059
0.10124
0.087891
0.072427
0.058759
0.041406
0.03082
0.028054
0.018832
0.013261
0.0077524
0.0042206
0.002422
0.0014293
0.00076597
0.000641
0.00023173
0.00011834
1.7584e-05
0
0
0
0
0
0
0
0
0
0
0
0
0
0
3.2484e-05
3.2484e-05
3.2484e-05
0
0
0
0
0
0
0
0
0
0
0
0
0
0
0
0
0
0
0
0
0
0
0
0
0
0
0
0
0
0
0
0
0
0
0
0
0
0.00021872
0.0029096
0.0053461
0.0091235
0.016773
0.040488
0.10775
0.18907
0.29142
0.3342
0.36576
0.35329
0.31323
0.27902
0.24583
0.26847
0.29635
0.29947
0.3271
0.32859
0.30509
0.28364
0.24419
0.23332
0.21262
0.1943
0.1522
0.13018
0.092216
0.073181
0.056696
0.04463
0.0367
0.033866
0.028177
0.021534
0.015625
0.0079453
0.0064303
0.0041766
0.0022265
0.0010859
0.00032564
0.00021181
0.00010328
0
0
0
0
0
0
0
0
0
0
0
0
0
0
0
0
3.2484e-05
3.2484e-05
3.2484e-05
0
0
0
0
0
0
0
0
0
0
0
0
0
0
0
0
0
0
0
0
0
0
0
0
0
0
0
0
0
0
0
0
0
0
0
0
0
0
0.0014367
0.0018369
0.0032683
0.020823
0.03963
0.096412
0.15813
0.22353
0.23745
0.26542
0.22531
0.22854
0.26352
0.24931
0.27699
0.27255
0.29527
0.31451
0.31528
0.29581
0.25684
0.23523
0.21468
0.20705
0.17126
0.14646
0.11427
0.076149
0.061481
0.042735
0.033167
0.023172
0.021569
0.017091
0.014418
0.01006
0.0052281
0.0039828
0.0026892
0.0013697
0.00070332
0.00027302
0.00010328
2.2712e-05
0
0
0
0
0
0
0
0
0
0
0
0
0
0
0
3.2484e-05
3.2484e-05
4.973e-05
3.2484e-05
0
0
0
0
0
0
0
0
0
0
0
0
0
0
0
0
0
0
0
0
0
0
0
0
0
0
0
0
0
0
0
0
0
0
0
0
0
0
0
0
0.0027433
0.017143
0.048275
0.096778
0.16239
0.21102
0.2115
0.21505
0.18728
0.21132
0.23204
0.25895
0.28288
0.26675
0.28049
0.30098
0.29561
0.29848
0.27215
0.22852
0.18698
0.17099
0.15524
0.12125
0.092668
0.074647
0.049327
0.03874
0.029548
0.02157
0.016354
0.011406
0.0056949
0.0030265
0.0015595
0.0013183
0.0011713
0.0007453
0.00039614
0.00017099
1.9506e-05
0
0
0
0
0
0
0
0
0
0
0
0
0
0
0
0
3.2484e-05
4.973e-05
4.973e-05
3.2484e-05
0
0
0
0
0
0
0
0
0
0
0
0
0
0
0
0
0
0
0
0
0
0
0
0
0
0
0
0
0
0
0
0
0
0
0
0
0
0
0
0
5.4703e-05
0.0052142
0.02613
0.082514
0.13005
0.19455
0.18705
0.17304
0.18116
0.18894
0.20075
0.20914
0.22559
0.24046
0.24243
0.26121
0.26568
0.25802
0.23643
0.20927
0.17417
0.15834
0.13124
0.1121
0.07733
0.059946
0.043866
0.033155
0.024238
0.016232
0.010842
0.0062194
0.0038251
0.00083399
6.8232e-05
0.00026336
0.00033003
0.00034075
0.00017099
0.00017099
1.9506e-05
0
0
0
0
0
0
0
0
0
0
0
0
0
0
0
0
3.2484e-05
4.973e-05
4.973e-05
3.2484e-05
0
0
0
0
0
0
0
0
0
0
0
0
0
0
0
0
0
0
0
0
0
0
0
0
0
0
0
0
0
0
0
0
0
0
0
0
0
0
0
0
0.00016573
0.0065979
0.032619
0.08086
0.11336
0.1416
0.13063
0.1815
0.16807
0.15097
0.15052
0.14971
0.15683
0.18721
0.2078
0.20401
0.20586
0.21201
0.20447
0.17466
0.14453
0.1167
0.10499
0.085325
0.063348
0.049451
0.033415
0.023259
0.017924
0.014498
0.011521
0.0063887
0.0037712
0.0016898
0.00036494
0.00020357
0
8.2958e-05
8.2958e-05
0
0
0
0
0
0
0
0
0
0
0
0
0
2.2625e-05
0
0
0
0
4.973e-05
4.973e-05
4.973e-05
3.2484e-05
0
0
0
0
0
0
0
0
0
0
0
0
0
0
0
0
0
0
0
0
0
0
0
0
0
0
0
0
0
0
0
0
0
0
0
0
0
0
0
0
0.00081409
0.0046065
0.035752
0.065378
0.083714
0.1034
0.09762
0.13225
0.13808
0.14024
0.12611
0.10377
0.11919
0.15521
0.17627
0.1912
0.17112
0.16775
0.14401
0.13074
0.099563
0.083371
0.070483
0.059396
0.04401
0.037894
0.02714
0.023664
0.016394
0.013097
0.011033
0.0081195
0.0047854
0.0019317
0.00047737
0.00034174
0
0
0
0
0
0
0
0
0
0
0
0
0
0
0
2.2625e-05
2.2625e-05
2.2625e-05
0
0
0
4.973e-05
6.0241e-05
4.973e-05
3.2484e-05
0
0
0
0
0
0
0
0
0
0
0
0
0
0
0
0
0
0
0
0
0
0
0
0
0
0
0
0
0
0
0
0
0
0
0
0
0
0
0
0
0.00025029
0.0080874
0.032469
0.054455
0.077609
0.085556
0.088058
0.089731
0.10319
0.095159
0.10866
0.1125
0.099384
0.11286
0.11049
0.14811
0.1491
0.12795
0.10554
0.087084
0.076939
0.064841
0.050752
0.038431
0.030213
0.031234
0.025065
0.018609
0.016895
0.010591
0.0070989
0.0057293
0.0031319
0.0017219
0.00085104
9.0171e-05
0
0
0
0
0
0
0
0
0
0
0
0
0
0
2.2625e-05
4.623e-05
4.623e-05
4.623e-05
0
0
0
4.973e-05
6.0241e-05
6.0241e-05
4.973e-05
0
0
0
0
0
0
0
0
0
0
0
0
0
0
0
0
0
0
0
0
0
0
0
0
0
0
0
0
0
0
0
0
0
0
0
0
0
0
0
0
6.1212e-05
0.01348
0.040499
0.056738
0.061248
0.079679
0.077171
0.074163
0.074778
0.067498
0.068367
0.091821
0.077582
0.076734
0.08368
0.096781
0.10468
0.10028
0.090461
0.064787
0.060441
0.048066
0.037353
0.032081
0.021945
0.019059
0.019726
0.014737
0.01527
0.0095933
0.0068898
0.0054767
0.0034599
0.0011177
0.00066801
0
0
0
0
0
0
0
0
0
0
0
0
0
0
0
0.00013847
0.00016207
0.00012278
4.623e-05
0
0
0
6.0241e-05
6.0241e-05
6.0241e-05
4.973e-05
0
0
0
0
0
0
0
0
0
0
0
0
0
0
0
0
0
0
0
0
0
0
0
0
0
0
0
0
0
0
0
0
0
0
0
0
0
0
0
0
0.0041594
0.009721
0.017996
0.03375
0.042795
0.044481
0.043986
0.055937
0.043663
0.062295
0.05841
0.074411
0.065101
0.062576
0.064995
0.071668
0.079188
0.064869
0.061287
0.0552
0.040956
0.033287
0.030305
0.023773
0.018732
0.014785
0.014137
0.010925
0.0087079
0.0063086
0.006454
0.0034414
0.0012394
0.00038057
0.00031136
0
0
0
0
0
0
0
0
0
0
0
0
0
2.8052e-05
0.00010382
0.00021499
0.00019855
0.00019855
0.00012278
0
0
0
6.0241e-05
6.0241e-05
6.0241e-05
4.973e-05
0
0
0
0
0
0
0
0
0
0
0
0
0
0
0
0
0
0
0
0
0
0
0
0
0
0
0
0
0
0
0
0
0
0
0
0
0
0
0
0
0
0.0029792
0.0089217
0.013664
0.020136
0.027006
0.031393
0.027661
0.020641
0.033119
0.048499
0.061738
0.066278
0.053644
0.059283
0.052312
0.049984
0.044535
0.042906
0.038662
0.032615
0.027492
0.023352
0.01863
0.010759
0.011898
0.010454
0.0093651
0.0049641
0.0034706
0.0027779
0.00067859
0.00052121
0.00012602
0
0
0
0
0
0
0
0
0
0
0
0
0
2.8052e-05
2.8052e-05
0.00012869
0.00022884
0.00022342
0.00019855
0.00012278
0
0
0
2.7757e-05
6.0241e-05
6.0241e-05
4.973e-05
0
0
0
0
0
0
0
0
0
0
0
0
0
0
0
0
0
0
0
0
0
0
0
0
0
0
0
0
0
0
0
0
0
0
0
0
0
0
0
0
0
0.0045983
0.0073016
0.013262
0.017231
0.021711
0.023408
0.024224
0.017939
0.015841
0.026106
0.025484
0.033058
0.036699
0.033557
0.03183
0.032465
0.031881
0.028489
0.023495
0.020357
0.016089
0.014532
0.013186
0.010108
0.0094804
0.0088007
0.008389
0.0050963
0.0027527
0.00073596
0.00019479
5.4568e-05
0
0
0
0
0
0
0
0
0
0
0
0
0
0
2.8052e-05
6.7474e-05
0.00016811
0.00024466
0.00020079
0.00022342
0.00010016
0
0
0
2.7757e-05
6.0241e-05
6.0241e-05
4.973e-05
0
0
0
0
0
0
0
0
0
0
0
0
0
0
0
0
0
0
0
0
0
0
0
0
0
0
0
0
0
0
0
0
0
0
0
0
0
0
0
0
0
0.0020843
0.0036388
0.010236
0.016565
0.016959
0.021134
0.01731
0.010468
0.011117
0.010036
0.012498
0.013888
0.015326
0.013087
0.01377
0.012287
0.014001
0.015942
0.015263
0.01449
0.009593
0.013534
0.013073
0.011458
0.010833
0.011342
0.01022
0.0059527
0.0026739
0.00076591
0.00040794
0.00025506
0
0
0
0
0
0
0
0
0
0
0
0
0
0
3.9422e-05
6.7474e-05
9.2344e-05
0.00024466
0.00020079
0.00020079
6.0077e-05
0
0
0
2.7757e-05
6.0241e-05
6.0241e-05
4.973e-05
0
0
0
0
0
0
0
0
0
0
0
0
0
0
0
0
0
0
0
0
0
0
0
0
0
0
0
0
0
0
0
0
0
0
0
0
0
0
0
0
0
0.003198
0.0049468
0.0067302
0.01408
0.019078
0.018133
0.011228
0.0088435
0.0027384
0.0013045
0.001374
0.0029214
0.010372
0.013892
0.011738
0.015099
0.012341
0.01161
0.007967
0.0060824
0.0067343
0.010037
0.010693
0.0099115
0.0090776
0.0076643
0.0059902
0.0042025
0.0018661
0.00064752
0.00026059
0.0001291
4.4695e-05
4.4695e-05
4.4695e-05
0
0
0
0
0
0
0
0
0
0
0
3.9422e-05
3.9422e-05
9.2344e-05
0.00014006
0.00017719
3.6472e-05
3.6472e-05
0
0
1.0511e-05
6.0801e-05
0.00014697
6.0241e-05
4.973e-05
0
0
0
0
0
0
0
0
0
0
0
0
0
0
0
0
0
0
0
0
0
0
0
0
0
0
0
0
0
0
0
0
0
0
0
0
0
0
0
0
0
0.0020128
0.0050389
0.0064437
0.0078987
0.0083802
0.0089209
0.008636
0.0026218
0.00088635
0
0
0.0029152
0.0040074
0.0093755
0.015863
0.016014
0.012455
0.0097612
0.0063133
0.0045083
0.0058794
0.0060621
0.0067891
0.007067
0.0053921
0.0044605
0.0039471
0.0017955
0.00033553
0.00021139
0
4.4695e-05
4.4695e-05
4.4695e-05
4.4695e-05
0
0
0
0
0
0
0
0
0
0
0
3.9422e-05
3.9422e-05
3.9422e-05
6.4292e-05
2.487e-05
3.6472e-05
0
0
0
1.0511e-05
0.00011448
0.00011448
9.4174e-05
6.6417e-05
0
0
0
0
0
0
0
0
0
0
0
0
0
0
0
0
0
0
0
0
0
0
0
0
0
0
0
0
0
0
0
0
0
0
0
0
0
0
0
0
0
0.0015803
0.0030507
0.0040573
0.0038473
0.002308
0.0010476
0.0010476
0
0
0
0
0.00018417
0.0018273
0.0025907
0.0070488
0.0074532
0.0067505
0.0043802
0.0030581
0.0015356
0.0014309
0.0028974
0.0037346
0.0024258
0.0033912
0.0033145
0.0010497
0.00094219
4.2392e-05
0
0
0
0
4.4695e-05
0
0
0
0
0
0
0
0
0
0
0
0
0
0
3.9422e-05
0
0
0
0
2.0732e-05
0
4.3555e-05
0.00011448
0.00017717
9.4174e-05
3.3933e-05
0
0
0
0
0
0
0
0
0
0
0
0
0
0
0
0
0
0
0
0
0
0
0
0
0
0
0
0
0
0
0
0
0
0
0
0
0
0
0
0
0
0
0
0.0028406
0.0012603
0
0
0
0
0
0
0
0
0
0
0.00066724
0.00073015
0.00073015
0.00019951
6.2911e-05
0
0
0
0
0
0
0
0
0
0
0
0
0
0
0
0
0
0
0
0
0
0
0
0
0
0
0
0
0
0
0
0
0
2.0732e-05
2.0732e-05
0
8.6724e-05
0.00017781
0.00021175
0.00014841
3.3933e-05
0
0
0
0
0
0
0
0
0
0
0
0
0
0
0
0
0
0
0
0
0
0
0
0
0
0
0
0
0
0
0
0
0
0
0
0
0
0
0
0
0
0
0
0
0
0
0
0
0
0
0
0
0
0
0
0
0
0
0
0
0
0
0
0
0
0
0
0
0
0
0
0
0
0
0
0
0
0
0
0
0
0
0
0
0
0
0
0
0
0
0
0
2.0732e-05
2.0732e-05
2.0732e-05
2.0732e-05
8.6724e-05
0.00016057
0.00021175
0.00017717
3.3933e-05
0
0
0
0
0
0
0
0
0
0
0
0
0
0
0
0
0
0
0
0
0
0
0
0
0
0
0
0
0
0
0
0
0
0
0
0
0
0
0
0
0
0
0
0
0
0
0
0
0
0
0
0
0
0
0
0
0
0
0
0
0
0
0
0
0
0
0
0
0
0
0
0
0
0
0
0
0
0
0
0
0
0
0
0
0
0
0
0
0
0
0
0
4.2836e-05
4.2836e-05
2.0732e-05
2.0732e-05
0.0001213
0.00017159
0.00022277
0.00021175
3.3933e-05
0
0
0
0
0
0
0
0
0
0
0
0
0
0
0
0
0
0
0
0
0
0
0
0
0
0
0
0
0
0
0
0
0
0
0
0
0
0
0
0
0
0
0
0
0
0
0
0
0
0
0
0
0
0
0
0
0
0
0
0
0
0
0
0
0
0
0
0
0
0
0
0
0
0
0
0
0
0
0
0
0
0
0
0
0
0
0
0
0
0
0
2.2103e-05
4.2836e-05
7.3427e-05
7.3427e-05
5.1324e-05
0.00016108
0.00017159
0.00020553
0.0001945
3.3933e-05
0
0
0
0
0
0
0
0
0
0
0
0
0
0
0
0
0
0
0
0
0
0
0
0
0
0
0
0
0
0
0
0
0
0
0
0
0
0
0
0
0
0
0
0
0
0
0
0
0
0
0
0
0
0
0
0
0
0
0
0
0
0
0
0
0
0
0
0
0
0
0
0
0
0
0
0
0
0
0
0
0
0
0
0
0
0
0
0
0
0
0
2.2103e-05
4.2836e-05
9.3585e-05
7.3427e-05
5.1324e-05
0.00016108
0.00020553
0.00020553
0.0001945
3.3933e-05
0
0
0
0
0
0
0
0
0
0
0
0
0
0
0
0
0
0
0
0
0
0
0
0
0
0
0
0
0
0
0
0
0
0
0
0
0
0
0
0
0
0
0
0
0
0
0
0
0
0
0
0
0
0
0
0
0
0
0
0
0
0
0
0
0
0
0
0
0
0
0
0
0
0
0
0
0
0
0
0
0
0
0
0
0
0
0
0
0
0
0
8.5107e-05
0.00021056
0.00015885
0.00015885
5.1324e-05
0.00016108
0.00019502
0.00020553
0.0001945
3.3933e-05
0
0
0
0
0
0
0
0
0
0
0
0
0
0
0
0
0
0
0
0
0
0
0
0
0
0
0
0
0
0
0
0
0
0
0
0
0
0
0
0
0
0
0
0
0
0
0
0
0
0
0
0
0
0
0
0
0
0
0
0
0
0
0
0
0
0
0
0
0
0
0
0
0
0
0
0
0
0
0
0
0
0
0
1.5629e-05
1.5629e-05
1.5629e-05
0
0
0
0
6.3003e-05
0.00028817
0.00033892
0.00029665
0.00015885
4.1619e-05
0.00016108
0.00030532
0.00020553
0.00018399
3.3933e-05
0
0
0
0
0
0
0
0
0
0
0
0
0
0
0
0
0
0
0
0
0
0
0
0
0
0
0
0
0
0
0
0
0
0
0
0
0
0
0
0
0
0
0
0
0
0
0
0
0
0
0
0
0
0
0
0
0
0
0
0
0
0
0
0
0
0
0
0
0
0
0
0
0
0
0
0
0
0
0
0
0
0
3.6559e-05
5.2188e-05
5.2188e-05
1.5629e-05
0
0
0
1.1293e-05
6.3003e-05
0.00030833
0.00033892
0.00032763
0.00011602
4.1619e-05
0.00027139
0.00030532
0.00030532
0.00015094
3.3933e-05
0
0
0
0
0
0
0
0
0
0
0
0
0
0
0
0
0
0
0
0
0
0
0
0
0
0
0
0
0
0
0
0
0
0
0
0
0
0
0
0
0
0
0
0
0
0
0
0
0
0
0
0
0
0
0
0
0
0
0
0
0
0
0
0
0
0
0
0
0
0
0
0
0
0
0
0
0
0
0
0
0
3.6559e-05
3.6559e-05
5.2188e-05
5.2188e-05
1.5629e-05
0
0
0
1.1293e-05
0.00011312
0.00028623
0.00030833
0.00032763
0.00011602
4.1619e-05
0.00023834
0.00030532
0.00030532
0.00015094
3.3933e-05
0
0
0
0
0
0
0
0
0
0
0
0
0
0
0
0
0
0
0
0
0
0
0
0
0
0
0
0
0
0
0
0
0
0
0
0
0
0
0
0
0
0
0
0
0
0
0
0
0
0
0
0
0
0
0
0
0
0
0
0
0
0
0
0
0
0
0
0
0
0
0
0
0
0
0
0
0
0
0
0
0
0
3.6559e-05
5.2188e-05
5.2188e-05
1.5629e-05
0
0
0
0
0.00011312
0.00026607
0.00028623
0.00025381
0.00011602
4.1619e-05
0.00018466
0.00030532
0.00030532
9.7264e-05
3.3933e-05
0
0
0
0
0
0
0
0
0
0
0
0
0
0
0
0
0
0
0
0
0
0
0
0
0
0
0
0
0
0
0
0
0
0
0
0
0
0
0
0
0
0
0
0
0
0
0
0
0
0
0
0
0
0
0
0
0
0
0
0
0
0
0
0
0
0
0
0
0
0
0
0
0
0
0
0
0
0
0
0
0
0
0
0
0
0
0
0
0
0
1.1293e-05
0.0002008
0.00028623
0.00022322
0.00011602
0
0.00018466
0.00027228
0.00027228
9.7264e-05
3.3933e-05
0
0
0
0
0
0
0
0
0
0
0
0
0
0
0
0
0
0
0
0
0
0
0
0
0
0
0
0
0
0
0
0
0
0
0
0
0
0
0
0
0
0
0
0
0
0
0
0
0
0
0
0
0
0
0
0
0
0
0
0
0
0
0
0
0
0
0
0
0
0
0
0
0
0
0
0
0
0
0
0
0
0
0
0
0
0
0
0
0
0
0
0.0001378
0.0001378
0.00022322
0
0.0001103
0.00012133
0.00022944
0.0002186
6.2684e-05
3.3933e-05
0
0
0
0
0
0
0
0
0
0
0
0
0
0
0
0
0
0
0
0
0
0
0
0
0
0
0
0
0
0
0
0
0
0
0
0
0
0
0
0
0
0
0
0
0
0
0
0
0
0
0
0
0
0
0
0
0
0
0
0
0
0
0
0
0
0
0
0
0
0
0
0
0
0
0
0
0
0
0
0
0
0
0
0
0
0
0
0
0
0
0
0
0
0
0
0.0001103
0.00016184
0.00022517
0.00022944
6.2684e-05
3.3933e-05
0
0
0
0
0
0
0
0
0
0
0
0
0
0
0
0
0
0
0
0
0
0
0
0
0
0
0
0
0
0
0
0
0
0
0
0
0
0
0
0
0
0
0
0
0
0
0
0
0
0
0
0
0
0
0
0
0
0
0
0
0
0
0
0
0
0
0
0
0
0
0
0
0
0
0
0
0
0
0
0
0
0
0
0
0
0
0
0
0
0
0
0
0
0
0
0.00013997
0.00016184
0.00016184
0.00019486
3.3933e-05
3.3933e-05
0
0
0
0
0
0
0
0
0
0
0
0
0
0
0
0
0
0
0
0
0
0
0
0
0
0
0
0
0
0
0
0
0
0
0
0
0
0
0
0
0
0
0
0
0
0
0
0
0
0
0
0
0
0
0
0
0
0
0
0
0
0
0
0
0
0
0
0
0
0
0
0
0
0
0
0
0
0
0
0
0
0
0
0
0
0
0
0
0
0
0
0
0
0
0
5.0421e-05
0.00016073
0.00016184
0.00018383
3.3933e-05
3.3933e-05
0
0
0
0
0
0
0
0
0
0
0
0
0
0
0
0
0
0
0
0
0
0
0
0
0
0
0
0
0
0
0
0
0
0
0
0
0
0
0
0
0
0
0
0
0
0
0
0
0
0
0
0
0
0
0
0
0
0
0
0
0
0
0
0
0
0
0
0
0
0
0
0
0
0
0
0
0
0
0
0
0
0
0
0
0
0
0
0
1.5788e-05
0
0
0
0
0
0
5.0421e-05
0.00016073
0.00015081
0.00018475
3.3933e-05
3.3933e-05
0
0
0
0
0
0
0
0
0
0
0
0
0
0
0
0
0
0
0
0
0
0
0
0
0
0
0
0
0
0
0
0
0
0
0
0
0
0
0
0
0
0
0
0
0
0
0
0
0
0
0
0
0
0
0
0
0
0
0
0
0
0
0
0
0
0
0
0
0
0
0
0
0
0
0
0
0
0
0
0
0
0
0
0
3.4246e-05
7.8299e-05
0.00016787
0.00016999
8.9549e-05
4.637e-05
0
0
0
0
9.9123e-06
5.0421e-05
0.00016073
0.00022499
0.00020436
3.3933e-05
3.3933e-05
0
0
0
0
0
0
0
0
0
0
0
0
0
0
0
0
0
0
0
0
0
0
0
0
0
0
0
0
0
0
0
0
0
0
0
0
0
0
0
0
0
0
0
0
0
0
0
0
0
0
0
0
0
0
0
0
0
0
0
0
0
0
0
0
0
0
0
0
0
0
0
0
0
0
7.7029e-05
7.7029e-05
7.7029e-05
0
0
0
0
0
0
6.6166e-05
0.0002307
0.00040563
0.00043418
0.00024644
0.00028258
0.00010766
3.0582e-05
0
0
0
9.9123e-06
5.0421e-05
0.0002425
0.0002425
0.00021508
3.3933e-05
0
0
0
0
0
0
0
0
0
0
0
0
0
0
0
0
0
0
0
0
0
0
0
0
0
0
0
0
0
0
0
0
0
0
0
0
0
0
0
0
0
0
0
0
0
0
0
0
0
0
0
0
0
0
0
0
0
0
0
0
0
0
0
0
0
0
0
0
0
0
0
0
0
0
7.7029e-05
7.7029e-05
7.7029e-05
7.7029e-05
0
0
0
0
0
0
0.00014325
0.0002307
0.00044933
0.00046922
0.00037596
0.00032903
0.00014134
7.4721e-05
0
0
0
9.9123e-06
6.7933e-05
0.0001322
0.0002425
0.00021508
0
0
0
0
0
0
0
0
0
0
0
0
0
0
0
0
0
0
0
0
0
0
0
0
0
0
0
0
0
0
0
0
0
0
0
0
0
0
0
0
0
0
0
0
0
0
0
0
0
0
0
0
0
0
0
0
0
0
0
0
0
0
0
0
0
0
0
0
0
0
0
0
0
0
0
0
7.7029e-05
7.7029e-05
7.7029e-05
0
0
0
0
3.1972e-05
6.9738e-05
0.00018867
0.00031393
0.00045367
0.00057826
0.00034271
0.00031225
0.00014134
7.4721e-05
0
0
0
9.9123e-06
6.7933e-05
0.0001322
0.0001322
0.00010477
0
0
0
0
0
0
0
0
0
0
0
0
0
0
0
0
0
0
0
0
0
0
0
0
0
0
0
0
0
0
0
0
0
0
0
0
0
0
0
0
0
0
0
0
0
0
0
0
0
0
0
0
0
0
0
0
0
0
0
0
0
0
0
0
0
0
0
0
0
0
0
0
0
0
0
0
0
0
0
0
0
0
6.9738e-05
6.9738e-05
0.00011958
0.00017708
0.00023883
0.00029996
0.00024998
0.00019214
0.00012555
0.00012555
7.4721e-05
0
0
0
2.7424e-05
0.00012135
0.0001322
0.0001322
7.5107e-05
0
0
0
0
0
0
0
0
0
0
0
0
0
0
0
0
0
0
0
0
0
0
0
0
0
0
0
0
0
0
0
0
0
0
0
0
0
0
0
0
0
0
0
0
0
0
0
0
0
0
0
0
0
0
0
0
0
0
0
0
0
0
0
0
0
0
0
0
0
0
0
0
0
0
0
0
0
0
0
0
0
0
6.9738e-05
6.9738e-05
0.00011958
0.00018557
0.00019831
0.00014846
0.00014846
3.3682e-05
9.4971e-05
4.4139e-05
0
0
0
0
2.7424e-05
0.00012135
0.0001322
0.0001322
7.5107e-05
0
0
0
0
0
0
0
0
0
0
0
0
0
0
0
0
0
0
0
0
0
0
0
0
0
0
0
0
0
0
0
0
0
0
0
0
0
0
0
0
0
0
0
0
0
0
0
0
0
0
0
0
0
0
0
0
0
0
0
0
0
0
0
0
0
0
0
0
0
0
0
0
0
0
0
0
0
0
0
0
0
0
0
3.7766e-05
8.7612e-05
8.9273e-05
8.9273e-05
9.0968e-05
3.9427e-05
0
0
0
0
0
1.2167e-05
0
1.7512e-05
9.1687e-05
0.00012135
0.00012228
6.4263e-05
0
0
0
0
0
0
0
0
0
0
0
0
0
0
0
0
0
0
0
0
0
0
0
0
0
0
0
0
0
0
0
0
0
0
0
0
0
0
0
0
0
0
0
0
0
0
0
0
0
0
0
0
0
0
0
0
0
0
0
0
0
0
0
0
0
0
0
0
0
0
0
0
0
0
0
0
0
0
0
0
0
0
0
0
0
3.9427e-05
3.9427e-05
3.9427e-05
0
0
0
0
0
1.2167e-05
1.2167e-05
1.2167e-05
1.7512e-05
9.1687e-05
9.1687e-05
8.1775e-05
6.4263e-05
0
0
0
0
0
0
0
0
0
0
0
0
0
0
0
0
0
0
0
0
0
0
0
0
0
0
0
0
0
0
0
0
0
0
0
0
0
0
0
0
0
0
0
0
0
0
0
0
0
0
0
0
0
0
0
0
0
0
0
0
0
0
0
0
0
0
0
0
0
0
0
0
0
0
0
0
0
0
0
0
0
0
0
0
0
0
0
0
0
0
0
0
1.2167e-05
3.7322e-05
1.2167e-05
1.2167e-05
8.5218e-06
2.9896e-05
9.416e-05
8.1775e-05
6.4263e-05
0
0
0
0
0
0
0
0
0
0
0
0
0
0
0
0
0
0
0
0
0
0
0
0
0
0
0
0
0
0
0
0
0
0
0
0
0
0
0
0
0
0
0
0
0
0
0
0
0
0
0
0
0
0
0
0
0
0
0
0
0
0
0
0
0
0
0
0
0
0
0
0
0
0
0
0
0
0
0
0
0
0
0
0
0
0
0
0
0
0
0
0
3.7322e-05
0.00013701
0.0001859
0.00016927
7.1704e-05
7.7164e-05
9.416e-05
8.1775e-05
6.4263e-05
0
0
0
0
