0
0
0
0
0
0
0
0
0
0
0
0
0
0
0
0
0
0
0
0
0
0
0
0
0
0
0
0
0
0
0
0
0
0
0
0
0
0
0
0
0
0
0
0
0
0
0
0
0
0
0
0
0
0
0
0
0
0
0
0
0
0
0
0
0
0
0
0
0
0
0
0
0
0
0
5.1879e-06
6.2376e-06
8.3515e-06
8.3515e-06
8.8237e-06
5.6601e-06
7.969e-06
7.969e-06
2.3089e-06
0
0
0
0
0
0
2.2374e-06
3.2546e-06
4.0297e-06
4.0297e-06
3.8026e-06
2.7855e-06
8.2901e-07
0
0
0
2.3867e-06
0
0
0
0
0
0
0
0
0
0
0
0
0
0
0
0
0
0
0
0
0
0
0
0
0
0
0
0
0
0
0
0
0
0
0
0
0
0
0
0
0
0
0
0
0
0
0
0
0
0
0
0
0
0
0
0
0
0
0
0
0
0
0
0
0
0
0
0
0
0
0
0
0
0
0
0
1.0497e-06
1.0497e-06
1.0497e-06
6.7098e-06
5.6601e-06
5.6601e-06
5.6601e-06
0
0
0
0
0
0
0
1.056e-06
2.0731e-06
2.0731e-06
4.0297e-06
3.8026e-06
8.2901e-07
0
0
0
0
2.3867e-06
0
0
0
0
0
0
0
0
0
0
0
0
0
0
0
0
0
0
0
0
0
0
0
0
0
0
0
0
0
0
0
0
0
0
0
0
0
0
0
0
0
0
0
0
0
0
0
0
0
0
0
0
0
0
0
0
0
0
0
0
0
0
0
0
0
0
0
0
0
0
0
0
0
0
0
0
0
0
0
0
5.6601e-06
5.6601e-06
5.6601e-06
0
0
0
0
0
0
0
0
1.056e-06
2.0731e-06
2.9736e-06
1.9565e-06
0
0
0
0
0
2.3867e-06
0
0
0
0
0
0
0
0
0
0
0
0
0
0
0
0
0
0
0
0
0
0
0
0
0
0
0
0
0
0
0
0
0
0
0
0
0
0
0
0
0
0
0
0
0
0
0
0
0
0
0
0
0
0
0
0
0
0
0
0
0
0
0
0
0
0
0
0
0
0
0
0
0
0
0
0
0
0
0
0
0
0
0
0
0
0
0
0
0
0
0
0
0
0
0
0
0
0
0
0
2.3867e-06
0
0
0
0
0
0
0
0
0
0
0
0
0
0
0
0
0
0
0
0
0
0
0
0
0
0
0
0
0
0
0
0
0
0
0
0
0
0
0
0
0
0
0
0
0
0
0
0
0
0
0
0
0
0
0
0
0
0
0
0
0
0
0
0
0
0
0
0
0
0
0
0
0
0
0
0
0
0
0
0
0
0
0
0
0
0
0
0
0
0
1.7433e-06
1.7433e-06
0
0
0
0
0
0
0
0
2.3867e-06
0
0
0
0
0
0
0
0
0
0
0
0
0
0
0
0
0
0
0
0
0
0
0
0
0
0
0
0
0
0
0
0
0
0
0
0
0
0
0
0
0
0
0
0
0
0
0
0
0
0
0
0
0
0
0
0
0
0
0
0
0
0
3.4878e-06
6.6935e-06
6.6935e-06
6.6935e-06
0
0
0
0
0
0
0
0
0
0
0
0
0
0
0
0
0
0
0
0
0
0
0
1.7433e-06
1.7433e-06
1.7433e-06
0
0
0
0
0
0
0
0
2.3867e-06
0
0
0
0
0
0
0
0
0
0
0
0
0
0
0
0
0
0
0
0
0
0
0
0
0
0
0
0
0
0
0
0
0
0
0
0
0
0
0
0
0
0
0
0
0
0
0
0
0
0
0
0
0
0
0
0
0
0
0
0
0
0
0
6.6935e-06
6.6935e-06
6.6935e-06
0
0
0
0
0
0
0
0
0
0
0
0
0
1.7207e-06
1.7207e-06
1.7207e-06
1.7207e-06
0
0
0
0
0
0
1.7433e-06
2.8858e-06
2.8858e-06
1.7433e-06
0
0
0
0
0
0
0
2.3867e-06
0
0
0
0
0
0
0
0
0
0
0
0
0
0
0
0
0
0
0
0
0
0
0
0
0
0
0
0
0
0
0
0
0
0
0
0
0
0
0
0
0
0
0
0
0
0
0
0
0
0
0
0
0
0
0
0
0
0
0
0
0
0
0
0
0
0
0
0
0
0
0
0
0
0
0
0
0
0
1.8731e-06
3.5938e-06
1.7207e-06
1.7207e-06
1.7207e-06
0
0
0
0
0
0
2.8858e-06
2.8858e-06
2.8858e-06
1.7433e-06
0
0
0
0
0
0
0
2.3867e-06
0
0
0
0
0
0
0
0
0
0
0
0
0
0
0
0
0
0
0
0
0
0
0
0
0
0
0
0
0
0
0
0
0
0
0
0
0
0
0
0
0
0
0
0
0
0
0
0
0
0
0
0
0
0
0
0
0
0
0
0
0
0
0
0
0
0
0
0
0
0
8.4468e-06
2.2073e-05
2.2073e-05
4.7345e-06
0
0
0
1.8731e-06
1.8731e-06
3.5938e-06
3.5938e-06
1.7207e-06
0
0
0
0
0
0
0
2.8858e-06
2.8858e-06
2.8858e-06
2.8858e-06
0
0
0
0
0
0
0
2.3867e-06
0
0
0
0
0
0
0
0
0
0
0
0
0
0
0
0
0
0
0
0
0
0
0
0
0
0
0
0
0
0
0
0
0
0
0
0
0
0
0
0
0
0
0
0
0
0
0
0
0
0
0
0
0
0
0
0
0
0
0
0
0
0
0
0
0
0
0
0
0
6.6032e-06
2.4964e-05
2.4964e-05
2.4964e-05
1.8361e-05
0
0
0
1.8731e-06
1.8731e-06
1.8731e-06
1.8731e-06
0
0
0
0
0
0
0
0
2.8858e-06
2.8858e-06
2.8858e-06
1.1425e-06
0
0
0
0
0
0
0
2.3867e-06
0
0
0
0
0
0
0
0
0
0
0
0
0
0
0
0
0
0
0
0
0
0
0
0
0
0
0
0
0
0
0
0
0
0
0
0
0
0
0
0
0
0
0
0
0
0
0
0
0
0
0
0
0
0
0
0
0
0
0
0
0
0
0
0
0
0
0
0
0
0
2.8909e-06
2.023e-05
1.6517e-05
1.3627e-05
1.7985e-06
1.7985e-06
1.7985e-06
0
0
1.8731e-06
0
0
0
0
0
0
0
0
0
1.1425e-06
1.1425e-06
1.1425e-06
1.1425e-06
2.9849e-06
0
0
0
0
0
0
2.3867e-06
0
0
0
0
0
0
0
0
0
0
0
0
0
0
0
0
0
0
0
0
0
0
0
0
0
0
0
0
0
0
0
0
0
0
0
0
0
0
0
0
0
0
0
0
0
0
0
0
0
0
0
0
0
0
0
0
0
0
0
0
0
0
0
0
0
0
0
0
0
0
0
0
0
0
1.7985e-06
1.7985e-06
1.7985e-06
1.8744e-06
1.8744e-06
1.8744e-06
1.8744e-06
0
0
0
1.6279e-06
1.6279e-06
1.6279e-06
0
0
1.1425e-06
8.2938e-06
2.6639e-06
4.5062e-06
2.9849e-06
0
0
0
0
0
0
2.3867e-06
0
0
0
0
0
0
0
0
0
0
0
0
0
0
0
0
0
0
0
0
0
0
0
0
0
0
0
0
0
0
0
0
0
0
0
0
0
0
0
0
0
0
0
0
0
0
0
0
0
0
0
0
0
0
0
0
0
0
0
0
0
0
0
0
0
0
0
0
0
0
0
0
0
0
0
1.7985e-06
0
1.8744e-06
1.8744e-06
1.8744e-06
1.8744e-06
0
0
0
1.6279e-06
1.6279e-06
1.6279e-06
1.6279e-06
0
7.1513e-06
1.4676e-05
1.28e-05
4.5062e-06
4.5062e-06
2.9849e-06
0
0
0
0
0
2.3867e-06
0
0
0
0
0
0
0
0
0
0
0
0
0
0
0
0
0
0
0
0
0
0
0
0
0
0
0
0
0
0
0
0
0
0
0
0
0
0
0
0
0
0
0
0
0
0
0
0
0
0
0
0
0
0
0
0
0
0
0
0
0
0
0
0
0
0
0
0
0
0
0
0
0
0
0
0
0
0
3.9933e-06
3.9933e-06
0
0
0
0
1.6279e-06
1.6279e-06
1.6279e-06
1.6279e-06
8.2148e-07
1.2012e-05
1.3533e-05
1.6518e-05
4.5062e-06
4.5062e-06
2.9849e-06
0
0
0
0
0
2.3867e-06
0
0
0
0
0
0
0
0
0
0
0
0
0
0
0
0
0
0
0
0
0
0
0
0
0
0
0
0
0
0
0
0
0
0
0
0
0
0
0
0
0
0
0
0
0
0
0
0
0
0
0
0
0
0
0
0
0
0
0
0
0
0
0
0
0
0
0
0
0
0
0
0
0
0
0
0
0
2.1189e-06
4.6047e-06
6.4816e-06
5.5974e-06
3.4784e-06
0
0
1.6279e-06
1.6279e-06
1.6279e-06
0
7.1513e-06
1.8132e-05
1.4718e-05
1.7703e-05
4.5062e-06
9.5919e-06
2.9849e-06
0
0
0
0
0
2.3867e-06
0
0
0
0
0
0
0
0
0
0
0
0
0
0
0
0
0
0
0
0
0
0
0
0
0
0
0
0
0
0
0
0
0
0
0
0
0
0
0
0
0
0
0
0
0
0
0
0
0
0
0
0
0
0
0
0
0
0
0
0
0
0
0
0
0
0
0
0
0
0
0
0
0
0
0
0
2.5366e-06
3.5052e-05
3.9355e-05
5.7476e-05
5.5719e-05
1.9551e-05
2.0493e-06
2.3146e-06
2.3146e-06
6.5405e-07
0
4.4523e-06
1.3215e-05
2.5591e-05
1.9653e-05
2.2454e-05
1.9203e-05
9.5919e-06
2.9849e-06
0
0
0
0
0
2.3867e-06
0
0
0
0
0
0
0
0
0
0
0
0
0
0
0
0
0
0
0
0
0
0
0
0
0
0
0
0
0
0
0
0
0
0
0
0
0
0
0
0
0
0
0
0
0
0
0
0
0
0
0
0
0
0
0
0
0
1.2977e-05
2.9106e-05
2.9106e-05
2.9106e-05
5.3553e-06
0
0
0
0
0
0
0
0
0
0
0
0
0
0
2.5366e-06
3.7987e-05
5.3567e-05
6.0436e-05
5.5781e-05
2.033e-05
1.363e-05
1.4105e-05
1.1461e-05
2.2788e-06
0
1.1538e-05
1.4545e-05
2.7742e-05
3.1863e-05
2.754e-05
1.5528e-05
1.039e-05
8.8682e-06
0
0
0
1.7276e-06
0
2.3867e-06
0
0
0
0
0
0
0
0
0
0
0
0
0
0
0
0
0
0
0
0
0
0
0
0
0
0
0
0
0
0
0
0
0
0
0
0
0
0
0
0
0
0
0
0
0
0
0
0
0
0
0
0
0
0
0
0
0
0
2.9106e-05
2.9106e-05
1.6129e-05
5.3553e-06
0
0
0
0
0
0
0
0
0
0
0
0
0
0
0
2.939e-05
3.5501e-05
6.1683e-05
3.3225e-05
2.935e-05
1.3193e-05
1.8312e-05
1.9773e-05
1.3165e-05
1.128e-05
1.7094e-05
2.3028e-05
2.9074e-05
3.0342e-05
2.0388e-05
1.514e-05
1.3619e-05
5.8833e-06
0
0
1.7276e-06
1.7276e-06
0
2.3867e-06
0
0
0
0
0
0
0
0
0
0
0
0
0
0
0
0
0
0
0
0
0
0
0
0
0
0
0
0
0
0
0
0
0
0
0
0
0
0
0
0
0
0
0
0
0
0
0
0
0
0
0
0
0
0
0
5.7454e-06
1.6176e-05
2.1781e-05
2.1781e-05
5.3854e-06
0
0
0
0
0
0
0
0
0
0
0
0
0
0
0
0
0
0
1.6335e-05
1.7113e-05
1.7844e-05
2.2132e-05
1.4659e-05
2.0379e-05
2.1115e-05
7.9703e-06
1.0368e-05
3.075e-05
4.6023e-05
4.4593e-05
3.104e-05
1.5882e-05
1.3619e-05
1.3619e-05
5.8833e-06
0
0
1.7276e-06
1.7276e-06
0
2.3867e-06
0
0
0
0
0
0
0
0
0
0
0
0
0
0
0
0
0
0
0
0
0
0
0
0
0
0
0
0
0
0
0
0
0
0
0
0
0
0
0
0
0
0
0
0
0
0
0
0
0
0
0
0
0
0
0
0
1.6396e-05
2.1781e-05
2.1781e-05
5.6049e-06
0
6.2796e-06
6.2796e-06
6.2796e-06
0
0
0
0
0
0
0
0
0
0
0
0
0
1.5401e-06
1.1584e-05
1.8763e-05
1.8763e-05
1.9596e-05
1.6093e-05
1.8801e-05
1.2193e-05
7.9226e-06
1.8826e-05
3.1085e-05
4.9848e-05
5.257e-05
4.3666e-05
2.2894e-05
1.0634e-05
1.0634e-05
5.8833e-06
7.9765e-07
0
1.7276e-06
1.7276e-06
0
2.3867e-06
0
0
0
0
0
0
0
0
0
0
0
0
0
0
0
0
0
0
0
0
0
0
0
0
0
0
0
0
0
0
0
0
0
0
0
0
0
0
0
0
0
0
0
0
0
0
0
0
1.3801e-05
3.344e-05
2.5733e-05
2.6203e-05
1.1083e-05
6.5643e-06
6.5643e-06
0
0
0
0
0
0
6.2796e-06
6.2796e-06
6.2796e-06
0
0
0
0
0
0
0
0
0
0
0
0
0
0
1.5401e-06
9.3818e-06
1.2702e-05
4.6085e-06
6.4264e-06
3.3317e-06
1.1334e-05
1.0622e-05
1.1007e-05
5.6455e-05
6.9553e-05
5.7375e-05
3.4539e-05
2.1708e-05
1.6494e-05
1.0634e-05
5.8833e-06
7.9765e-07
1.7276e-06
1.7276e-06
1.7276e-06
0
2.3867e-06
0
0
0
0
0
0
0
0
0
0
0
0
0
0
0
0
0
0
0
0
0
0
0
0
0
0
0
0
0
0
0
0
0
0
0
0
0
0
0
0
0
0
0
0
0
0
0
4.5558e-05
0.00010052
0.00012016
0.00012648
3.2052e-05
1.2883e-05
1.2883e-05
0
0
0
0
0
0
0
0
0
0
0
0
0
0
0
0
0
0
0
0
0
0
0
0
0
0
3.0947e-06
5.0838e-06
6.4759e-06
1.7071e-05
2.6068e-05
1.4515e-05
3.0819e-05
5.8383e-05
6.6156e-05
6.9467e-05
3.1277e-05
1.6623e-05
1.6494e-05
5.8833e-06
5.8833e-06
7.9765e-07
1.7276e-06
1.7276e-06
1.7276e-06
0
2.3867e-06
0
0
0
0
0
0
0
0
0
0
0
0
0
0
0
0
0
0
0
0
0
0
0
0
0
0
0
0
0
0
0
0
0
0
0
0
0
0
0
0
0
0
0
0
0
0
0
0
8.6717e-05
8.6717e-05
4.8866e-05
6.3185e-06
6.3185e-06
0
0
0
0
0.00017031
0.0002133
0.0002133
9.3424e-05
0
0
0
0
0
0
2.7466e-06
4.6705e-06
4.6705e-06
4.6705e-06
0
0
0
0
0
0
0
1.3884e-06
1.3884e-06
0
6.4759e-06
1.5703e-05
3.978e-05
5.0329e-05
3.8929e-05
4.1787e-05
5.3274e-05
6.6785e-05
6.1034e-05
3.1468e-05
8.581e-06
1.9764e-05
9.1536e-06
7.9765e-07
0
1.7276e-06
1.7276e-06
1.7276e-06
1.7276e-06
2.3867e-06
0
0
0
0
0
0
0
0
0
0
0
0
0
0
0
0
0
0
0
0
0
0
0
0
0
0
0
0
0
0
0
0
0
0
0
0
0
0
0
0
0
0
0
0
0
0
0
0
0
0.00017455
0.00042617
0.00061733
0.0012159
0.00040008
2.0458e-05
8.0712e-06
5.0932e-06
0.0002133
0.00021666
0.00022887
0.00012608
1.3729e-05
3.3863e-06
5.65e-06
5.65e-06
3.9379e-05
5.176e-05
4.8763e-05
2.1274e-05
2.3492e-05
2.2068e-05
1.209e-05
2.852e-06
0
0
0
0
2.3397e-06
2.3397e-06
2.3397e-06
9.5129e-07
4.4868e-06
1.7554e-05
5.9483e-05
8.0101e-05
7.8916e-05
8.6629e-05
6.2065e-05
5.7896e-05
5.7815e-05
1.8581e-05
1.8727e-05
1.7511e-05
4.0679e-06
7.9765e-07
0
1.7276e-06
1.7276e-06
5.4036e-06
1.7276e-06
2.3867e-06
0
0
0
0
0
0
0
0
0
0
0
0
0
0
0
0
0
0
0
0
0
0
0
0
0
0
0
0
0
0
0
0
0
0
0
0
0
0
0
0
0
0
0
0
0
0
0
0
4.2324e-05
0.00033907
0.00094673
0.0014374
0.0014443
0.0009818
0.00049179
6.6856e-05
1.2369e-05
8.1239e-06
1.5532e-05
4.4601e-05
5.6764e-05
5.2402e-05
8.8877e-05
7.587e-05
6.7269e-05
0.00013248
0.00013983
0.00016745
0.00014913
6.1345e-05
5.5015e-05
5.9123e-05
6.2019e-05
3.3292e-05
9.5486e-06
6.0846e-06
0
3.4477e-06
3.4477e-06
3.4477e-06
4.515e-06
2.4557e-06
3.4623e-05
7.9694e-05
8.3878e-05
8.5468e-05
9.3841e-05
6.9795e-05
4.8972e-05
4.5785e-05
1.1769e-05
1.7933e-05
1.9763e-05
1.4375e-05
2.2776e-06
0
1.7276e-06
5.4036e-06
5.4036e-06
1.7276e-06
2.3867e-06
0
0
0
0
0
0
0
0
0
0
0
0
0
0
0
0
0
0
0
0
0
0
0
0
0
0
0
0
0
0
0
0
0
0
0
0
0
0
0
0
0
0
0
0
0
0
1.0227e-05
0.00013712
0.00050727
0.0021303
0.0028765
0.0026463
0.0012645
0.00097305
0.00020923
0.000139
9.178e-05
8.0111e-05
0.00019473
0.00030888
0.00028059
0.00024567
0.00014959
0.00015082
0.00015533
0.0001482
0.00024445
0.000271
0.00026535
0.00018279
0.00015933
0.00012777
0.00011127
8.3915e-05
3.0208e-05
2.8948e-05
1.2921e-05
1.7716e-05
3.1203e-05
1.8282e-05
6.0608e-06
7.9866e-06
4.1089e-05
7.4572e-05
0.00010529
9.8859e-05
6.2294e-05
4.1277e-05
2.8014e-05
2.1468e-05
2.3991e-05
2.3755e-05
2.3367e-05
2.6232e-05
2.7241e-06
1.4799e-06
1.7276e-06
5.4036e-06
5.4036e-06
1.7276e-06
2.3867e-06
0
0
0
0
0
0
0
0
0
0
0
0
0
0
0
0
0
0
0
0
0
0
0
0
0
0
0
0
0
0
0
0
0
0
0
0
0
0
0
0
0
0
0
0
0
0.00017714
0.00034983
0.00054112
0.0014692
0.0033623
0.0041288
0.0041184
0.0019967
0.00031033
0.00023077
0.00016336
0.00014513
0.00033949
0.0015358
0.0019272
0.0017839
0.0010234
0.00074348
0.00057724
0.0005946
0.00059927
0.00033956
0.00045871
0.0004574
0.00039354
0.0001771
0.00017501
0.00026604
0.00025226
0.00021163
8.4069e-05
5.1676e-05
5.8453e-05
5.8062e-05
4.5816e-05
4.8209e-05
5.6488e-05
7.7955e-05
8.9214e-05
9.333e-05
7.901e-05
4.7433e-05
4.5353e-05
2.358e-05
3.2827e-05
3.2247e-05
3.7328e-05
3.7834e-05
2.7907e-05
9.1799e-06
1.4799e-06
1.7276e-06
5.4036e-06
5.4036e-06
1.7276e-06
2.3867e-06
0
0
0
0
0
0
0
0
0
0
0
0
0
0
0
0
0
0
0
0
0
0
0
0
0
0
0
0
0
0
0
0
0
0
0
0
0
0
0
0
0
0
0
0
1.7198e-05
0.00020893
0.0011933
0.0018291
0.0032141
0.0035689
0.0036413
0.0035107
0.0017412
0.00068677
0.00034724
0.00028979
0.00036087
0.00075743
0.0018045
0.00209
0.0022449
0.0013841
0.001127
0.0010115
0.0011327
0.0011114
0.00078729
0.00059262
0.00054525
0.00046381
0.00030818
0.00028667
0.00029238
0.00028186
0.00026902
0.00019971
0.00013912
0.0001392
0.0001003
8.094e-05
7.7337e-05
8.3052e-05
0.00010121
0.00011678
9.5133e-05
6.0745e-05
4.8157e-05
4.9831e-05
4.4694e-05
3.175e-05
5.2625e-05
5.5848e-05
4.1729e-05
3.1006e-05
9.1799e-06
1.4799e-06
5.4036e-06
5.4036e-06
5.4036e-06
1.7276e-06
2.3867e-06
0
0
0
0
0
0
0
0
0
0
0
0
0
0
0
0
0
0
0
0
0
0
0
0
0
0
0
0
0
0
0
0
0
0
0
0
0
0
0
0
0
0
0
0
0.00032383
0.0010957
0.0055374
0.0071599
0.0081315
0.0077481
0.0057731
0.0035087
0.0025011
0.001726
0.0012559
0.00088708
0.00079981
0.00067841
0.0010709
0.0013514
0.0012569
0.0014207
0.0014768
0.0013379
0.0013131
0.001138
0.00098026
0.00084965
0.00073163
0.00057555
0.00037283
0.00030828
0.00042362
0.00044827
0.00040628
0.00025067
0.00021727
0.00018174
0.00014142
0.00010845
9.9442e-05
0.00011074
0.00012769
0.00011495
0.00010401
7.4373e-05
4.6858e-05
4.5757e-05
4.6655e-05
4.3189e-05
7.6244e-05
6.8016e-05
4.7785e-05
4.293e-05
9.1799e-06
1.4799e-06
5.4036e-06
6.3191e-06
5.4036e-06
1.7276e-06
2.3867e-06
0
0
0
0
0
0
0
0
0
0
0
0
0
0
0
0
0
0
0
0
0
0
0
0
0
0
0
0
0
0
0
0
0
0
0
0
0
0
0
0
0
0
0
0
0.00089977
0.0039877
0.0070181
0.010702
0.014897
0.015314
0.015271
0.012478
0.0093068
0.0082353
0.0044294
0.0026232
0.0028238
0.0027721
0.0029679
0.0032181
0.0025769
0.002396
0.0023617
0.0019217
0.0016177
0.00098673
0.00090589
0.00091687
0.00071928
0.00065129
0.0006584
0.00059691
0.00063356
0.00064883
0.00056413
0.00045505
0.0003445
0.00027473
0.00020514
0.00016216
8.2149e-05
0.00010204
0.0001104
0.00010678
8.2937e-05
5.6715e-05
5.8339e-05
6.0128e-05
6.779e-05
7.9953e-05
7.7692e-05
8.1815e-05
5.201e-05
4.4166e-05
1.2869e-05
5.001e-06
6.3191e-06
6.3191e-06
6.3191e-06
1.7276e-06
2.3867e-06
0
0
0
0
0
0
0
0
0
0
0
0
0
0
0
0
0
0
0
0
0
0
0
0
0
0
0
0
0
0
0
0
0
0
0
0
0
0
0
0
0
0
0
0.00037272
0.0015669
0.0031609
0.0066505
0.014083
0.022016
0.026819
0.02566
0.021841
0.015456
0.011934
0.0090205
0.0056103
0.0041055
0.0044901
0.005988
0.0069328
0.0066786
0.0062686
0.0049783
0.003854
0.0026983
0.0018322
0.0014402
0.00098655
0.0010316
0.00086722
0.0008723
0.00092112
0.0010553
0.0010786
0.0010139
0.00062986
0.00045712
0.00031892
0.00030923
0.00023637
0.00017449
9.5295e-05
8.3318e-05
9.8661e-05
8.6546e-05
5.9556e-05
6.6718e-05
7.1416e-05
9.6139e-05
0.00010606
9.1291e-05
7.5874e-05
5.5218e-05
3.6079e-05
1.2869e-05
6.6151e-06
6.3191e-06
6.3191e-06
6.3191e-06
1.7276e-06
2.3867e-06
0
0
0
0
0
0
0
0
0
0
0
0
0
0
0
0
0
0
0
0
0
0
0
0
0
0
0
0
0
0
0
0
0
0
0
0
0
0
0
0
0
0
0
0
9.1447e-05
0.0040882
0.01402
0.034403
0.047867
0.052132
0.045258
0.033172
0.026513
0.019163
0.014124
0.0099587
0.0072391
0.0064533
0.0093618
0.010645
0.011639
0.011237
0.0081325
0.0067374
0.0054279
0.0038722
0.0027664
0.0022489
0.0018715
0.001533
0.001254
0.0014279
0.0015197
0.0012612
0.0012215
0.00089649
0.00055529
0.00041627
0.00036193
0.00031709
0.00027513
0.00019336
0.00010972
0.00010637
8.4852e-05
6.0905e-05
8.3562e-05
8.0578e-05
9.3379e-05
0.00012605
0.0001272
0.00011003
5.9866e-05
2.6216e-05
1.1625e-05
6.6151e-06
6.3191e-06
6.3191e-06
6.3191e-06
1.7276e-06
2.3867e-06
0
0
0
0
0
0
0
0
0
0
0
0
0
0
0
0
0
0
0
0
0
0
0
0
0
0
0
0
0
0
0
0
0
0
0
0
0
0
0
0
0
0
0
5.7805e-06
0.00015396
0.0026195
0.016728
0.033667
0.051012
0.066339
0.062337
0.05801
0.047644
0.034949
0.025576
0.016913
0.013481
0.012419
0.0131
0.014707
0.015411
0.012135
0.011008
0.0090883
0.0072609
0.0062616
0.0050826
0.0042334
0.0033176
0.0022778
0.0019774
0.001695
0.0015522
0.0017358
0.0013541
0.00096987
0.00062905
0.00042316
0.00039205
0.00041705
0.00034578
0.00022972
0.00014397
0.00015182
0.00013042
0.00012046
6.8372e-05
0.00010598
0.00010688
0.00014861
0.00014176
0.00011695
7.5915e-05
2.4087e-05
1.1625e-05
3.094e-06
6.3191e-06
6.3191e-06
6.3191e-06
5.4036e-06
2.3867e-06
0
0
0
0
0
0
0
0
0
0
0
0
0
0
0
0
0
0
0
0
0
0
0
0
0
0
0
0
0
0
0
0
0
0
0
0
0
0
0
0
0
0
0
1.4573e-05
0.00081533
0.0032025
0.017599
0.042813
0.070703
0.079042
0.080222
0.072468
0.062594
0.050119
0.036173
0.027608
0.023793
0.024504
0.025295
0.022341
0.019872
0.016361
0.016021
0.014571
0.01232
0.0093477
0.0066509
0.0053102
0.0039234
0.0028676
0.0026077
0.0017551
0.0017626
0.0016061
0.0012732
0.00099665
0.00077433
0.00067721
0.00066808
0.00069845
0.0005717
0.00033505
0.00028669
0.00026097
0.00022176
0.00015497
0.00012496
0.00012786
0.00015373
0.00017738
0.00017197
0.00015084
9.322e-05
2.5796e-05
1.1866e-05
2.5297e-06
6.3191e-06
6.3191e-06
6.3191e-06
3.676e-06
2.3867e-06
0
0
0
0
0
0
0
0
0
0
0
0
0
0
0
0
0
0
0
0
0
0
0
0
0
0
0
0
0
0
0
0
0
0
0
0
0
0
0
0
0
0
0
1.7415e-05
0.00024458
0.0064077
0.028708
0.065253
0.098597
0.11013
0.099686
0.086368
0.072638
0.059577
0.042787
0.033525
0.032708
0.034062
0.037582
0.032987
0.031321
0.029105
0.02551
0.02172
0.015966
0.011803
0.0089151
0.0074457
0.0058476
0.0041622
0.0031198
0.0023066
0.00173
0.0015282
0.0015182
0.001326
0.001066
0.0010798
0.0011252
0.00098061
0.00086802
0.0006143
0.00043911
0.00037938
0.0003069
0.00026477
0.00020303
0.00017821
0.00016678
0.0001878
0.00021271
0.00017244
0.00011971
3.0392e-05
1.3371e-05
2.5297e-06
6.3191e-06
6.3191e-06
6.3191e-06
3.676e-06
2.3867e-06
0
0
0
0
0
0
0
0
0
0
0
0
0
0
0
0
0
0
0
0
0
0
0
0
0
0
0
0
0
0
0
0
0
0
0
0
0
0
0
0
0
0
0
8.2161e-06
0.00016799
0.0024777
0.028647
0.072766
0.10766
0.12947
0.11856
0.10255
0.077937
0.067843
0.055394
0.046211
0.045248
0.051678
0.052456
0.05347
0.053783
0.041934
0.032038
0.027892
0.023072
0.020055
0.017272
0.012236
0.010829
0.0089081
0.0066481
0.0051597
0.0038553
0.0027007
0.0026978
0.0023661
0.0019994
0.0018645
0.0016951
0.0015136
0.0011507
0.00072787
0.00049562
0.0004792
0.00037379
0.00031182
0.0002895
0.00025756
0.00026142
0.00025227
0.00021771
0.00018248
0.00012139
4.1834e-05
6.3079e-06
2.5297e-06
6.3191e-06
6.3191e-06
6.3191e-06
3.676e-06
2.3867e-06
0
0
0
0
0
0
0
0
0
0
0
0
0
0
0
0
0
0
0
0
0
0
0
0
0
0
0
0
0
0
0
0
0
0
0
0
0
0
0
0
0
0
0
0
0.00022564
0.0030734
0.031024
0.078927
0.12593
0.15563
0.15277
0.14733
0.13116
0.11022
0.082631
0.073813
0.067113
0.061005
0.067816
0.069961
0.062496
0.059688
0.049927
0.043756
0.041954
0.035122
0.030388
0.021187
0.016498
0.013915
0.010717
0.0084593
0.0064115
0.0049518
0.0039997
0.0036929
0.0033085
0.0024387
0.0020664
0.0018356
0.0014342
0.00089811
0.00060638
0.00045084
0.00039426
0.00037431
0.00035302
0.0003384
0.00028594
0.00023725
0.00024797
0.0001953
0.00012056
6.4284e-05
6.3079e-06
2.5297e-06
4.5915e-06
6.3191e-06
6.3191e-06
3.676e-06
2.3867e-06
0
0
0
0
0
0
0
0
0
0
0
0
0
0
0
0
0
0
0
0
0
0
0
0
0
0
0
0
0
0
0
0
0
0
0
0
0
0
0
0
0
0
0
0
0.00020862
0.0019668
0.018529
0.048457
0.088132
0.13124
0.16271
0.18989
0.18661
0.17169
0.14688
0.13208
0.11369
0.10091
0.086918
0.082165
0.087572
0.090837
0.08984
0.080768
0.067862
0.055584
0.040103
0.029579
0.022231
0.018453
0.016544
0.013817
0.010118
0.0074967
0.005891
0.0048488
0.0038685
0.0033544
0.0029018
0.0021832
0.001557
0.0012699
0.00092271
0.00061371
0.00045437
0.00045458
0.00041985
0.00037793
0.00027993
0.00022793
0.00022228
0.00017232
0.00013878
6.2053e-05
1.0174e-05
6.5938e-06
1.027e-05
6.3191e-06
6.3191e-06
3.676e-06
2.3867e-06
0
0
0
0
0
0
0
0
0
0
0
0
0
0
0
0
0
0
0
0
0
0
0
0
0
0
0
0
0
0
0
0
0
0
0
0
0
0
0
0
0
0
0
8.9912e-06
0.00088933
0.0039239
0.021808
0.062635
0.11052
0.15753
0.1972
0.21585
0.2161
0.20841
0.19173
0.17574
0.15034
0.12546
0.10426
0.10183
0.10566
0.10441
0.09869
0.088263
0.076065
0.06413
0.051421
0.040261
0.033322
0.02961
0.024389
0.019648
0.016096
0.011503
0.008737
0.0073267
0.0063598
0.0051191
0.0034843
0.002531
0.0021621
0.0015718
0.0011695
0.00080764
0.00058716
0.0004774
0.0004336
0.00039414
0.00030749
0.00021597
0.0001982
0.00015024
0.00011683
5.4163e-05
2.0777e-05
1.1518e-05
1.027e-05
6.3191e-06
6.3191e-06
0
2.3867e-06
0
0
0
0
0
0
0
0
0
0
0
0
0
0
0
0
0
0
0
0
0
0
0
0
0
0
0
0
0
0
0
0
0
0
0
0
0
0
0
0
0
0
0
2.2402e-05
0.0010093
0.0063753
0.029375
0.083441
0.14522
0.21063
0.23648
0.24266
0.25355
0.24429
0.23525
0.22132
0.18689
0.17263
0.16175
0.15129
0.14249
0.12373
0.10402
0.093252
0.085987
0.073836
0.065275
0.053129
0.044433
0.03568
0.034492
0.026901
0.021098
0.016807
0.011703
0.0089151
0.0068577
0.0055184
0.0042595
0.0027945
0.0019707
0.0017271
0.0014602
0.0011122
0.00076035
0.00050367
0.00046978
0.00037584
0.00034309
0.00025799
0.00020931
0.00014996
0.00011429
3.9441e-05
2.3454e-05
1.1518e-05
1.5194e-05
4.5915e-06
6.3191e-06
5.5522e-06
2.3867e-06
0
0
0
0
0
0
0
0
0
0
0
0
0
0
0
0
0
0
0
0
0
0
0
0
0
0
0
0
0
0
0
0
0
0
0
0
0
0
0
0
0
0
0
7.3254e-05
0.0018843
0.0082854
0.033218
0.10969
0.21266
0.30882
0.34013
0.32977
0.31939
0.32206
0.3099
0.27383
0.247
0.22763
0.22229
0.21052
0.18414
0.15451
0.13001
0.11439
0.10589
0.091921
0.078978
0.063394
0.055666
0.044515
0.035823
0.032522
0.026367
0.021656
0.015062
0.0096403
0.00742
0.0052668
0.0039193
0.0027603
0.0021083
0.0017814
0.0014953
0.0011415
0.00086253
0.00064394
0.00046996
0.00035198
0.00028502
0.00020726
0.00017124
0.00012471
8.3706e-05
2.9164e-05
2.8448e-05
1.1518e-05
1.5194e-05
4.5915e-06
1.0144e-05
1.1158e-05
2.3867e-06
0
0
0
0
0
0
0
0
0
0
0
0
0
0
0
0
0
0
0
0
0
0
0
0
0
0
0
0
0
0
0
0
0
0
0
0
0
0
0
0
0
0
0
0.00017353
0.0046456
0.015643
0.04595
0.15357
0.28089
0.40202
0.45457
0.44523
0.43964
0.41623
0.3924
0.35571
0.32049
0.30255
0.2991
0.27606
0.2334
0.18774
0.15144
0.13348
0.11919
0.098941
0.079834
0.06657
0.053336
0.042981
0.035253
0.029648
0.028027
0.022167
0.01627
0.010586
0.0066838
0.0049866
0.0039594
0.003061
0.0021793
0.0018057
0.0014006
0.001162
0.00092425
0.00066252
0.00052126
0.0004145
0.00026405
0.00021467
0.00016032
0.00011516
6.8555e-05
3.1273e-05
4.1776e-05
1.2781e-05
1.5194e-05
4.5915e-06
1.0144e-05
1.1158e-05
2.3867e-06
0
0
0
0
0
0
0
0
0
0
0
0
0
0
0
0
0
0
0
0
0
0
0
0
0
0
0
0
0
0
0
0
0
0
0
0
0
0
0
0
0
0
0
0.00021745
0.006586
0.028395
0.072474
0.17187
0.31128
0.45495
0.535
0.54927
0.53953
0.51697
0.50809
0.48998
0.46938
0.43517
0.39035
0.33891
0.26896
0.21628
0.1798
0.1611
0.14721
0.11925
0.098907
0.073912
0.056319
0.044143
0.035009
0.027379
0.024614
0.020192
0.01574
0.010154
0.0066964
0.005658
0.0045978
0.0035735
0.0028599
0.0022977
0.0016486
0.0013417
0.00089788
0.00060563
0.00051698
0.00045497
0.0003249
0.00027379
0.00018235
0.00011563
7.3576e-05
5.9548e-05
4.3091e-05
2.9773e-05
1.714e-05
5.9385e-06
1.0144e-05
1.1158e-05
2.3867e-06
0
0
0
0
0
0
0
0
0
0
0
0
0
0
0
0
0
0
0
0
0
0
0
0
0
0
0
0
0
0
0
0
0
0
0
0
0
0
0
0
0
0
0
0.00067246
0.0087077
0.026521
0.070498
0.17361
0.32895
0.48325
0.59671
0.61522
0.62515
0.63935
0.6459
0.65536
0.64565
0.60211
0.52155
0.43156
0.34167
0.27276
0.2311
0.19311
0.17397
0.14866
0.11316
0.089082
0.069449
0.052341
0.039101
0.03074
0.023806
0.018797
0.014104
0.011415
0.0084542
0.0070432
0.0059091
0.0041603
0.0033203
0.0024376
0.001744
0.0013856
0.0009295
0.00069126
0.00060367
0.00049977
0.00039627
0.00029637
0.000224
0.00010784
6.8043e-05
7.0769e-05
5.6891e-05
3.723e-05
1.5453e-05
1.1491e-05
1.0144e-05
1.1158e-05
2.3867e-06
0
0
0
0
0
0
0
0
0
0
0
0
0
0
0
0
0
0
0
0
0
0
0
0
0
0
0
0
0
0
0
0
0
0
0
0
0
0
0
0
0
1.236e-05
0.00029485
0.00078163
0.0077676
0.02411
0.056157
0.14924
0.29863
0.44786
0.56968
0.64915
0.68209
0.72169
0.75858
0.79622
0.78473
0.75067
0.67275
0.56599
0.47189
0.37143
0.2987
0.24186
0.19826
0.16256
0.12747
0.10213
0.073888
0.060113
0.047197
0.033518
0.024601
0.019633
0.015598
0.011591
0.0095709
0.0078716
0.0065838
0.0050351
0.0036407
0.0025358
0.0019705
0.0015092
0.0010552
0.00086675
0.00075547
0.00057274
0.00044262
0.00031192
0.00024433
0.00015373
7.4765e-05
6.7981e-05
5.683e-05
4.0251e-05
3.0261e-05
1.3437e-05
1.575e-05
1.1158e-05
2.3867e-06
0
0
0
0
0
0
0
0
0
0
0
0
0
0
0
0
0
0
0
0
0
0
0
0
0
0
0
0
0
0
0
0
0
0
0
0
0
0
0
0
0
7.2692e-06
0.00019629
0.00093097
0.005328
0.016702
0.050441
0.13921
0.28279
0.45676
0.60497
0.71882
0.78496
0.84637
0.90481
0.93724
0.90733
0.8353
0.7475
0.64155
0.54881
0.44769
0.36686
0.29825
0.24217
0.19242
0.15034
0.1193
0.093326
0.070317
0.052448
0.041835
0.032952
0.024201
0.018583
0.014238
0.01064
0.0085226
0.0069142
0.0051417
0.0035756
0.0025141
0.002142
0.0016549
0.0011874
0.000965
0.00078307
0.00062613
0.00049835
0.00033871
0.00025333
0.00016344
8.7243e-05
6.0306e-05
6.6507e-05
5.7092e-05
3.1174e-05
2.7053e-05
2.5027e-05
1.3306e-05
2.3867e-06
0
0
0
0
0
0
0
0
0
0
0
0
0
0
0
0
0
0
0
0
0
0
0
0
0
0
0
0
0
0
0
0
0
0
0
0
0
0
0
0
0
0
0
0.00012477
0.0011054
0.00415
0.028244
0.12806
0.29306
0.50032
0.67275
0.7883
0.87487
0.93206
0.96647
1
0.97767
0.89495
0.79869
0.69116
0.58833
0.49551
0.40533
0.33045
0.26675
0.21666
0.16623
0.1275
0.10082
0.080765
0.06421
0.050521
0.037878
0.029266
0.021616
0.015692
0.011499
0.0098578
0.0076611
0.0054237
0.0037453
0.0023828
0.002014
0.0018774
0.0016531
0.0011168
0.00082777
0.00056065
0.00053742
0.00039027
0.00028141
0.00016486
0.00010917
7.0922e-05
7.2827e-05
6.872e-05
4.0482e-05
2.9939e-05
2.4892e-05
1.3306e-05
2.3867e-06
0
0
0
0
0
0
0
0
0
0
0
0
0
0
0
0
0
0
0
0
0
0
0
0
0
0
0
0
0
0
0
0
0
0
0
0
0
0
0
0
0
0
0
0.00023048
0.0011643
0.0059886
0.040143
0.13953
0.30202
0.49297
0.65658
0.76809
0.83661
0.8911
0.93458
0.94867
0.92575
0.87282
0.79369
0.71549
0.61886
0.52226
0.43324
0.35331
0.28019
0.2183
0.16446
0.13201
0.1063
0.085303
0.070837
0.055097
0.042294
0.033464
0.025019
0.018839
0.016231
0.011598
0.0078566
0.0053949
0.0034341
0.0027007
0.0021646
0.0022665
0.0018696
0.0015296
0.00090488
0.00057795
0.00047823
0.00043152
0.00028532
0.00018125
0.00011153
6.6033e-05
8.4393e-05
6.872e-05
6.7254e-05
3.9688e-05
2.4619e-05
1.3306e-05
2.3867e-06
0
0
0
0
0
0
0
0
0
0
0
0
0
0
0
0
0
0
0
0
0
0
0
0
0
0
0
0
0
0
0
0
0
0
0
0
0
0
0
0
0
0
0
0.00016578
0.0016869
0.010637
0.045808
0.1222
0.26067
0.41808
0.56863
0.71086
0.8068
0.88106
0.93247
0.95299
0.90495
0.84983
0.77207
0.68488
0.61131
0.51804
0.42809
0.35526
0.29043
0.23
0.17796
0.14142
0.11707
0.092272
0.073191
0.06003
0.045771
0.037265
0.030429
0.024617
0.018878
0.014123
0.0087178
0.0054618
0.0034474
0.0026274
0.0024682
0.0022411
0.0019674
0.0014819
0.00092687
0.0005828
0.00051751
0.00041018
0.00032319
0.00018267
0.00010963
0.00010535
9.7422e-05
7.6841e-05
6.8525e-05
4.4139e-05
2.8527e-05
1.3306e-05
2.3867e-06
0
0
0
0
0
0
0
0
0
0
0
0
0
0
0
0
0
0
0
0
0
0
0
0
0
0
0
0
0
0
0
0
0
0
0
0
0
0
0
0
0
0
0
0.00034321
0.0023884
0.010398
0.038528
0.10936
0.24293
0.40905
0.55226
0.6759
0.803
0.91526
0.97086
0.98557
0.96747
0.89711
0.80055
0.71048
0.61832
0.52597
0.44566
0.36876
0.30174
0.24687
0.19999
0.16336
0.13009
0.10402
0.084867
0.064917
0.051451
0.039064
0.032226
0.026063
0.019283
0.014668
0.0099283
0.0064163
0.0042544
0.0030019
0.0025873
0.0022402
0.0020008
0.0015599
0.00086812
0.00060515
0.00052301
0.00042042
0.00032585
0.00019655
0.00014799
0.00013028
9.4373e-05
8.7051e-05
6.476e-05
4.7008e-05
2.8527e-05
1.3306e-05
2.3867e-06
0
0
0
0
0
0
0
0
0
0
0
0
0
0
0
0
0
0
0
0
0
0
0
0
0
0
0
0
0
0
0
0
0
0
0
0
0
0
0
0
0
2.7868e-05
9.4909e-05
0.00068935
0.0031945
0.0095824
0.030774
0.10395
0.22183
0.35301
0.47849
0.59392
0.72664
0.84433
0.92407
0.95256
0.92362
0.87603
0.80501
0.70882
0.61658
0.52612
0.43745
0.3631
0.3014
0.25353
0.2098
0.17487
0.14173
0.11262
0.085883
0.066795
0.053226
0.043522
0.035143
0.027803
0.021084
0.014214
0.01014
0.0071009
0.0054202
0.0037839
0.002606
0.0020241
0.001697
0.001248
0.00089875
0.00062543
0.00047248
0.0003867
0.00033513
0.00020078
0.0001301
0.00013689
0.0001211
8.6743e-05
7.5183e-05
7.4323e-05
2.8527e-05
1.3306e-05
2.3867e-06
0
0
0
0
0
0
0
0
0
0
0
0
0
0
0
0
0
0
0
0
0
0
0
0
0
0
0
0
0
0
0
0
0
0
0
0
0
0
0
0
0
5.1064e-05
0.00031557
0.0010063
0.0029582
0.01062
0.040949
0.1056
0.20426
0.31924
0.4497
0.57563
0.72435
0.8353
0.8904
0.89854
0.89274
0.86498
0.78953
0.6965
0.61364
0.51949
0.43805
0.35892
0.28465
0.24121
0.2031
0.16905
0.14042
0.10847
0.083695
0.063263
0.051509
0.040443
0.03469
0.028573
0.021527
0.014394
0.010334
0.0077777
0.0054043
0.0038508
0.0024258
0.0019013
0.0014066
0.0011065
0.000849
0.00059184
0.00048153
0.00034349
0.000299
0.00020774
0.00014848
0.00012542
0.00011981
8.2696e-05
8.7947e-05
7.7655e-05
4.0208e-05
1.3306e-05
2.3867e-06
0
0
0
0
0
0
0
0
0
0
0
0
0
0
0
0
0
0
0
0
0
0
0
0
0
0
0
0
0
0
0
0
0
0
0
0
0
0
0
0
1.0599e-05
2.909e-05
0.00017801
0.00069414
0.0027259
0.015343
0.052768
0.13893
0.25948
0.39077
0.5418
0.70351
0.82262
0.8862
0.91447
0.92705
0.9144
0.85468
0.77551
0.6614
0.57501
0.49486
0.41563
0.34124
0.27627
0.22748
0.19394
0.16562
0.13385
0.10613
0.084848
0.065681
0.052951
0.039124
0.032857
0.027132
0.019078
0.013991
0.0096189
0.0067877
0.0054917
0.0034845
0.0021118
0.0016936
0.0014192
0.0011655
0.00079047
0.00054803
0.00038454
0.00032692
0.00027654
0.00021995
0.00016763
0.000134
0.00010926
0.00010048
9.4702e-05
7.7655e-05
4.7672e-05
1.3306e-05
2.3867e-06
0
0
0
0
0
0
0
0
0
0
0
0
0
0
0
0
0
0
0
0
0
0
0
0
0
0
0
0
0
0
0
0
0
0
0
0
0
0
0
5.483e-05
8.2575e-05
9.6414e-05
0.00015052
0.00039537
0.0017354
0.014277
0.059058
0.15216
0.30604
0.47117
0.6197
0.74715
0.82409
0.86926
0.88161
0.89535
0.88678
0.83049
0.73779
0.62869
0.53747
0.44158
0.35786
0.29071
0.23881
0.20688
0.18005
0.15486
0.12714
0.10055
0.078348
0.062287
0.049804
0.037974
0.028757
0.021682
0.016862
0.011403
0.00831
0.0065215
0.0052496
0.0030883
0.0021077
0.0016265
0.0013494
0.0010635
0.00073621
0.00052062
0.00037566
0.00024643
0.00021493
0.0002259
0.00018687
0.00013882
0.00011087
0.00010984
0.00011582
7.9869e-05
4.8502e-05
1.3979e-05
2.3867e-06
0
0
0
0
0
0
0
0
0
0
0
0
0
0
0
0
0
0
0
0
0
0
0
0
0
0
0
0
0
0
0
0
0
0
0
0
0
0
0
0.00019533
0.00068448
0.00092679
0.0010159
0.0011214
0.0039335
0.023189
0.070227
0.16751
0.31628
0.48216
0.63079
0.74876
0.80921
0.83398
0.84419
0.84121
0.79851
0.73804
0.66228
0.57311
0.48078
0.38789
0.30401
0.24025
0.19612
0.17144
0.15216
0.12989
0.10776
0.085354
0.068178
0.05186
0.039452
0.031011
0.024063
0.017506
0.013548
0.010241
0.0079214
0.0060731
0.0047601
0.0029332
0.0021349
0.0015683
0.0012486
0.00097841
0.00069049
0.0004978
0.00035437
0.00027337
0.00021963
0.00021637
0.00018879
0.00012001
0.00011158
0.00011635
0.0001121
8.5857e-05
4.8502e-05
1.55e-05
2.3867e-06
0
0
0
0
0
0
0
0
0
0
0
0
0
0
0
0
0
0
0
0
0
0
0
0
0
0
0
0
0
0
0
0
0
0
0
0
0
0
0
0.00032234
0.00067371
0.0012587
0.0013896
0.0013006
0.0054528
0.023069
0.0699
0.15483
0.27601
0.43848
0.60893
0.74122
0.82731
0.85201
0.84951
0.81714
0.78158
0.69923
0.60876
0.52705
0.4472
0.36488
0.28693
0.23549
0.18844
0.15625
0.12948
0.10601
0.08966
0.075059
0.059753
0.045629
0.033954
0.026093
0.019797
0.015325
0.01196
0.0090366
0.0066
0.0050888
0.0041521
0.002902
0.0020503
0.0014992
0.0011168
0.00091248
0.00060618
0.00048018
0.00035743
0.00031123
0.00025566
0.0002243
0.00017316
0.00013888
0.00012221
0.00013101
0.0001121
8.2836e-05
5.4221e-05
1.55e-05
2.3867e-06
0
0
0
0
0
0
0
0
0
0
0
0
0
0
0
0
0
0
0
0
0
0
0
0
0
0
0
0
0
0
0
0
0
0
0
0
0
0
0
0
4.8894e-05
0.00046105
0.00067068
0.0013708
0.0094798
0.030032
0.067516
0.15536
0.27976
0.42728
0.60879
0.76175
0.8625
0.91002
0.88162
0.82849
0.75202
0.65869
0.56091
0.45823
0.37466
0.30618
0.24451
0.19857
0.16517
0.12992
0.10229
0.088447
0.0791
0.06543
0.051512
0.039893
0.028916
0.024475
0.018448
0.016009
0.01113
0.0074775
0.0058515
0.0038579
0.0031648
0.0023175
0.0017765
0.0012384
0.00093269
0.00073905
0.0005052
0.00043171
0.00035316
0.00033905
0.00029755
0.00024821
0.0001687
0.00014928
9.7907e-05
0.00012529
0.00011015
8.6422e-05
5.5807e-05
1.55e-05
2.3867e-06
0
0
0
0
0
0
0
0
0
0
0
0
0
0
0
0
0
0
0
0
0
0
0
0
0
0
0
0
0
0
0
0
0
0
0
0
0
0
0
0
0
2.176e-05
0.00021666
0.00077956
0.0030191
0.016805
0.051732
0.1218
0.25032
0.40617
0.56434
0.6954
0.76958
0.76077
0.70946
0.63547
0.56486
0.48532
0.40948
0.34307
0.27347
0.22314
0.1882
0.15161
0.12619
0.098093
0.078852
0.065972
0.058947
0.053164
0.043694
0.03362
0.02658
0.022046
0.017587
0.015171
0.010912
0.0074121
0.0055007
0.0034139
0.0023377
0.0016846
0.0013459
0.0012178
0.00095539
0.00068557
0.00049292
0.00045222
0.00039412
0.00036757
0.00031854
0.00026327
0.00022479
0.00012849
0.00010281
0.00011973
0.00010945
8.0502e-05
5.802e-05
2.4749e-05
2.3867e-06
0
0
0
0
0
0
0
0
0
0
0
0
0
0
0
0
0
0
0
0
0
0
0
0
0
0
0
0
0
0
0
0
0
0
0
0
0
0
0
0
0
6.8942e-06
1.659e-05
0.00028321
0.0035907
0.015036
0.048353
0.13131
0.24411
0.38233
0.52145
0.59443
0.6342
0.59934
0.53269
0.46061
0.39469
0.33574
0.27935
0.22799
0.19348
0.16416
0.13549
0.11695
0.10412
0.088457
0.075729
0.064052
0.0515
0.042934
0.036776
0.030007
0.02446
0.017056
0.01411
0.011484
0.010219
0.0081177
0.0049008
0.0030784
0.0019974
0.0014979
0.001137
0.0010282
0.00079691
0.00069118
0.00052648
0.00048718
0.00041349
0.00038118
0.00037556
0.00027869
0.00020313
0.00013103
8.5966e-05
0.00010716
0.00010686
7.9971e-05
6.727e-05
2.4749e-05
2.3867e-06
0
0
0
0
0
0
0
0
0
0
0
0
0
0
0
0
0
0
0
0
0
0
0
0
0
0
0
0
0
0
0
0
0
0
0
0
0
0
0
0
0
0
0
0.00025464
0.0036238
0.015565
0.048907
0.13833
0.25455
0.374
0.47869
0.54185
0.57
0.53348
0.47191
0.40412
0.33241
0.27006
0.2156
0.18054
0.15506
0.13181
0.11153
0.093938
0.078173
0.072722
0.065564
0.053534
0.043402
0.03612
0.028958
0.023178
0.020394
0.015143
0.011441
0.0097885
0.0077095
0.0063423
0.0038837
0.0027749
0.0017259
0.0012071
0.00093169
0.00076563
0.00068032
0.00061894
0.0004591
0.00042059
0.00042756
0.0004034
0.00034895
0.00027059
0.00020884
0.00013926
9.4211e-05
9.7808e-05
8.8739e-05
8.1258e-05
6.727e-05
2.4749e-05
2.3867e-06
0
0
0
0
0
0
0
0
0
0
0
0
0
0
0
0
0
0
0
0
0
0
0
0
0
0
0
0
0
0
0
0
0
0
0
0
0
0
0
0
0
0
0
0.0001012
0.0017177
0.012252
0.057427
0.14078
0.24839
0.36585
0.43929
0.48176
0.4761
0.42904
0.3689
0.30018
0.25051
0.21035
0.17509
0.13896
0.12594
0.11273
0.097116
0.077965
0.064879
0.051621
0.045349
0.040416
0.032661
0.026254
0.022434
0.019278
0.016968
0.012511
0.0094769
0.0071263
0.0052227
0.003721
0.0028168
0.0021853
0.0015206
0.0010791
0.00078225
0.00064063
0.00051617
0.00047565
0.00040604
0.00043614
0.00043562
0.00039185
0.00037565
0.00025046
0.00019578
0.00012785
8.6708e-05
9.2605e-05
8.973e-05
8.1939e-05
6.4337e-05
2.4749e-05
2.3867e-06
0
0
0
0
0
0
0
0
0
0
0
0
0
0
0
0
0
0
0
0
0
0
0
0
0
0
0
0
0
0
0
0
0
0
0
0
0
0
0
0
0
0
0
9.0709e-05
0.0015174
0.019937
0.074237
0.16894
0.27173
0.36142
0.41856
0.43273
0.40933
0.36673
0.30374
0.25629
0.20892
0.16242
0.13826
0.12422
0.10431
0.088399
0.082548
0.071269
0.059356
0.047154
0.039176
0.031774
0.024367
0.019115
0.013998
0.01235
0.012288
0.0096794
0.0075724
0.005101
0.0039587
0.0030903
0.0022199
0.0018022
0.0014667
0.0011275
0.00075275
0.00048102
0.00034462
0.00036911
0.00041096
0.00039606
0.000387
0.0003325
0.00026223
0.00023581
0.0001654
0.00010371
7.3555e-05
7.8426e-05
8.4178e-05
9.1188e-05
5.7344e-05
2.3229e-05
2.3867e-06
0
0
0
0
0
0
0
0
0
0
0
0
0
0
0
0
0
0
0
0
0
0
0
0
0
0
0
0
0
0
0
0
0
0
0
0
0
0
0
0
0
0
0
6.0924e-05
0.0031655
0.025332
0.064361
0.1358
0.2066
0.24797
0.2831
0.30773
0.30844
0.28924
0.25485
0.2133
0.17176
0.13288
0.11677
0.094375
0.080305
0.069063
0.055935
0.05002
0.04635
0.04046
0.031917
0.024279
0.01659
0.012335
0.0097249
0.0086085
0.006966
0.0053792
0.0043036
0.0037633
0.0029039
0.0024461
0.0020715
0.0015193
0.0012245
0.00081698
0.00056655
0.00045194
0.00030445
0.00032542
0.00036084
0.0003312
0.00030486
0.00029112
0.00021983
0.0001856
0.00015339
0.00010078
6.3968e-05
7.5586e-05
7.9644e-05
8.6704e-05
5.9441e-05
2.2555e-05
2.3867e-06
0
0
0
0
0
0
0
0
0
0
0
0
0
0
0
0
0
0
0
0
0
0
0
0
0
0
0
0
0
0
0
0
0
0
0
0
0
0
0
0
0
0
0
0.00014498
0.0033582
0.013466
0.039107
0.083952
0.12579
0.18532
0.23602
0.26397
0.27186
0.22835
0.17867
0.13564
0.11275
0.097616
0.092856
0.079996
0.069108
0.054831
0.044008
0.037413
0.034827
0.028515
0.022752
0.018963
0.011324
0.0091872
0.0068913
0.0055222
0.004425
0.003466
0.0025695
0.002369
0.0022926
0.0018803
0.0013696
0.0010382
0.00082291
0.00054275
0.00044462
0.00035154
0.00021631
0.00023979
0.0003124
0.00033182
0.00024615
0.00028417
0.00020781
0.00019011
0.0001433
0.000103
5.6406e-05
7.5521e-05
6.2589e-05
8.6704e-05
5.9441e-05
2.3385e-05
2.3867e-06
0
0
0
0
0
0
0
0
0
0
0
0
0
0
0
0
0
0
0
0
0
0
0
0
0
0
0
0
0
0
0
0
0
0
0
0
0
0
0
0
0
0
0
0.00016276
0.004105
0.013297
0.033085
0.069171
0.11404
0.174
0.22494
0.23668
0.20964
0.15815
0.11256
0.085982
0.074546
0.065912
0.061816
0.060889
0.05342
0.046327
0.037254
0.030327
0.025646
0.021178
0.017573
0.012172
0.0089935
0.0060653
0.0045037
0.0037188
0.0030787
0.0027244
0.0022797
0.0015157
0.0013336
0.0011718
0.00099271
0.00076587
0.00056319
0.00044677
0.00032478
0.00022155
0.00019369
0.00019279
0.0002683
0.00030487
0.00029227
0.00021114
0.00018057
0.00015643
9.9593e-05
7.9656e-05
4.6608e-05
5.2177e-05
6.4044e-05
7.921e-05
5.9441e-05
2.3385e-05
2.3867e-06
0
0
0
0
0
0
0
0
0
0
0
0
0
0
0
0
0
0
0
0
0
0
0
0
0
0
0
0
0
0
0
0
0
0
0
0
0
0
0
0
0
0
0
0.00012329
0.0017782
0.0085002
0.031181
0.062289
0.10401
0.15268
0.1717
0.16534
0.14612
0.1071
0.076416
0.060161
0.049948
0.044538
0.037865
0.036289
0.035921
0.03436
0.030576
0.02472
0.020595
0.016895
0.013449
0.010118
0.0074814
0.0053455
0.0035948
0.0028888
0.0029016
0.002572
0.0019372
0.00138
0.0010038
0.00083316
0.00073456
0.00060191
0.00039282
0.00035663
0.00026257
0.00019538
0.00019015
0.00017108
0.00023026
0.00024148
0.00020822
0.00020075
0.00016669
0.0001406
8.6372e-05
5.9061e-05
2.9397e-05
2.6984e-05
6.1041e-05
7.208e-05
4.9443e-05
2.3385e-05
2.3867e-06
0
0
0
0
0
0
0
0
0
0
0
0
0
0
0
0
0
0
0
0
0
0
0
0
0
0
0
0
0
0
0
0
0
0
0
0
0
0
0
0
0
0
0
6.8484e-05
0.0019178
0.0060052
0.021643
0.053253
0.089962
0.11064
0.12178
0.13026
0.11823
0.10106
0.078614
0.058396
0.043087
0.033863
0.026601
0.022876
0.023921
0.022666
0.022307
0.019054
0.013536
0.010712
0.0090121
0.0070046
0.0049561
0.0038288
0.0033506
0.0026861
0.0021447
0.0020505
0.0015319
0.0010369
0.00065391
0.00053896
0.00046365
0.00039666
0.00031632
0.0002939
0.00023266
0.00014758
8.1519e-05
9.4364e-05
0.00014072
0.00016876
0.00018536
0.00014183
0.00014563
0.00013034
5.6635e-05
4.9653e-05
2.4129e-05
2.166e-05
5.5249e-05
5.9621e-05
4.88e-05
2.3385e-05
2.3867e-06
0
0
0
0
0
0
0
0
0
0
0
0
0
0
0
0
0
0
0
0
0
0
0
0
0
0
0
0
0
0
0
0
0
0
0
0
0
0
0
0
0
0
0
3.7945e-06
0.00038791
0.0039497
0.016116
0.029747
0.053922
0.072676
0.078911
0.081167
0.081608
0.077058
0.064236
0.046149
0.028973
0.02068
0.017889
0.016121
0.0155
0.014694
0.013956
0.012365
0.010231
0.0077233
0.0057395
0.0044407
0.0030958
0.0030735
0.0026077
0.0021702
0.0020094
0.0013596
0.0010239
0.00065273
0.00039809
0.00036385
0.00031848
0.00025077
0.00016912
0.00017378
0.00013091
8.3594e-05
5.4997e-05
5.2436e-05
0.00010508
0.00013079
0.00014282
0.00012041
0.00010917
8.2209e-05
4.9397e-05
3.9056e-05
1.9258e-05
1.4556e-05
4.5463e-05
4.8987e-05
4.6587e-05
2.2555e-05
2.3867e-06
0
0
0
0
0
0
0
0
0
0
0
0
0
0
0
0
0
0
0
0
0
0
0
0
0
0
0
0
0
0
0
0
0
0
0
0
0
0
0
0
0
0
0
0
3.5983e-05
0.00056004
0.0057414
0.013706
0.021894
0.028826
0.032641
0.032426
0.035068
0.042349
0.037653
0.026697
0.016924
0.012481
0.011332
0.0093186
0.0083175
0.0084401
0.0078283
0.0072288
0.0049175
0.0045139
0.003696
0.0026659
0.0019525
0.001839
0.0020643
0.0019835
0.0012407
0.001015
0.0007386
0.00048489
0.00032812
0.00020163
0.00015231
0.00013142
9.0443e-05
8.539e-05
4.8753e-05
2.6585e-05
2.0602e-05
2.8436e-05
6.1885e-05
7.4088e-05
9.8311e-05
8.316e-05
6.7102e-05
5.9616e-05
4.8565e-05
4.2397e-05
1.3194e-05
1.2342e-05
2.4433e-05
4.2409e-05
3.266e-05
2.2555e-05
2.3867e-06
0
0
0
0
0
0
0
0
0
0
0
0
0
0
0
0
0
0
0
0
0
0
0
0
0
0
0
0
0
0
0
0
0
0
0
0
0
0
0
0
0
0
0
3.0423e-05
0.00025125
0.00083233
0.0047891
0.010395
0.016631
0.024811
0.025433
0.027687
0.028956
0.024406
0.020755
0.013415
0.0067135
0.0061576
0.0055104
0.0052544
0.0051404
0.0049375
0.0048887
0.0045841
0.0034892
0.0029069
0.0021597
0.0017751
0.0014826
0.0012891
0.0011439
0.00095405
0.00078739
0.0007451
0.00056037
0.00040845
0.00030391
0.00022929
0.00022422
0.00017296
0.00010403
6.7961e-05
2.6848e-05
9.5072e-06
4.362e-06
5.4933e-06
1.8787e-05
3.3775e-05
4.1162e-05
4.615e-05
4.3745e-05
4.3372e-05
4.5084e-05
4.0633e-05
1.1019e-05
1.4439e-05
2.2082e-05
4.1735e-05
2.4914e-05
2.2555e-05
2.3867e-06
0
0
0
0
0
0
0
0
0
0
0
0
0
0
0
0
0
0
0
0
0
0
0
0
0
0
0
0
0
0
0
0
0
0
0
0
0
0
0
0
0
0
0
0
0.00030929
0.0021164
0.0095953
0.01463
0.021066
0.020901
0.01985
0.019274
0.013769
0.01096
0.0070435
0.0041204
0.0028282
0.0024825
0.0025248
0.0025413
0.0027266
0.0027863
0.0030585
0.0034147
0.0028931
0.0024661
0.002287
0.0015534
0.0010879
0.00093269
0.0006247
0.00059884
0.00050789
0.00054875
0.00047615
0.00026118
0.00023991
0.00022367
0.00019787
0.0001639
8.7455e-05
3.3761e-05
5.5221e-06
2.5836e-06
1.7784e-06
5.4933e-06
1.061e-05
1.7352e-05
3.7969e-05
2.9163e-05
3.6034e-05
1.8594e-05
3.8694e-05
1.7898e-05
1.1019e-05
8.751e-06
1.5492e-05
2.5595e-05
2.2564e-05
1.7003e-05
2.3867e-06
0
0
0
0
0
0
0
0
0
0
0
0
0
0
0
0
0
0
0
0
0
0
0
0
0
0
0
0
0
0
0
0
0
0
0
0
0
0
0
0
0
0
0
0
1.0933e-05
0.001131
0.0058043
0.0114
0.013938
0.013598
0.013724
0.0081585
0.0069532
0.0051502
0.0029556
0.0021615
0.002033
0.0037112
0.0037843
0.0031909
0.0018408
0.0021407
0.0024634
0.0021939
0.0023846
0.0017923
0.0015521
0.00097221
0.00065548
0.00052476
0.00042079
0.00037213
0.00028331
0.0002643
0.0002539
0.00012312
0.00015635
0.0001937
0.00023725
0.0001296
7.879e-05
1.5751e-05
0
0
0
0
3.7149e-06
1.5693e-05
1.8355e-05
2.1725e-05
1.4936e-05
1.9564e-05
2.0093e-05
2.1506e-05
8.482e-06
8.751e-06
1.5492e-05
2.1098e-05
2.2564e-05
1.7003e-05
2.3867e-06
0
0
0
0
0
0
0
0
0
0
0
0
0
0
0
0
0
0
0
0
0
0
0
0
0
0
0
0
0
0
0
0
0
0
0
0
0
0
0
0
0
0
0
0
0
7.4773e-05
0.00053605
0.0014958
0.0027931
0.0040636
0.0040087
0.0037257
0.0019345
0.0013979
0.00097743
0.0012386
0.0026255
0.0036488
0.0036607
0.0031896
0.0017555
0.0014147
0.001323
0.00091191
0.00083495
0.00068336
0.00068289
0.00053265
0.00039437
0.00024341
0.00015789
7.5084e-05
4.1031e-05
3.416e-05
4.4011e-05
6.3882e-05
0.00010764
0.00018477
0.00021519
0.00017086
6.0892e-05
2.067e-05
3.3662e-06
0
0
0
0
3.1254e-06
1.1664e-05
1.3418e-05
1.3362e-05
1.5281e-05
2.0093e-05
1.8338e-05
1.3149e-05
8.751e-06
1.5492e-05
1.7878e-05
2.2564e-05
1.7003e-05
2.3867e-06
0
0
0
0
0
0
0
0
0
0
0
0
0
0
0
0
0
0
0
0
0
0
0
0
0
0
0
0
0
0
0
0
0
0
0
0
0
0
0
0
0
0
0
0
0
8.152e-05
0.00041262
0.00085218
0.0011428
0.0012485
0.0011847
0.0010812
0.00096327
0.00082513
0.00074119
0.00096318
0.0012406
0.001315
0.0010451
0.00069789
0.00073504
0.00069424
0.00057205
0.00053945
0.00044214
0.00039551
0.00034235
0.00029216
0.00018242
0.00010748
6.9595e-05
1.4319e-05
4.3927e-06
4.3927e-06
0
1.3932e-05
8.5102e-05
0.00014544
0.00016007
0.00013716
5.2621e-05
2.3314e-05
3.3662e-06
0
0
0
0
3.1254e-06
3.1254e-06
7.9276e-06
7.3156e-06
1.6754e-05
1.6754e-05
1.8338e-05
1.2033e-05
8.751e-06
1.4661e-05
1.5492e-05
2.2564e-05
1.7003e-05
2.3867e-06
0
0
0
0
0
0
0
0
0
0
0
0
0
0
0
0
0
0
0
0
0
0
0
0
0
0
0
0
0
0
0
0
0
0
0
0
0
0
0
0
0
0
0
0
0
3.111e-05
0.00041067
0.00086348
0.001718
0.0017439
0.0015455
0.001019
0.00035429
0.00045116
0.00050933
0.00083207
0.0007795
0.00066388
0.0006377
0.00056681
0.00068134
0.00068298
0.00052727
0.00040743
0.00029633
0.00028342
0.00023229
0.00014241
0.0001273
8.4625e-05
4.2848e-05
7.6711e-06
0
0
0
4.283e-06
1.1493e-05
2.8413e-05
9.4681e-05
4.0645e-05
2.2332e-05
3.3662e-06
0
0
0
0
0
3.1254e-06
3.1254e-06
3.1254e-06
0
1.3883e-05
1.4999e-05
1.3908e-05
1.2033e-05
9.0482e-06
1.4661e-05
1.4811e-05
2.0417e-05
1.4856e-05
2.3867e-06
0
0
0
0
0
0
0
0
0
0
0
0
0
0
0
0
0
0
0
0
0
0
0
0
0
0
0
0
0
0
0
0
0
0
0
0
0
0
0
0
0
0
0
0
7.2303e-06
2.7226e-05
6.2621e-05
0.00011094
0.00092184
0.0013993
0.0013816
0.0006449
0.00037821
0.00034331
0.00039842
0.00061468
0.00056833
0.0005775
0.00047472
0.00043364
0.00052346
0.00038143
0.00019486
0.00014952
0.00017436
0.00016488
0.0001718
0.00012214
8.0052e-05
2.5174e-05
9.7004e-06
0
0
0
0
0
0
0
0
0
0
0
0
0
0
5.7686e-06
8.3145e-06
5.7686e-06
3.1254e-06
0
0
6.7374e-06
9.4527e-06
1.2463e-05
1.8656e-05
5.709e-06
1.7592e-05
1.4811e-05
2.0417e-05
1.4856e-05
2.3867e-06
0
0
0
0
0
0
0
0
0
0
0
0
0
0
0
0
0
0
0
0
0
0
0
0
0
0
0
0
0
0
0
0
0
0
0
0
0
0
0
0
0
0
0
0
0.00016619
0.00066181
0.00071108
0.00076283
0.00042716
0.00030634
0.00033838
0.00030916
0.00028534
0.00023899
0.00028265
0.00029142
0.00030064
0.00026512
0.00030353
0.00030995
0.00035514
0.00027075
0.00021009
8.2908e-05
4.6325e-05
4.99e-05
4.0352e-05
2.7427e-05
1.9806e-05
1.382e-05
0
0
0
0
0
0
0
0
0
0
0
0
0
1.3272e-05
2.421e-05
3.0274e-05
1.0855e-05
8.3145e-06
0
0
0
5.9786e-06
1.4335e-05
1.6587e-05
1.7667e-05
6.6227e-06
1.7592e-05
1.398e-05
1.4563e-05
1.4856e-05
2.3867e-06
0
0
0
0
0
0
0
0
0
0
0
0
0
0
0
0
0
0
0
0
0
0
0
0
0
0
0
0
0
0
0
0
0
0
0
0
0
0
0
0
0
0
0
0
4.3006e-06
0.00055694
0.00065396
0.00067059
0.00011858
0.00015848
0.00014551
0.00015604
9.6512e-05
6.1446e-05
5.1176e-05
0.00010836
0.00012195
0.00012605
0.00011814
7.9043e-05
0.00014454
0.00013738
9.8857e-05
1.7565e-05
1.7988e-05
2.762e-05
3.7464e-05
2.924e-05
1.5937e-05
0
0
0
0
1.3307e-06
2.5478e-06
2.5478e-06
2.4776e-06
1.2604e-06
0
0
0
0
0
2.3677e-05
4.2836e-05
5.305e-05
5.1332e-05
1.3213e-05
0
0
0
0
1.3872e-05
2.2549e-05
2.0179e-05
1.1688e-05
1.4958e-05
1.398e-05
1.3733e-05
1.4856e-05
2.3867e-06
0
0
0
0
0
0
0
0
0
0
0
0
0
0
0
0
0
0
0
0
0
0
0
0
0
0
0
0
0
0
0
0
0
0
0
0
0
0
0
0
0
0
0
0
0
3.2803e-05
3.2803e-05
4.9084e-05
5.3767e-05
2.0964e-05
2.6455e-05
3.0214e-05
1.0467e-05
5.3296e-06
0
0
0
0
0
0
0
0
0
3.0846e-06
1.4668e-05
3.7464e-05
3.4363e-05
2.6382e-05
1.713e-05
3.7468e-06
0
0
2.9912e-06
4.3219e-06
6.8352e-06
8.0957e-06
5.1045e-06
1.2604e-06
1.2604e-06
0
0
0
0
2.3677e-05
4.7281e-05
5.305e-05
5.305e-05
2.9373e-05
0
0
0
4.8825e-06
1.5273e-05
2.0179e-05
1.8043e-05
1.1688e-05
1.4958e-05
1.1346e-05
1.1346e-05
1.4856e-05
2.3867e-06
0
0
0
0
0
0
0
0
0
0
0
0
0
0
0
0
0
0
0
0
0
0
0
0
0
0
0
0
0
0
0
0
0
0
0
0
0
0
0
0
0
0
0
0
0
0
3.7606e-05
9.8644e-05
0.00011044
0.000149
0.00014092
3.3496e-05
1.8164e-05
2.8917e-05
0.00010586
9.4604e-05
8.4467e-05
0
0
0
3.3969e-06
3.3969e-06
3.3969e-06
0
0
0
3.7468e-06
3.7468e-06
6.2533e-06
6.2533e-06
2.5065e-06
0
0
2.9912e-06
6.8352e-06
8.0957e-06
5.9837e-06
4.7665e-06
4.1068e-06
1.8969e-06
0
0
0
2.3677e-05
4.4735e-05
4.7281e-05
2.884e-05
2.7122e-05
0
0
0
8.6544e-06
1.1665e-05
2.1815e-05
1.6571e-05
1.3818e-05
5.709e-06
1.1346e-05
1.1346e-05
1.4856e-05
2.3867e-06
0
0
0
0
0
0
0
0
0
0
0
0
0
0
0
0
0
0
0
0
0
0
0
0
0
0
0
0
0
0
0
0
0
0
0
0
0
0
0
0
0
0
0
0
0
0
4.858e-06
5.4365e-05
0.00011986
0.00013976
0.00013024
8.2637e-05
3.6777e-05
8.7854e-05
0.00011899
0.00011175
8.903e-05
0
0
1.1299e-05
1.7733e-05
2.1009e-05
2.1009e-05
6.5712e-06
0
0
0
1.7088e-06
1.094e-05
1.2201e-05
1.2201e-05
5.4757e-06
0
0
1.2962e-06
1.2962e-06
5.5046e-06
8.1396e-06
8.1396e-06
5.9297e-06
3.9312e-06
0
0
0
1.7877e-05
2.2776e-05
2.1058e-05
1.0214e-05
0
0
0
8.6544e-06
1.6731e-05
2.0343e-05
1.87e-05
1.3818e-05
7.8386e-06
1.1346e-05
1.1346e-05
1.1636e-05
2.3867e-06
0
0
0
0
0
0
0
0
0
0
0
0
0
0
0
0
0
0
0
0
0
0
0
0
0
0
0
0
0
0
0
0
0
0
0
0
0
0
0
0
0
0
0
0
0
2.0893e-05
3.3345e-05
5.6417e-05
6.5858e-05
4.6567e-05
1.9788e-05
4.8621e-05
4.8621e-05
3.9334e-05
1.3123e-05
4.5633e-06
0
0
0
0
1.104e-05
1.7612e-05
9.7098e-06
3.2759e-06
3.2759e-06
0
0
0
6.7249e-06
1.2201e-05
9.6941e-06
2.9693e-06
2.9693e-06
0
0
0
4.2084e-06
8.1396e-06
8.1396e-06
5.9297e-06
3.9312e-06
0
0
0
0
7.8561e-06
7.8561e-06
0
0
0
0
8.6544e-06
1.6731e-05
2.0343e-05
2.2472e-05
1.3818e-05
5.7416e-06
1.1346e-05
1.1346e-05
1.1636e-05
2.3867e-06
0
0
0
0
0
0
0
0
0
0
0
0
0
0
0
0
0
0
0
0
0
0
0
0
0
0
0
0
0
0
0
0
0
0
0
0
0
0
0
0
0
0
0
0
0
1.2853e-05
3.3345e-05
5.234e-05
3.9486e-05
2.2856e-05
0.00018071
0.00020084
0.00020084
0.00018712
0
0
0
0
0
0
0
0
0
0
0
0
0
0
1.6191e-06
0
0
0
0
0
0
0
0
1.9985e-06
4.0328e-06
2.0343e-06
0
0
0
0
0
0
0
0
0
0
0
8.6544e-06
1.372e-05
2.0343e-05
2.2472e-05
1.3818e-05
5.7416e-06
1.1346e-05
1.1346e-05
9.2495e-06
2.3867e-06
0
0
0
0
0
0
0
0
0
0
0
0
0
0
0
0
0
0
0
0
0
0
0
0
0
0
0
0
0
0
0
0
0
0
0
0
0
0
0
0
0
0
0
0
0
0
0
0
0
0
9.099e-06
0.00016739
0.00010685
4.4322e-06
0
0
0
0
0
0
0
0
0
8.4876e-06
8.4876e-06
8.4876e-06
7.5313e-06
3.6772e-06
3.6772e-06
3.6772e-06
1.6191e-06
0
0
0
0
0
0
0
0
0
0
0
0
0
0
0
0
0
0
0
0
3.7719e-06
1.372e-05
1.886e-05
1.759e-05
1.3818e-05
5.7416e-06
9.2495e-06
9.2495e-06
9.2495e-06
2.3867e-06
0
0
0
0
0
0
0
0
0
0
0
0
0
0
0
0
0
0
0
0
0
0
0
0
0
0
0
0
0
0
0
0
0
0
0
0
0
0
0
0
0
0
0
0
0
0
0
0
0
4.6668e-06
4.6668e-06
4.6668e-06
4.6668e-06
0
0
0
0
0
0
0
0
0
3.0144e-06
8.4876e-06
8.4876e-06
8.4876e-06
5.4732e-06
3.6772e-06
3.6772e-06
5.8118e-06
2.1346e-06
2.1346e-06
8.45e-06
3.8986e-06
4.0598e-06
1.885e-06
1.885e-06
0
0
0
0
0
0
0
0
0
7.1751e-06
7.1751e-06
0
0
0
3.7719e-06
3.7719e-06
1.585e-05
1.3818e-05
1.0807e-05
5.7416e-06
0
9.2495e-06
9.2495e-06
2.3867e-06
0
0
0
0
0
0
0
0
0
0
0
0
0
0
0
0
0
0
0
0
0
0
0
0
0
0
0
0
0
0
0
0
0
0
0
0
0
0
0
0
0
0
0
0
0
0
0
0
1.9581e-05
1.9581e-05
2.1085e-05
2.6158e-05
4.7627e-05
3.2477e-05
2.6542e-05
5.324e-06
0
0
0
0
6.8302e-06
6.8302e-06
6.8302e-06
6.8302e-06
0
0
0
0
0
0
4.959e-06
1.1805e-05
1.8596e-05
2.2402e-05
1.9578e-05
6.0658e-06
3.8911e-06
0
0
0
0
0
0
0
0
1.0274e-05
1.0274e-05
7.1751e-06
7.1751e-06
0
0
3.7719e-06
4.6831e-06
1.1878e-05
1.0807e-05
1.0807e-05
5.7416e-06
0
9.2495e-06
9.2495e-06
2.3867e-06
0
0
0
0
0
0
0
0
0
0
0
0
0
0
0
0
0
0
0
0
0
0
0
0
0
0
0
0
0
0
0
0
0
0
0
0
0
0
0
0
0
0
0
0
0
0
0
2.9546e-05
8.4757e-05
9.5123e-05
0.00013608
0.00012558
0.00012631
8.7133e-05
7.5754e-05
1.5718e-05
0
0
0
0
6.8302e-06
6.8302e-06
6.8302e-06
6.8302e-06
0
0
0
0
0
0
0
9.2244e-06
1.6336e-05
2.0517e-05
1.8594e-05
1.3418e-05
4.8975e-06
0
0
0
0
0
0
0
0.00024251
0.00024969
0.00024969
1.0274e-05
7.1751e-06
0
0
9.1116e-07
4.6831e-06
3.0407e-06
7.1952e-06
2.1296e-06
2.1296e-06
0
9.2495e-06
9.2495e-06
2.3867e-06
0
0
0
0
0
0
0
0
0
0
0
0
0
0
0
0
0
0
0
0
0
0
0
0
0
0
0
0
0
0
0
0
0
0
0
0
0
0
0
0
0
0
0
0
0
0
0
2.3538e-05
9.6981e-05
0.00019445
0.0002054
0.00014375
0.00012166
9.3825e-05
6.4056e-05
1.5718e-05
0
0
0
0
0
0
0
0
0
0
0
0
0
0
0
0
0
1.3108e-05
1.7748e-05
1.6151e-05
1.308e-05
0
0
0
0
0
0
0
0.00024251
0.00024969
0.00024969
0.00024969
7.1751e-06
0
3.1103e-06
5.524e-06
2.4137e-06
3.0407e-06
2.1296e-06
2.1296e-06
2.1296e-06
0
0
9.2495e-06
2.3867e-06
0
0
0
0
0
0
0
0
0
0
0
0
0
0
0
0
0
0
0
0
0
0
0
0
0
0
0
0
0
0
0
0
0
0
0
0
0
0
0
0
0
0
0
0
0
0
4.1588e-05
0.00013275
0.0002228
0.00030065
0.00025564
0.00019604
9.7529e-05
6.5725e-05
1.4005e-05
9.4364e-06
0
0
0
0
0
0
0
0
0
0
0
0
0
0
0
9.7825e-07
3.6829e-06
1.5594e-05
2.1572e-05
2.0508e-05
1.1161e-05
4.932e-06
0
0
0
0
0
0
0.00024143
0.00024251
0.00024969
0.00024969
7.1751e-06
3.1103e-06
4.6128e-06
5.524e-06
5.524e-06
2.4137e-06
3.0407e-06
2.1296e-06
2.1296e-06
0
0
0
2.3867e-06
0
0
0
0
0
0
0
0
0
0
0
0
0
0
0
0
0
0
0
0
0
0
0
0
0
0
0
0
0
0
0
0
0
0
0
0
0
0
0
0
0
0
0
0
2.9706e-05
4.9314e-05
0.00010153
0.00016108
0.00016224
0.00019137
0.00012623
8.5061e-05
7.6162e-05
5.7244e-05
3.2401e-05
1.9789e-05
0
0
0
0
0
0
0
0
2.5704e-06
5.6532e-06
1.5606e-05
2.5277e-05
2.9079e-05
1.6043e-05
4.8837e-06
2.07e-06
4.8712e-06
1.1234e-05
1.2299e-05
1.236e-05
4.932e-06
2.8909e-06
0
0
0
0
0
0
0.00023942
0.00024251
0.00024251
0
0
9.5831e-06
1.1086e-05
1.1997e-05
5.524e-06
2.4137e-06
3.0407e-06
2.1296e-06
2.1296e-06
0
0
0
2.3867e-06
0
0
0
0
0
0
0
0
0
0
0
0
0
0
0
0
0
0
0
0
0
0
0
0
0
0
0
0
0
0
0
0
0
0
0
0
0
0
0
0
0
0
0
0
1.5494e-05
3.92e-05
5.4485e-05
5.0015e-05
2.9876e-05
1.6195e-05
1.7281e-05
7.1864e-06
7.1864e-06
7.5714e-06
7.5714e-06
0
0
0
0
0
0
0
0
0
0
9.4978e-06
2.1269e-05
4.1929e-05
4.1929e-05
2.8894e-05
1.4824e-05
8.6475e-07
3.8929e-06
3.8929e-06
3.8929e-06
0
0
0
0
0
0
0
0
0
0
0
0
0
0
1.1943e-05
1.1086e-05
1.9383e-05
1.291e-05
2.4137e-06
3.0407e-06
2.9586e-06
2.1296e-06
0
0
0
2.3867e-06
0
0
0
0
0
0
0
0
0
0
0
0
0
0
0
0
0
0
0
0
0
0
0
0
0
0
0
0
0
0
0
0
0
0
0
0
0
0
0
0
0
0
0
7.3896e-06
4.3041e-05
6.8821e-05
6.8821e-05
4.4303e-05
0
0
0
0
0
0
0
0
0
0
0
0
0
0
0
0
0
0
2.9868e-06
2.0676e-05
4.2173e-05
4.4008e-05
2.982e-05
0
8.6475e-07
8.6475e-07
0
0
0
0
0
0
0
0
0
0
0
0
0
0
8.8331e-06
1.1943e-05
2.0832e-05
1.9383e-05
1.291e-05
2.4137e-06
8.2901e-07
2.9586e-06
0
0
0
0
2.3867e-06
0
0
0
0
0
0
0
0
0
0
0
0
0
0
0
0
0
0
0
0
0
0
0
0
0
0
0
0
0
0
0
0
0
0
0
0
0
0
0
0
0
0
0
7.3896e-06
4.8125e-05
6.8821e-05
6.1431e-05
3.9905e-05
1.6298e-05
0
0
0
0
0
0
0
0
0
0
0
0
0
0
0
0
0
3.9726e-06
2.3694e-05
5.3699e-05
5.3699e-05
4.9726e-05
2.4228e-05
0
0
0
0
0
0
0
0
0
0
0
0
0
0
0
0
8.8331e-06
1.1943e-05
2.0832e-05
1.9669e-05
1.4108e-05
9.7995e-06
8.2901e-07
8.2901e-07
8.2901e-07
0
0
0
2.3867e-06
0
0
0
0
0
0
0
0
0
0
0
0
0
0
0
0
0
0
0
0
0
0
0
0
0
0
0
0
0
0
0
0
0
0
0
0
0
0
0
0
0
0
0
0
0
0
0
0
0
0
0
0
0
0
0
0
0
0
0
0
0
0
0
0
0
0
0
1.1874e-05
3.7946e-05
3.7157e-05
3.3401e-05
4.9759e-06
0
0
0
0
0
0
0
0
0
0
0
0
0
0
0
2.3603e-06
4.8775e-06
1.4242e-05
2.5919e-05
2.2578e-05
1.1267e-05
1.0171e-05
2.7855e-06
8.2901e-07
8.2901e-07
0
0
0
2.3867e-06
0
0
0
0
0
0
0
0
0
0
0
0
0
0
0
0
0
0
0
0
0
0
0
0
0
0
0
0
0
0
0
0
0
0
0
0
0
0
0
0
0
0
0
0
0
0
0
0
0
0
0
0
0
0
0
0
0
0
0
0
0
0
0
0
0
0
0
0
0
0
0
0
0
0
0
0
0
0
0
0
0
0
0
0
0
0
0
0
7.769e-06
1.5423e-05
2.5188e-05
1.9147e-05
9.765e-06
1.1369e-05
2.7855e-06
8.2901e-07
8.2901e-07
0
0
0
2.3867e-06
0
0
0
0
0
0
0
0
0
0
0
0
0
0
0
0
0
0
0
0
0
0
0
0
0
0
0
0
0
0
0
0
0
0
0
0
0
0
0
0
0
0
0
0
0
0
0
0
0
0
0
0
0
0
0
0
0
0
0
0
0
0
0
0
0
0
0
0
0
0
0
0
0
0
0
0
0
0
0
0
0
0
0
0
0
0
0
0
7.769e-06
1.0132e-05
1.8715e-05
1.6355e-05
1.4976e-05
5.0004e-06
2.7855e-06
2.7855e-06
8.2901e-07
0
0
0
2.3867e-06
0
0
0
0
0
0
0
0
0
0
0
0
0
0
0
0
0
0
0
0
0
0
0
0
0
0
0
0
0
0
0
0
0
0
0
0
0
0
0
0
0
0
0
0
0
0
0
0
0
0
0
0
0
0
0
0
0
0
0
0
0
0
0
0
0
0
0
0
0
0
0
0
0
0
0
0
0
0
0
0
0
0
0
0
0
0
0
0
5.4086e-06
7.7715e-06
1.0987e-05
1.5911e-05
1.4976e-05
6.0564e-06
3.8026e-06
2.7855e-06
8.2901e-07
0
0
0
2.3867e-06
0
0
0
0
0
0
0
0
0
0
0
0
0
0
0
0
0
0
0
0
0
0
0
0
0
0
0
0
0
0
0
0
0
0
0
0
0
0
0
0
0
0
0
0
0
0
0
0
0
0
0
0
0
0
0
0
0
0
0
0
0
0
0
0
0
0
0
0
0
0
0
0
0
0
0
0
0
0
0
0
0
0
0
0
0
0
0
0
3.681e-06
7.7715e-06
1.0025e-05
7.3614e-06
7.5902e-06
6.0564e-06
3.8026e-06
2.7855e-06
8.2901e-07
0
0
0
2.3867e-06
0
0
0
0
0
0
0
0
0
0
0
0
0
0
0
0
0
0
0
0
0
0
0
0
0
0
0
0
0
0
0
0
0
0
0
0
0
0
0
0
0
0
0
0
0
0
0
0
0
0
0
0
0
0
0
0
0
0
0
0
0
0
0
0
0
0
0
0
0
0
0
0
0
0
0
0
0
2.1139e-06
2.1139e-06
2.1139e-06
0
2.3089e-06
2.3089e-06
2.3089e-06
0
0
0
0
0
6.59e-06
1.0025e-05
5.6337e-06
7.5902e-06
6.0564e-06
3.8026e-06
2.7855e-06
8.2901e-07
0
0
0
2.3867e-06
0
0
0
0
0
0
0
0
0
0
0
0
0
0
0
0
0
0
0
0
0
0
0
0
0
0
0
0
0
0
0
0
0
0
0
0
0
0
0
0
0
0
0
0
0
0
0
0
0
0
0
0
0
0
0
0
0
0
0
0
0
0
0
0
0
0
0
0
0
0
0
0
0
0
0
5.1879e-06
7.3018e-06
8.3515e-06
8.3515e-06
2.1139e-06
0
2.3089e-06
2.3089e-06
2.3089e-06
2.3089e-06
0
0
0
0
1.1814e-06
2.2374e-06
5.6337e-06
6.4088e-06
4.8587e-06
3.8026e-06
2.7855e-06
8.2901e-07
0
0
0
2.3867e-06
0
0
0
0
0
0
0
0
0
0
0
0
0
0
0
0
0
0
0
0
0
0
0
0
0
0
0
0
0
0
0
0
0
0
0
0
0
0
0
0
0
0
0
0
0
0
0
0
0
0
0
0
0
0
0
0
0
0
0
0
0
0
0
0
0
0
0
0
0
0
0
0
0
0
0
5.1879e-06
6.2376e-06
8.3515e-06
8.3515e-06
8.8237e-06
5.6601e-06
7.969e-06
7.969e-06
2.3089e-06
0
0
0
0
0
0
2.2374e-06
3.2546e-06
4.0297e-06
4.0297e-06
3.8026e-06
2.7855e-06
8.2901e-07
0
0
0
2.3867e-06
