0
0
0
0
0
0
0
0
0
0
0
0
0
0
0
0
0
0
0
4.0478e-05
0.00014077
0.00014077
0.00014077
0
1.7036e-05
3.4156e-05
5.1585e-05
3.4465e-05
1.7429e-05
0.00015993
0.00021088
0.00024627
0.00024627
0.00014209
0.00015846
0.00016518
0.00012395
5.1827e-05
3.4315e-05
0
0
0
0
0
0
0
0
0
0
0
0
0
0
0
0
0
0
0
0
0
0
0
0
0
0
0
0
0
0
0
0
0
0
0
0
0
0
0
0
0
0
0
0
0
0
0
0
0
0
0
0
0
0
0
0
0
0
0
0
0
0
0
0
0
0
0
0
0
0
0
0
0
0
0
0
0
0
0
0
0
1.0233e-05
8.0618e-05
8.0618e-05
8.1639e-05
2.1937e-05
3.7543e-05
8.6079e-05
0.0001409
0.00012564
6.3787e-05
5.851e-05
9.6847e-05
0.00012261
7.7992e-05
0.00012349
0.00015358
0.0001697
0.0001581
4.9632e-05
2.5295e-05
6.6271e-05
7.3735e-05
4.8382e-05
1.5079e-05
0
0
0
0
0
0
6.6271e-05
7.3735e-05
4.8382e-05
1.5079e-05
0
0
0
0
0
0
0
0
0
0
0
0
0
0
0
0
0
7.7653e-06
0
0
0
0
0
0
0
0
0
0
0
0
0
0
0
0
0
0
0
0
0
0
0
0
0
0
0
0
0
0
0
0
0
0
0
0
0
0
0
0
0
0
0
0
0
0
0
0
0
0
2.9117e-05
5.8426e-05
0.00011979
0.00014964
0.00020837
0.00025764
0.00021894
0.0002101
0.00017701
0.000129
0.00012895
0.00010104
7.6156e-05
7.2263e-05
0.00010472
0.0001296
0.00010728
4.7884e-05
8.8476e-05
0.00015263
0.0002172
0.00021885
0.00017755
7.5479e-05
2.5211e-05
2.5211e-05
0
0
0
0.00015263
0.0002172
0.00021885
0.00017755
7.5479e-05
2.5211e-05
2.5211e-05
0
0
0
0
0
0
0
0
0
0
0
0
3.2462e-05
4.7617e-05
4.7617e-05
3.9107e-05
7.7653e-06
0
0
0
0
0
0
0
0
0
0
0
0
0
0
0
0
0
0
0
0
0
0
0
0
0
0
0
0
0
0
0
0
0
0
0
0
0
0
0
0
0
0
0
0
0
0
0
4.3937e-05
6.7747e-05
0.00015273
0.00026933
0.00030003
0.000338
0.00031734
0.0003035
0.00020973
0.00016955
0.00024547
0.00024035
0.00022754
0.00018348
0.0001101
0.0001093
0.00021404
0.00026648
0.00023993
0.00025024
0.00024376
0.00032706
0.00031132
0.00021791
0.0001571
9.6446e-05
5.1689e-05
2.0323e-05
2.0323e-05
1.3866e-05
0.00024376
0.00032706
0.00031132
0.00021791
0.0001571
9.6446e-05
5.1689e-05
2.0323e-05
2.0323e-05
1.3866e-05
6.9625e-06
0
0
0
0
0
0
0
0
3.9851e-05
4.7617e-05
4.7617e-05
3.9107e-05
0
0
0
0
0
0
0
0
0
0
0
0
0
0
0
0
0
0
0
0
0
0
0
0
0
0
0
0
0
0
0
0
0
0
0
0
0
0
0
0
0
0
0
0
0
0
0
1.0233e-05
4.7516e-05
0.00014077
0.00018937
0.00030419
0.00038286
0.00035877
0.00035099
0.00023147
0.0001665
0.00024681
0.00024431
0.0003135
0.00028831
0.00025723
0.00025999
0.00020969
0.00026485
0.0002226
0.00022494
0.00023513
0.00021026
0.00026055
0.00024821
0.00018764
0.00012914
4.4263e-05
2.9297e-05
5.7163e-06
1.3866e-05
8.3006e-06
0.00021026
0.00026055
0.00024821
0.00018764
0.00012914
4.4263e-05
2.9297e-05
5.7163e-06
1.3866e-05
8.3006e-06
8.3006e-06
1.5911e-05
2.1628e-05
5.7163e-06
0
0
0
0
0
0
0
7.389e-06
0
0
0
0
0
0
0
0
0
0
0
0
0
0
0
0
0
0
0
0
0
0
0
0
0
0
0
0
0
0
0
0
0
0
0
0
0
0
0
0
0
0
0
0
0
7.4475e-06
4.5467e-05
9.1649e-05
9.7006e-05
0.00010321
0.0001455
0.00020898
0.0002939
0.00036497
0.00032262
0.00025461
0.00020814
0.00012729
0.00020212
0.00024408
0.00025708
0.00035068
0.00034027
0.00031319
0.00025472
0.0001986
0.00016823
0.0001927
0.00025217
0.00026109
0.00027335
0.00027234
0.00022909
0.00015725
0.00010406
2.1858e-05
1.1282e-05
5.7163e-06
8.3006e-06
0.00026109
0.00027335
0.00027234
0.00022909
0.00015725
0.00010406
2.1858e-05
1.1282e-05
5.7163e-06
8.3006e-06
1.5911e-05
4.1616e-05
9.5137e-05
8.6836e-05
7.6687e-05
3.1325e-05
2.0298e-05
5.478e-06
0
0
0
0
0
0
0
0
6.7576e-06
0
0
0
0
0
0
0
0
0
0
0
0
0
0
0
0
0
0
0
0
0
0
0
0
0
0
0
0
0
0
0
0
0
0
0
0
0
0
0
0
3.8998e-05
0.00010672
0.00019115
0.00017933
0.00015864
0.00013684
0.00019897
0.00026859
0.00029408
0.0003527
0.00025909
0.00020071
0.00024678
0.00022166
0.00025239
0.00037591
0.00040227
0.00042382
0.00042333
0.00025519
0.00022983
0.0002976
0.00032828
0.0003592
0.00031925
0.00020266
0.00020418
0.00014855
0.00020981
0.00016786
0.00010915
6.4423e-05
2.6813e-05
2.3618e-05
0.00031925
0.00020266
0.00020418
0.00014855
0.00020981
0.00016786
0.00010915
6.4423e-05
2.6813e-05
2.3618e-05
5.8355e-05
8.9027e-05
0.00015055
0.00014263
0.0001842
0.0001465
0.00010357
7.7231e-05
2.3405e-05
1.7927e-05
0
0
6.6823e-06
6.6823e-06
2.0239e-05
1.3557e-05
2.0147e-05
2.0582e-05
0
0
0
0
0
0
0
0
0
0
0
0
0
0
0
0
0
0
0
0
0
0
0
0
0
0
0
0
0
0
0
0
0
0
0
0
2.0285e-05
3.7108e-05
5.682e-05
0.00011932
0.00022081
0.00027753
0.00025028
0.0002025
0.00020061
0.00022926
0.00027642
0.00028134
0.00030863
0.00025063
0.00034702
0.00024489
0.00036952
0.0003631
0.00032546
0.00038823
0.00038887
0.00031966
0.00026435
0.00022836
0.00026284
0.00028546
0.00028316
0.00024889
0.00019289
0.0001751
0.00014709
0.00017494
0.00019729
0.00020833
0.0001081
5.3061e-05
4.8633e-05
0.00024889
0.00019289
0.0001751
0.00014709
0.00017494
0.00019729
0.00020833
0.0001081
5.3061e-05
4.8633e-05
6.1767e-05
7.7407e-05
9.3243e-05
0.00012572
0.00017246
0.0001625
0.00019052
0.00017052
0.00012187
5.1497e-05
3.0488e-05
4.4418e-05
4.0194e-05
4.0182e-05
1.3482e-05
2.6633e-05
4.4727e-05
4.4083e-05
5.2149e-05
3.2169e-05
2.131e-05
0
0
0
0
0
0
0
0
0
0
0
0
0
0
0
0
0
0
0
0
0
0
0
0
0
0
0
0
0
0
0
0
7.2677e-06
4.9239e-05
9.0642e-05
0.00015474
0.00025377
0.00028509
0.00038188
0.00028807
0.00029731
0.00025503
0.00027266
0.00026668
0.00025338
0.00022049
0.00019828
0.00026665
0.00024991
0.00025503
0.00021145
0.00016146
0.00021898
0.00026327
0.00023652
0.0002243
0.00027078
0.00028748
0.00026804
0.00029797
0.00026015
0.00026701
0.00026739
0.00013212
0.00013325
0.00017003
0.00018664
0.00015815
9.2565e-05
3.5644e-05
0.00026015
0.00026701
0.00026739
0.00013212
0.00013325
0.00017003
0.00018664
0.00015815
9.2565e-05
3.5644e-05
9.0395e-05
0.00013143
0.0002245
0.00020727
0.00014096
0.00012049
0.00014047
0.00019205
0.000172
0.0001579
9.4606e-05
7.4057e-05
6.893e-05
5.3462e-05
2.1485e-05
3.5795e-05
5.4566e-05
8.4695e-05
9.7993e-05
9.0759e-05
4.7683e-05
2.6374e-05
0
0
0
0
0
0
0
0
0
0
0
0
0
0
0
0
0
0
0
0
0
0
0
0
0
0
0
0
0
0
0
1.9399e-05
6.3695e-05
0.00011488
0.0001771
0.00023488
0.00034168
0.00030601
0.00028551
0.0002253
0.00024419
0.00026564
0.00024234
0.00022147
0.00019676
0.0002343
0.00018989
0.00014908
0.0001521
0.00017445
0.00020341
0.00025055
0.00027734
0.00033128
0.00034198
0.00034815
0.00037914
0.00030878
0.00029082
0.00038869
0.00063557
0.00059891
0.00061321
0.0004684
0.0001631
0.00017513
0.00018153
0.00011994
8.6531e-05
0.00038869
0.00063557
0.00059891
0.00061321
0.0004684
0.0001631
0.00017513
0.00018153
0.00011994
8.6531e-05
0.00018167
0.00021485
0.00026042
0.00023723
0.00013675
9.0679e-05
0.00010835
0.00019332
0.00022829
0.00022194
0.0002027
0.00011119
8.8225e-05
3.1956e-05
1.592e-05
1.0442e-05
3.2563e-05
3.2215e-05
7.9899e-05
7.3744e-05
5.7778e-05
2.6374e-05
0
0
0
0
0
0
0
0
0
0
0
0
0
0
0
0
0
0
0
0
0
0
0
0
0
0
0
0
0
0
0
1.2131e-05
3.2805e-05
0.00011179
0.00014251
0.00016847
0.00024061
0.00030953
0.00032656
0.00025073
0.00014909
0.00019126
0.00019179
0.00023242
0.00026715
0.00017753
0.00014232
0.00013894
8.5824e-05
0.00015628
0.00019135
0.00022072
0.00021095
0.00026255
0.00029419
0.00032786
0.00034267
0.00028352
0.00030527
0.00022894
0.00029493
0.0005021
0.00030822
0.00017093
0.00017614
0.00016124
0.00011421
9.7608e-05
0.00011094
0.00022894
0.00029493
0.0005021
0.00030822
0.00017093
0.00017614
0.00016124
0.00011421
9.7608e-05
0.00011094
0.00011801
0.00013869
0.000142
0.00013753
0.00011106
9.9398e-05
0.00018094
0.00022304
0.00024992
0.00026084
0.00018441
0.00012644
4.8315e-05
3.9395e-05
4.5082e-05
1.1483e-05
1.1483e-05
2.606e-05
2.606e-05
5.2434e-05
2.6374e-05
0
0
0
0
0
0
0
0
0
0
0
0
0
0
0
0
0
0
0
0
0
0
0
0
0
0
0
0
0
0
0
0
0
3.3633e-05
5.9551e-05
0.00010675
0.0002015
0.00026996
0.00026379
0.00030519
0.00025371
0.00014951
0.00022496
0.0002089
0.00025432
0.00028212
0.00021957
0.00016104
0.00015376
0.00014451
0.00014327
0.00015892
0.00022039
0.0002047
0.00017208
0.00017172
0.00024957
0.00025718
0.00026827
0.00024794
0.00028709
0.00029748
0.0002828
0.00031614
0.00022082
0.0002067
0.00017521
8.0397e-05
5.8564e-05
0.00010306
0.00028709
0.00029748
0.0002828
0.00031614
0.00022082
0.0002067
0.00017521
8.0397e-05
5.8564e-05
0.00010306
0.0001094
0.00014998
0.00016137
0.00012254
0.00012646
0.00015993
0.00018902
0.00018494
0.00021551
0.00018973
0.00019413
0.00013034
8.9111e-05
0.00010161
0.00010781
8.5862e-05
4.0428e-05
1.1868e-05
0
0
0
0
0
0
0
0
0
0
0
0
0
0
0
0
0
0
0
0
0
0
0
0
0
0
0
0
0
0
0
0
0
0
0
1.1617e-05
2.8979e-05
0.00011242
0.00014223
0.00019165
0.00019208
0.00023732
0.00024678
0.00020194
0.00016758
0.00015153
0.00013998
0.00018175
0.00023978
0.00020378
0.00020329
0.00023495
0.00019965
0.00017616
0.00017176
0.00014126
0.00014561
0.00014827
0.00018053
0.00017165
0.00021303
0.00019856
0.00020415
0.00020132
0.00020655
0.0002513
0.00027021
0.00021432
0.00014866
8.5398e-05
6.7835e-05
6.408e-05
7.1389e-05
0.00020132
0.00020655
0.0002513
0.00027021
0.00021432
0.00014866
8.5398e-05
6.7835e-05
6.408e-05
7.1389e-05
0.00013362
0.00014536
0.00013911
0.00014428
0.00013909
0.00014679
0.0001914
0.00018391
0.00021783
0.0012755
0.0012362
0.0011975
0.0011695
0.00013809
0.00018764
0.00014798
9.8624e-05
2.4341e-05
1.6145e-05
1.0655e-05
5.4027e-06
0
0
0
0
0
0
0
0
0
0
0
0
0
0
0
0
0
0
0
0
0
0
0
0
0
0
0
0
0
0
0
5.6285e-06
1.8127e-05
6.9236e-05
0.00011091
0.00012847
0.0001791
0.00022733
0.00019807
0.00021124
0.00022615
0.00021373
0.00014235
9.1649e-05
9.1716e-05
0.00017305
0.00024849
0.0002668
0.00025273
0.0002211
0.0002
0.00017785
0.00017295
0.00017719
0.00022634
0.00025734
0.00022114
0.00017599
0.00019407
0.00019134
0.00021991
0.00025975
0.0002248
0.00020819
0.00017548
0.00014799
8.2872e-05
7.5445e-05
9.1361e-05
8.3692e-05
0.00021991
0.00025975
0.0002248
0.00020819
0.00017548
0.00014799
8.2872e-05
7.5445e-05
9.1361e-05
8.3692e-05
9.3836e-05
0.00011017
0.00010823
0.00010431
0.00011804
0.00019863
0.00022315
0.00022613
0.00029287
0.0012473
0.0012755
0.0012196
0.00051603
0.00012994
0.00012293
0.00012378
0.00010559
5.3228e-05
1.6145e-05
1.6145e-05
1.6145e-05
6.8872e-06
1.7166e-05
1.3707e-05
7.1005e-06
0
0
0
0
0
0
0
0
0
0
0
0
0
0
0
0
0
0
0
0
0
0
0
0
0
0
0
1.2139e-05
2.7064e-05
5.787e-05
8.7489e-05
0.0001256
0.0001864
0.00016259
0.00018537
0.002027
0.00341
0.0033752
0.0025881
0.00017592
8.771e-05
0.00016589
0.00023002
0.00031833
0.00029977
0.00022276
0.00025041
0.00018844
0.00022566
0.00020977
0.00021961
0.0002544
0.00020714
0.00015012
9.1365e-05
0.00011918
0.00020082
0.00020483
0.00017589
0.00017071
0.00014175
0.00011566
5.516e-05
4.42e-05
4.8921e-05
8.3667e-05
0.00020082
0.00020483
0.00017589
0.00017071
0.00014175
0.00011566
5.516e-05
4.42e-05
4.8921e-05
8.3667e-05
9.3351e-05
8.1463e-05
0.0005093
0.00048115
0.00052054
0.00047817
0.00026569
0.00028137
0.00019436
0.00021726
0.00022965
0.00017187
0.00014953
6.9813e-05
7.5337e-05
7.836e-05
6.4958e-05
2.6211e-05
1.6145e-05
1.6145e-05
4.6542e-05
3.6552e-05
4.9983e-05
4.356e-05
2.0239e-05
1.3707e-05
0
0
0
0
0
0
0
0
0
0
0
0
0
0
0
0
0
0
0
0
0
0
0
0
0
0
0
2.1435e-05
4.0972e-05
6.2052e-05
7.9543e-05
0.00010738
0.00016768
0.00018939
0.0031064
0.0037035
0.0037251
0.0036746
0.00022012
0.00011232
0.00011709
0.00016752
0.00022382
0.00018199
0.00018424
0.00019619
0.00016231
0.0001987
0.00021117
0.00026721
0.00027838
0.00023829
0.00016191
0.00013262
0.00012076
0.00012018
0.00022941
0.000243
0.00021055
0.00022579
0.00010948
6.9119e-05
4.3506e-05
2.7908e-05
5.0698e-05
0.00012018
0.00022941
0.000243
0.00021055
0.00022579
0.00010948
6.9119e-05
4.3506e-05
2.7908e-05
5.0698e-05
9.3092e-05
9.9168e-05
0.00051868
0.00054958
0.00058353
0.00029983
0.00027429
0.00022111
0.00019197
0.00013083
0.00014849
0.0001362
0.00012869
0.00011086
9.4112e-05
9.8453e-05
5.0774e-05
1.078e-05
0
2.7908e-05
6.7333e-05
7.3488e-05
7.9753e-05
5.7109e-05
2.6395e-05
2.0239e-05
0
0
0
0
0
0
0
0
0
0
0
0
0
0
0
0
0
0
0
0
0
0
0
0
0
0
0
0
1.6099e-05
2.6211e-05
5.0038e-05
6.6639e-05
8.2667e-05
0.00010232
0.00018267
0.0016436
0.0016471
0.00045332
0.00043173
8.0986e-05
0.00010479
0.0001397
0.0001708
0.00016986
0.00013838
0.0001763
0.00018225
0.00023811
0.00026846
0.00040745
0.00041022
0.00038771
0.0002825
0.00019328
0.00015574
0.00012494
0.00014186
0.00021835
0.0001371
0.00011428
7.9732e-05
3.9099e-05
2.8611e-05
3.2048e-05
5.1698e-05
0.00012494
0.00014186
0.00021835
0.0001371
0.00011428
7.9732e-05
3.9099e-05
2.8611e-05
3.2048e-05
5.1698e-05
6.3013e-05
6.0195e-05
3.8045e-05
7.1653e-05
0.00013291
0.00018168
0.00020102
0.00018601
0.00011515
0.00012231
0.00011872
0.00013269
0.00011109
0.00012491
0.00010915
8.6109e-05
4.7466e-05
3.1132e-05
2.6696e-05
0.00010779
0.0001052
0.00014268
0.00014948
4.3799e-05
3.352e-05
7.1005e-06
0
0
0
0
0
0
0
0
0
0
0
0
0
0
0
0
0
0
0
0
0
0
0
0
0.00030327
0.00031528
0.00019004
4.8904e-05
2.8297e-05
4.1541e-05
4.6429e-05
3.8873e-05
3.4582e-05
2.5345e-05
2.5224e-05
5.1505e-05
9.6161e-05
7.5161e-05
9.5543e-05
9.3736e-05
0.00012307
0.00027732
0.00037443
0.00044776
0.00054735
0.00061492
0.00056688
0.0004571
0.00034827
0.00040715
0.00053951
0.00052473
0.00043534
0.00028904
0.00020078
0.00014834
0.00011809
9.5747e-05
7.7716e-05
5.8719e-05
4.4505e-05
5.133e-05
6.0458e-05
6.842e-05
6.6171e-05
0.00014834
0.00011809
9.5747e-05
7.7716e-05
5.8719e-05
4.4505e-05
5.133e-05
6.0458e-05
6.842e-05
6.6171e-05
6.0835e-05
4.8478e-05
2.9063e-05
1.6823e-05
2.8201e-05
6.0638e-05
0.00010509
0.00016047
0.00014741
0.00014658
0.00011068
9.4033e-05
0.00012931
0.00013993
0.00010861
6.5706e-05
4.5266e-05
7.1603e-05
8.9646e-05
0.00014972
0.00012344
0.00012546
7.8686e-05
2.0118e-05
7.1255e-06
0
0
0
0
0
0
0
0
0
0
0
0
0
0
0
0
0
0
0
0
0
0
0
0
0.00023747
0.00031528
0.00031528
0.0003329
0.00010608
0.00010974
0.00010878
7.8695e-05
3.569e-05
4.9051e-06
0
3.9048e-05
4.6584e-05
9.1507e-05
0.00010924
0.00013197
0.00017815
0.00042913
0.0008446
0.001378
0.0013769
0.0015043
0.0014161
0.0013202
0.0012006
0.0012461
0.0017342
0.0016512
0.0015105
0.00079544
0.0005332
0.00033995
0.00023248
0.00017104
0.00012001
0.00010043
8.7852e-05
4.752e-05
3.6928e-05
3.2939e-05
4.5547e-05
3.411e-05
0.00023248
0.00017104
0.00012001
0.00010043
8.7852e-05
4.752e-05
3.6928e-05
3.2939e-05
4.5547e-05
3.411e-05
4.6977e-05
8.4311e-05
9.2728e-05
9.9114e-05
7.4392e-05
7.4538e-05
8.6276e-05
0.00014097
0.00014241
0.00013241
6.9332e-05
4.0738e-05
6.5531e-05
8.8216e-05
7.928e-05
6.7036e-05
5.5215e-05
9.1896e-05
9.5647e-05
0.00010946
0.0001175
8.6665e-05
3.2642e-05
2.0118e-05
0
0
0
0
0
0
0
0
0
0
0
0
0
0
0
0
0
0
0
0
0
0
0
0
0
0.00017687
0.00031528
0.00031528
0.00035598
0.00014224
0.00013473
0.0001268
0.00010169
5.869e-05
3.5958e-05
0.0002129
0.00022422
0.0002958
0.00035357
0.00031185
0.00043731
0.00059675
0.00075155
0.0015667
0.0024457
0.0027204
0.0027906
0.0029993
0.0029154
0.002999
0.0030049
0.0030608
0.0024589
0.0019563
0.0013169
0.00086478
0.00077225
0.00065341
0.00040627
0.00022383
0.0001534
8.8898e-05
4.1068e-05
3.7509e-06
1.4887e-06
4.6793e-06
1.2854e-05
0.00065341
0.00040627
0.00022383
0.0001534
8.8898e-05
4.1068e-05
3.7509e-06
1.4887e-06
4.6793e-06
1.2854e-05
4.2803e-05
8.6514e-05
0.00012383
0.00017302
0.00095813
0.00098112
0.00097914
0.0001617
0.00012235
9.6262e-05
4.8164e-05
2.0954e-05
4.1432e-05
4.8833e-05
4.9632e-05
4.011e-05
2.1381e-05
7.6186e-05
7.6148e-05
5.5432e-05
4.9778e-05
2.4597e-05
1.9106e-05
0
0
0
0
0
0
0
0
0
0
0
0
0
0
0
0
0
0
0
0
0
0
0
0
0
0
0
0.00016847
0.00024293
6.0529e-05
9.0412e-05
0.00016926
0.00019409
0.00017468
0.00033163
0.00017399
0.00034514
0.00037882
0.00047068
0.00053004
0.00070279
0.00087311
0.001403
0.0020683
0.0027856
0.0038895
0.0043793
0.0050741
0.0057406
0.0060765
0.0061046
0.0050667
0.0043448
0.0035606
0.002709
0.0022169
0.0025489
0.0021821
0.0017707
0.001501
0.00070186
0.00042877
0.00021684
9.5497e-05
3.5e-06
1.6392e-06
1.993e-05
3.1613e-05
0.0017707
0.001501
0.00070186
0.00042877
0.00021684
9.5497e-05
3.5e-06
1.6392e-06
1.993e-05
3.1613e-05
5.2701e-05
6.3841e-05
6.8487e-05
0.0003336
0.00098105
0.00097301
0.00093005
0.00061411
7.9477e-05
6.9658e-05
4.8072e-05
1.7847e-05
1.9102e-05
2.693e-05
3.0894e-05
7.8992e-06
1.8521e-05
1.8521e-05
9.1327e-06
1.4653e-05
2.7624e-05
1.2072e-05
5.5198e-06
0
0
0
0
0
0
0
0
0
0
0
0
0
0
0
0
0
0
0
0
0
0
0
0
0
0
0
0
0
5.5512e-05
0.00010034
0.00015905
0.00026715
0.00076398
0.00079598
0.00081834
0.00086769
0.00043263
0.00055126
0.00060236
0.00073126
0.001561
0.0024636
0.0037881
0.0050542
0.007091
0.007023
0.0074526
0.0089109
0.0087188
0.0092923
0.0084305
0.0079182
0.0065872
0.005612
0.0048519
0.0042294
0.003969
0.0029789
0.002155
0.0013325
0.0006811
0.00031922
0.0001015
5.9375e-05
1.8596e-05
2.8741e-05
4.6977e-05
0.0029789
0.002155
0.0013325
0.0006811
0.00031922
0.0001015
5.9375e-05
1.8596e-05
2.8741e-05
4.6977e-05
4.926e-05
4.0913e-05
4.5062e-05
6.8567e-05
7.7754e-05
9.2699e-05
8.587e-05
6.7521e-05
8.9931e-05
9.3335e-05
8.0346e-05
4.9695e-05
2.6629e-05
1.1546e-05
1.8638e-05
5.2718e-05
5.2718e-05
3.9391e-05
2.0406e-05
0
1.538e-05
1.538e-05
0
0
0
0
0
0
0
0
0
0
0
0
0
0
0
0
0
0
0
0
0
0
0
0
0
0
0
0
5.6201e-06
2.9472e-05
9.0566e-05
0.00022026
0.00032356
0.00032088
0.00092259
0.0010314
0.0015417
0.0016903
0.0012868
0.0011209
0.0015268
0.0022519
0.0031363
0.0039925
0.0070007
0.010727
0.011456
0.012323
0.012496
0.012624
0.014223
0.014136
0.01374
0.013271
0.012095
0.010291
0.0096649
0.0090808
0.0077693
0.0065618
0.0037903
0.0026895
0.0016158
0.00085287
0.00035381
0.00020813
0.00010472
4.9126e-05
2.7942e-05
0.0065618
0.0037903
0.0026895
0.0016158
0.00085287
0.00035381
0.00020813
0.00010472
4.9126e-05
2.7942e-05
2.5358e-05
1.778e-05
3.2224e-05
7.3233e-05
0.00011367
0.00014399
0.00014924
0.00010318
8.9241e-05
8.8446e-05
6.9048e-05
4.5672e-05
4.0947e-05
3.3478e-05
5.5691e-05
0.00010054
0.00014195
0.00011073
5.3429e-05
5.6624e-05
5.3258e-05
7.103e-05
5.6068e-05
3.1471e-05
2.1941e-05
0
0
0
0
0
0
0
0
0
0
0
0
0
0
0
0
0
0
0
0
0
0
0
5.2865e-05
6.3168e-05
5.8393e-05
0.00011334
0.00017241
0.0002111
0.00030128
0.00036163
0.00050414
0.0011337
0.0014971
0.0015329
0.0018358
0.0023419
0.0037706
0.0047347
0.0077716
0.011818
0.014095
0.018212
0.022433
0.021645
0.020755
0.019396
0.019818
0.020721
0.020709
0.020833
0.019658
0.01907
0.01734
0.016509
0.014647
0.012924
0.0095251
0.0059357
0.0035723
0.0019874
0.00090531
0.00059525
0.00036666
0.00023194
0.00012897
0.012924
0.0095251
0.0059357
0.0035723
0.0019874
0.00090531
0.00059525
0.00036666
0.00023194
0.00012897
6.7475e-05
4.1975e-05
4.2005e-05
6.1466e-05
9.5283e-05
0.00011132
9.1311e-05
6.8604e-05
4.6324e-05
1.8797e-05
2.5491e-05
5.0648e-05
4.7023e-05
2.6717e-05
5.0418e-05
8.1421e-05
0.00013432
0.00012614
0.00013113
9.8248e-05
0.00011438
0.00014892
0.00019691
0.00014931
5.9722e-05
1.523e-05
3.1275e-05
3.1275e-05
0
0
0
0
0
0
0
0
0
0
0
0
0
0
0
0
0
0
0
0.00023237
0.00023237
0.00026084
8.513e-05
7.5738e-05
0.00019857
0.00027823
0.00036795
0.00050864
0.00060404
0.00071866
0.0011585
0.0021189
0.002857
0.0046402
0.0055996
0.010585
0.016192
0.023312
0.028785
0.032749
0.033078
0.03395
0.035344
0.034064
0.03282
0.031276
0.031261
0.032827
0.031684
0.028772
0.026709
0.025132
0.022374
0.019804
0.015143
0.011029
0.0071563
0.0044166
0.0028683
0.0022098
0.0015233
0.0010421
0.00079597
0.019804
0.015143
0.011029
0.0071563
0.0044166
0.0028683
0.0022098
0.0015233
0.0010421
0.00079597
0.00034708
0.00022233
0.00014019
0.00010788
8.181e-05
6.0872e-05
3.848e-05
4.2427e-05
4.2565e-05
4.3728e-05
3.6368e-05
5.5654e-05
7.8218e-05
8.5009e-05
8.0455e-05
0.00011161
0.00042342
0.00043935
0.00011855
0.00011432
0.00017458
0.00021516
0.00023543
0.00027748
0.0001925
0.00015714
0.000109
4.8415e-05
3.1275e-05
0
0
0
0
0
0
0
0
0
0
0
0
0
0
0
0
0
0.0001189
0.00023237
0.00023237
0.00026265
0.00027755
7.3434e-05
0.00017207
0.00034584
0.0014066
0.0015897
0.0014119
0.0011545
0.0010352
0.0018226
0.0038038
0.0058968
0.0082868
0.013587
0.02419
0.034638
0.042538
0.047122
0.055147
0.057345
0.054753
0.053323
0.050382
0.051163
0.052088
0.050554
0.051253
0.048301
0.045633
0.040206
0.034347
0.028557
0.024223
0.018736
0.011593
0.0070397
0.0050861
0.003671
0.0028089
0.0018696
0.0013239
0.028557
0.024223
0.018736
0.011593
0.0070397
0.0050861
0.003671
0.0028089
0.0018696
0.0013239
0.00081292
0.00044335
0.00022659
0.00014756
8.3796e-05
5.731e-05
2.8255e-05
3.6242e-05
4.2674e-05
5.6983e-05
7.0632e-05
0.0001312
0.00013345
0.00015991
0.00021046
0.0010296
0.0010943
0.0011015
0.00095869
0.00016748
0.00018461
0.00022788
0.00031773
0.00039983
0.00034309
0.00029655
0.00023217
0.00012016
8.0108e-05
0
0
0
0
0
0
0
0
0
0
0
0
0
0
0
0
0.00037497
0.00037497
0.00055448
0.00023237
0.00025016
0.00025515
0.0001009
0.00033118
0.0012154
0.0020252
0.0025642
0.0027337
0.0021518
0.0027043
0.003258
0.0070442
0.014543
0.02067
0.025153
0.033494
0.043543
0.052763
0.067606
0.073109
0.07884
0.079644
0.071203
0.069183
0.066279
0.066005
0.067938
0.06931
0.064365
0.06124
0.055564
0.045218
0.040573
0.034474
0.025779
0.017226
0.0098241
0.0067018
0.0051126
0.0044075
0.0032781
0.0021945
0.040573
0.034474
0.025779
0.017226
0.0098241
0.0067018
0.0051126
0.0044075
0.0032781
0.0021945
0.0013174
0.00075924
0.00049186
0.00033693
0.00017442
9.8645e-05
8.8793e-05
8.9145e-05
0.00010221
0.00011467
0.00010929
0.00017102
0.00021795
0.00029227
0.00028369
0.0012528
0.0012113
0.001191
0.00096683
0.00020251
0.00022071
0.00029257
0.00038872
0.00047133
0.00042493
0.00039037
0.00031052
0.00020896
0.0001191
2.2949e-05
0
0
0
0
0
0
0
0
0
0
0
0
0
0
0.00030693
0.00037497
0.00037497
0.00055448
0.00023408
0.00021055
7.1791e-05
0.00026019
0.00065628
0.0011789
0.0020494
0.0030406
0.0044764
0.0050948
0.0059297
0.0095776
0.017439
0.02958
0.036606
0.041576
0.048334
0.060058
0.076352
0.090103
0.10855
0.10797
0.10311
0.10637
0.1094
0.11437
0.11719
0.11228
0.10748
0.099156
0.091129
0.082821
0.072727
0.056931
0.045403
0.033474
0.024019
0.01935
0.01382
0.01021
0.0083798
0.0056542
0.0040911
0.056931
0.045403
0.033474
0.024019
0.01935
0.01382
0.01021
0.0083798
0.0056542
0.0040911
0.002496
0.0015136
0.00083057
0.00056093
0.00034535
0.00029126
0.00031347
0.00025858
0.00023781
0.0013902
0.0015367
0.0015978
0.00065002
0.00044176
0.00044695
0.00042721
0.00047017
0.00051516
0.00056979
0.00052965
0.0003863
0.00036278
0.00038179
0.00040099
0.00044815
0.00036776
0.00030557
0.00022713
9.3452e-05
3.2144e-05
0
0
0
0
0
0
0
0
0
0
0
0
0
0
0.00030693
0.00037497
0.00037497
0.00037497
5.4575e-05
2.9631e-05
6.2884e-05
0.00042383
0.0007218
0.0010001
0.0013337
0.0040252
0.0059175
0.0093674
0.012295
0.017881
0.025683
0.034964
0.047794
0.053727
0.066702
0.084871
0.10584
0.12871
0.1409
0.14581
0.15492
0.15857
0.17536
0.19093
0.19035
0.18057
0.16749
0.15081
0.14033
0.12566
0.11447
0.091665
0.069656
0.051387
0.040581
0.034312
0.028987
0.020584
0.014041
0.008959
0.0059548
0.091665
0.069656
0.051387
0.040581
0.034312
0.028987
0.020584
0.014041
0.008959
0.0059548
0.0040717
0.0027229
0.0016391
0.0010065
0.00075287
0.00053277
0.0004814
0.0003436
0.00026342
0.0015801
0.001874
0.0021497
0.0024066
0.0011763
0.0009531
0.00044578
0.00037656
0.00053843
0.00061686
0.00050638
0.00055857
0.00034073
0.00035558
0.00029324
0.00029187
0.00029083
0.00028669
0.00017789
8.7689e-05
4.1612e-05
0
0
0
0
0
0
0
0
0
0
0
0
0
0
0
0.00037497
0.00037497
0.00037497
0
4.0391e-05
0.00016106
0.00049334
0.00086932
0.0012968
0.0024609
0.0049332
0.0089243
0.016813
0.02175
0.025315
0.033142
0.044023
0.060426
0.078881
0.10796
0.12167
0.14676
0.17244
0.17794
0.19546
0.20797
0.2223
0.22742
0.24265
0.259
0.25264
0.24085
0.21548
0.1919
0.17017
0.14653
0.12299
0.10161
0.078052
0.065146
0.056199
0.045421
0.034505
0.023015
0.015124
0.01075
0.12299
0.10161
0.078052
0.065146
0.056199
0.045421
0.034505
0.023015
0.015124
0.01075
0.0078061
0.0057613
0.0042774
0.0028366
0.0019352
0.0011048
0.00076915
0.00053875
0.00038638
0.00049279
0.0011383
0.0011446
0.0014669
0.001259
0.001087
0.00066342
0.00046573
0.00074893
0.00077027
0.00077124
0.00040037
0.00034369
0.00033829
0.00029465
0.00021244
0.00017342
0.00025013
0.0002282
0.00011964
8.6715e-05
0
0
0
0
0
0
0
0
0
0
0
0
0
0
0
0
0.00011828
0
0
8.3926e-05
0.00010944
0.0002553
0.0011018
0.0018582
0.0037231
0.0064749
0.011947
0.018679
0.02791
0.036325
0.045444
0.062009
0.091395
0.11666
0.15333
0.17658
0.20786
0.23927
0.26006
0.29669
0.29989
0.31582
0.3092
0.31513
0.3215
0.3239
0.29529
0.27173
0.25355
0.22582
0.19975
0.16823
0.13435
0.10179
0.08626
0.075837
0.066208
0.052436
0.039569
0.029314
0.023177
0.16823
0.13435
0.10179
0.08626
0.075837
0.066208
0.052436
0.039569
0.029314
0.023177
0.016745
0.011917
0.008258
0.006586
0.0043184
0.003141
0.0019383
0.0014084
0.0013279
0.0011068
0.0011909
0.0010607
0.00093151
0.0010362
0.00096424
0.00047297
0.00049029
0.00063533
0.00054957
0.00051901
0.0003862
0.00030493
0.00029116
0.0002309
0.00013069
0.00016831
0.00020028
0.00024226
0.00015836
8.8036e-05
0.00048264
0.00037428
0
0
0
0
0
0
0
0
0
0
0
0
0
0
0
0
7.021e-06
6.3394e-05
0.00011669
0.00052305
0.0019172
0.0026606
0.0048129
0.0073686
0.01128
0.019232
0.033834
0.04811
0.060749
0.084519
0.11638
0.15246
0.18873
0.22308
0.26085
0.30886
0.34885
0.38862
0.42697
0.43001
0.44112
0.42859
0.41695
0.39779
0.37736
0.36247
0.33222
0.31292
0.27861
0.22838
0.18438
0.14979
0.12334
0.11234
0.093443
0.076339
0.063348
0.04863
0.036064
0.22838
0.18438
0.14979
0.12334
0.11234
0.093443
0.076339
0.063348
0.04863
0.036064
0.02586
0.019462
0.014063
0.010182
0.0078155
0.0054259
0.0043561
0.0044734
0.003423
0.0031873
0.0019398
0.0015475
0.0011545
0.0009163
0.00067325
0.00065802
0.00041678
0.00042914
0.00062985
0.00043821
0.00043579
0.00034263
0.00034139
0.00023845
0.00020019
0.00019605
0.00025634
0.00025175
0.00021428
0.0011798
0.0026538
0.0024312
0.00060182
3.6435e-05
1.2006e-05
0
0
0
0
0
0
0
0
0
0
0
0
0
7.021e-06
2.0097e-05
0.00018216
0.0011075
0.0019911
0.0029247
0.0051574
0.0063918
0.01021
0.01975
0.036605
0.060656
0.086801
0.11069
0.15828
0.20289
0.23252
0.29055
0.32877
0.38732
0.44007
0.4666
0.52709
0.55231
0.55807
0.54056
0.52074
0.50369
0.49107
0.46966
0.4547
0.42487
0.36462
0.30588
0.2405
0.19968
0.17486
0.15505
0.13569
0.11467
0.092758
0.068011
0.049955
0.30588
0.2405
0.19968
0.17486
0.15505
0.13569
0.11467
0.092758
0.068011
0.049955
0.038209
0.03005
0.021641
0.016325
0.012441
0.0095605
0.0070126
0.0063391
0.0053978
0.0045417
0.0034661
0.0019377
0.0015636
0.0015533
0.0010744
0.00087839
0.0007007
0.00043055
0.00043258
0.00032092
0.00031363
0.0003478
0.00035321
0.00030513
0.00022065
0.00018947
0.0001743
0.00023356
0.00017229
0.0030306
0.0045471
0.0044311
0.0018485
0.00029128
0.00013534
0
0
0
0
0
0
0
0
0
0
0
0
0
7.021e-06
4.5371e-05
0.00032157
0.0006852
0.0017879
0.003254
0.0050348
0.0065958
0.0092511
0.018624
0.043139
0.075994
0.11776
0.16366
0.20677
0.27691
0.33803
0.38041
0.43566
0.50536
0.55829
0.60281
0.65057
0.6593
0.66345
0.62812
0.60439
0.59448
0.57212
0.56388
0.53983
0.49587
0.4341
0.35114
0.28189
0.23802
0.21346
0.20797
0.18002
0.15108
0.12122
0.09642
0.073839
0.35114
0.28189
0.23802
0.21346
0.20797
0.18002
0.15108
0.12122
0.09642
0.073839
0.055123
0.043269
0.032618
0.025836
0.019285
0.015899
0.01225
0.0093035
0.0090441
0.0065573
0.0048907
0.0038456
0.0032702
0.0027662
0.0018644
0.0014063
0.00097137
0.00065194
0.00057155
0.00045974
0.00041315
0.00036871
0.00033674
0.00034079
0.00024227
0.00013885
0.00017971
0.00012416
0.0011168
0.0044547
0.0045471
0.0045646
0.0029248
0.00035568
0.00025375
0
0
0
0
0
0
0
0
0
0
0
0
0
5.1476e-05
0.00028991
0.0005776
0.0010677
0.0015487
0.0028075
0.0047869
0.0072563
0.012378
0.021158
0.055859
0.10849
0.15084
0.2107
0.28075
0.35185
0.42108
0.51236
0.58212
0.6519
0.72283
0.75028
0.78012
0.7765
0.75145
0.73371
0.71283
0.69716
0.67215
0.63205
0.59034
0.52703
0.44989
0.36606
0.30785
0.27262
0.2598
0.23817
0.21511
0.18449
0.14867
0.12179
0.098141
0.36606
0.30785
0.27262
0.2598
0.23817
0.21511
0.18449
0.14867
0.12179
0.098141
0.075288
0.058855
0.043458
0.034586
0.028082
0.023552
0.020073
0.015905
0.012917
0.010198
0.0081087
0.0064651
0.0049219
0.0041881
0.0029339
0.0014089
0.0012406
0.00097833
0.00069454
0.00055816
0.00039378
0.00032041
0.00031867
0.00034884
0.00025488
0.00016664
8.4796e-05
6.5681e-05
0.0012204
0.0044519
0.0045471
0.0047035
0.003201
0.00037742
0.00029128
3.1195e-05
0
0
0
0
0
0
0
0
0
0
0
0
9.5124e-05
0.00029631
0.00039211
0.0014096
0.0019774
0.003079
0.0058469
0.0092736
0.014978
0.026631
0.066679
0.11452
0.17445
0.25277
0.31873
0.40338
0.49683
0.57966
0.6721
0.75368
0.8215
0.86915
0.88829
0.86887
0.84375
0.83056
0.82217
0.8186
0.78921
0.74696
0.70185
0.6261
0.53644
0.45582
0.39431
0.3405
0.30049
0.27554
0.24725
0.21096
0.17651
0.13777
0.11393
0.45582
0.39431
0.3405
0.30049
0.27554
0.24725
0.21096
0.17651
0.13777
0.11393
0.091746
0.074904
0.063498
0.053094
0.043627
0.034798
0.027701
0.022554
0.019005
0.014343
0.0113
0.0087699
0.0065322
0.0044111
0.0029724
0.0019173
0.0015468
0.0010289
0.00075578
0.00071153
0.00048009
0.00028492
0.00025011
0.00022602
0.00021514
0.00010907
2.9635e-05
3.0087e-05
0.00057462
0.0039163
0.0045471
0.0047629
0.0025615
0.00030282
0.00030282
7.5462e-05
0
0
0
0
0
0
0
0
0
0
0
0
2.7014e-05
0.00023078
0.00033283
0.00094891
0.0016511
0.0029552
0.0064219
0.0099454
0.014832
0.023428
0.051726
0.10376
0.16303
0.24508
0.33811
0.40136
0.51011
0.61582
0.69577
0.80629
0.88032
0.93575
0.97259
0.95816
0.93003
0.91666
0.92027
0.89178
0.84964
0.80436
0.73817
0.66123
0.57799
0.50396
0.43203
0.37292
0.33049
0.30165
0.27264
0.23658
0.19258
0.1568
0.13466
0.50396
0.43203
0.37292
0.33049
0.30165
0.27264
0.23658
0.19258
0.1568
0.13466
0.11506
0.095142
0.078908
0.066979
0.056619
0.045479
0.03427
0.026777
0.022908
0.018947
0.014999
0.011381
0.0070952
0.0059273
0.0043946
0.0032349
0.0023952
0.001727
0.0012495
0.00079566
0.00054086
0.00019142
0.00016315
0.00013964
0.00013096
7.1067e-05
1.9988e-05
0
0
0.0021822
0.0038326
0.0037903
0.0019095
0.0004051
0.00033501
8.6205e-05
0
0
0
0
0
0
0
0
0
0
0
0
0
6.7617e-06
8.7543e-05
0.00028489
0.00095318
0.0029233
0.006303
0.0094007
0.016693
0.022726
0.040013
0.080041
0.14849
0.226
0.32163
0.39982
0.50239
0.61196
0.72499
0.83377
0.93569
0.99455
0.99015
0.9664
0.95893
0.97539
0.9766
0.9415
0.88912
0.80199
0.71804
0.64181
0.55229
0.47019
0.40658
0.36621
0.34709
0.3221
0.27814
0.24739
0.21064
0.17908
0.15369
0.47019
0.40658
0.36621
0.34709
0.3221
0.27814
0.24739
0.21064
0.17908
0.15369
0.12711
0.10749
0.087693
0.076827
0.063489
0.053999
0.043496
0.035438
0.031301
0.025074
0.0205
0.015488
0.012734
0.0096272
0.0073761
0.0053504
0.003806
0.0028515
0.0017248
0.0010024
0.00066113
0.00017966
8.1467e-05
8.1032e-05
8.1572e-05
4.101e-05
0
0
0
0.00033835
0.0014766
0.0017548
0.0005456
0.00057181
0.00047752
3.219e-05
0
0
0
0
0
0
0
0
0
0
0
0
8.3545e-05
0.00019147
0.0001998
0.00030348
0.00052105
0.0029114
0.0056614
0.010341
0.019498
0.028652
0.042453
0.077909
0.14786
0.24175
0.32241
0.41526
0.51138
0.59902
0.72034
0.82324
0.91137
0.96154
0.9562
0.95159
0.97248
1
0.99614
0.9721
0.91011
0.81664
0.72305
0.62325
0.53401
0.47127
0.41984
0.391
0.36141
0.33054
0.28425
0.24045
0.20843
0.18023
0.1634
0.47127
0.41984
0.391
0.36141
0.33054
0.28425
0.24045
0.20843
0.18023
0.1634
0.1401
0.11628
0.10103
0.088273
0.074461
0.066376
0.054071
0.045287
0.037497
0.028381
0.024344
0.018529
0.016436
0.012865
0.0095638
0.0068442
0.0046902
0.0032954
0.0024301
0.0015449
0.00075271
0.00028604
0.00010866
1.04e-05
1.04e-05
0
0
0
0
0
0
0.00018227
0.00055981
0.00057181
0.00051293
3.219e-05
0
0
0
0
0
0
0
0
0
0
0
9.405e-05
0.00036809
0.00037903
0.00043883
0.00066235
0.00091704
0.0028701
0.0067912
0.011629
0.021556
0.031136
0.047029
0.08222
0.13316
0.21977
0.30389
0.37324
0.45152
0.53742
0.63843
0.72965
0.8193
0.88254
0.92295
0.96121
0.97629
0.98265
0.94577
0.92094
0.84753
0.75195
0.67167
0.58097
0.50445
0.43075
0.38789
0.36025
0.3276
0.30481
0.2708
0.23044
0.20482
0.18229
0.16682
0.43075
0.38789
0.36025
0.3276
0.30481
0.2708
0.23044
0.20482
0.18229
0.16682
0.1501
0.12946
0.1122
0.095491
0.083366
0.073052
0.060275
0.05073
0.042456
0.032131
0.025775
0.019756
0.016551
0.01408
0.0094528
0.0067039
0.0049083
0.003569
0.0028613
0.0016978
0.00089456
0.00042673
9.1198e-05
0.00039528
0.0006742
0.00013536
0
0
0
0
0
0.00015726
0.0003787
0.00051786
0.00037226
3.219e-05
0
0
0
0
0
0
0
0
0
0
0
9.405e-05
0.00037903
0.00037903
0.00039187
0.00053299
0.00079983
0.0021947
0.0070424
0.013879
0.022955
0.034607
0.049696
0.077357
0.11629
0.17041
0.23517
0.2961
0.35263
0.40373
0.47466
0.56205
0.6454
0.73838
0.80365
0.85977
0.92241
0.90472
0.88226
0.81981
0.7175
0.64817
0.5896
0.51466
0.43531
0.37413
0.32983
0.30758
0.28742
0.26428
0.23403
0.21215
0.18805
0.1716
0.15849
0.37413
0.32983
0.30758
0.28742
0.26428
0.23403
0.21215
0.18805
0.1716
0.15849
0.14593
0.1272
0.11171
0.1022
0.088757
0.075155
0.062718
0.054046
0.048044
0.038327
0.030578
0.022566
0.017152
0.013351
0.0088512
0.0065644
0.0049349
0.0038979
0.00276
0.0022275
0.00123
0.00020579
0.00054651
0.0006848
0.0006848
0.00066116
7.5479e-06
0
0
0
0
0.0002368
0.00028053
0.00028053
0.00028053
3.219e-05
0
0
0
0
0
0
0
0
0
0
0
4.8311e-05
0.00029504
0.00037903
0.0003528
0.00036306
0.00081147
0.0018799
0.0060365
0.013096
0.022541
0.035054
0.05504
0.077987
0.10576
0.15488
0.20029
0.2398
0.29343
0.32382
0.38414
0.45519
0.5288
0.59643
0.64023
0.68275
0.73496
0.75766
0.74484
0.68939
0.59915
0.53086
0.47804
0.43048
0.36621
0.32305
0.2944
0.27904
0.25348
0.22643
0.20561
0.18796
0.17278
0.15551
0.13837
0.32305
0.2944
0.27904
0.25348
0.22643
0.20561
0.18796
0.17278
0.15551
0.13837
0.12273
0.10855
0.105
0.096105
0.084344
0.0729
0.060449
0.052238
0.046055
0.040009
0.030378
0.024845
0.017887
0.013414
0.010207
0.0065944
0.004405
0.0037429
0.0026396
0.0018393
0.0010401
0.00027213
0.0007124
0.0006964
0.0006848
0.00067802
7.5479e-06
0
0
0
0
0.00017473
0.00026899
0.00028053
0.00026899
3.219e-05
0
0
0
0
0
0
0
0
0
0
0
0
1.0935e-05
3.1208e-05
3.1342e-05
3.5264e-05
0.00043835
0.0014141
0.0046731
0.011208
0.020606
0.037979
0.063949
0.081559
0.10888
0.13204
0.1593
0.194
0.23037
0.26753
0.33491
0.39285
0.43529
0.47652
0.48807
0.492
0.50223
0.51836
0.51926
0.49525
0.43114
0.4003
0.382
0.35103
0.32155
0.29256
0.27804
0.26463
0.24094
0.20504
0.17915
0.16362
0.14945
0.13683
0.11549
0.29256
0.27804
0.26463
0.24094
0.20504
0.17915
0.16362
0.14945
0.13683
0.11549
0.10031
0.0935
0.083481
0.079976
0.074253
0.064505
0.056107
0.046679
0.039625
0.034538
0.029394
0.023708
0.017798
0.0134
0.010189
0.0071206
0.0043682
0.0032175
0.0025776
0.0015623
0.00085508
0.00045796
0.00018337
0.0007354
0.0006848
0.00041298
7.5479e-06
0
1.7279e-05
2.4229e-05
2.4229e-05
0.00011479
0.00024614
0.00026899
0.00016594
3.219e-05
0
0
0
0
0
0
0
0
0
0
0
0
0
0
7.619e-06
4.0232e-05
0.00016221
0.0019008
0.0039099
0.0084851
0.021596
0.041698
0.063599
0.082061
0.097285
0.10766
0.12539
0.14646
0.16837
0.21229
0.25994
0.30144
0.32796
0.34383
0.34532
0.35753
0.35789
0.36604
0.35484
0.32914
0.30725
0.2995
0.28975
0.27495
0.23841
0.21543
0.21623
0.21512
0.20429
0.18319
0.14757
0.1258
0.11559
0.10298
0.098425
0.21543
0.21623
0.21512
0.20429
0.18319
0.14757
0.1258
0.11559
0.10298
0.098425
0.091071
0.08173
0.072511
0.064559
0.058628
0.054962
0.046608
0.038803
0.032634
0.026541
0.023046
0.019324
0.015634
0.010381
0.0078074
0.006072
0.0032746
0.0025801
0.0018902
0.0011439
0.0006793
0.00049392
0.00018165
5.9718e-05
0
0
0
0.00013563
0.00010936
2.4229e-05
2.4229e-05
0
0.00021537
0.00023868
0.0001482
3.219e-05
0
0
0
0
0
0
0
0
0
0
0
0
0
3.9224e-06
1.7346e-05
0.00028272
0.00036286
0.0016129
0.0034693
0.0075415
0.018321
0.031839
0.054327
0.070107
0.080249
0.084977
0.096106
0.11108
0.12136
0.1509
0.17041
0.19323
0.20186
0.20993
0.23177
0.25222
0.25487
0.25626
0.24544
0.22906
0.22046
0.22239
0.21205
0.1912
0.16526
0.14365
0.13396
0.13706
0.13043
0.12095
0.10666
0.094168
0.08449
0.080193
0.077691
0.14365
0.13396
0.13706
0.13043
0.12095
0.10666
0.094168
0.08449
0.080193
0.077691
0.072289
0.070304
0.061767
0.055867
0.046073
0.040774
0.034542
0.028902
0.023955
0.019959
0.018362
0.015585
0.012604
0.010314
0.0069758
0.0046483
0.0032338
0.0021444
0.0015713
0.00089143
0.00055271
0.00029884
0.00016032
1.2265e-05
0
0
0.00020164
0.00022188
0.00024655
0.00012779
3.1312e-05
1.7592e-05
0
0.00011601
6.1199e-05
0
0
0
0
0
0
0
0
0
0
0
0
0
0
3.9224e-06
0.00017196
0.00032946
0.00035057
0.00055923
0.0014938
0.0046863
0.010853
0.022229
0.036852
0.048276
0.05825
0.067684
0.077492
0.083104
0.096159
0.10789
0.12174
0.12441
0.12022
0.12742
0.13368
0.13904
0.13622
0.12718
0.12496
0.13058
0.12772
0.12699
0.12243
0.11716
0.099674
0.08738
0.079399
0.071665
0.069786
0.065046
0.06195
0.059391
0.057221
0.055691
0.049731
0.08738
0.079399
0.071665
0.069786
0.065046
0.06195
0.059391
0.057221
0.055691
0.049731
0.047276
0.048655
0.045662
0.041852
0.033418
0.028323
0.024613
0.02096
0.017594
0.015603
0.013597
0.012921
0.011607
0.0079874
0.0051591
0.0040146
0.0033138
0.0025753
0.0019393
0.00092584
0.00031188
0.00018964
8.0719e-05
5.7456e-06
0
6.7952e-06
0.00021524
0.00022896
0.00024655
0.00023976
3.1312e-05
6.9499e-06
0
0
0
0
0
0
0
0
0
0
0
0
0
0
0
0
0
0
1.3649e-05
0.00031625
0.00049371
0.0025551
0.0030354
0.0033451
0.0058387
0.013208
0.024191
0.033246
0.040939
0.048976
0.061756
0.069191
0.075396
0.086849
0.092358
0.097369
0.095716
0.090465
0.085905
0.076685
0.06761
0.066969
0.066525
0.063262
0.059992
0.058221
0.057228
0.055827
0.050014
0.047259
0.048668
0.047763
0.044278
0.039494
0.035059
0.032619
0.031806
0.031847
0.031079
0.047259
0.048668
0.047763
0.044278
0.039494
0.035059
0.032619
0.031806
0.031847
0.031079
0.030586
0.0319
0.02973
0.026627
0.023569
0.019872
0.017242
0.016437
0.012978
0.011339
0.010607
0.0097518
0.0076813
0.005949
0.0034566
0.002694
0.0021001
0.0021675
0.0020241
0.00059293
0.00038567
0.00027012
6.2729e-05
5.7456e-06
0
0
0.00021524
0.00022233
0.00024655
0.00021906
3.1312e-05
0
0
0
0
0
0
0
0
0
0
0
0
0
0
0
0
0
0
0
0
2.8912e-05
0.0021025
0.0027537
0.0033738
0.0051158
0.0052764
0.010238
0.015822
0.024101
0.032959
0.043039
0.048584
0.053704
0.059187
0.066971
0.082189
0.087324
0.085585
0.079435
0.070041
0.063677
0.059135
0.055312
0.050625
0.044077
0.039303
0.038038
0.037297
0.036316
0.033
0.031938
0.031237
0.032315
0.031186
0.027555
0.025977
0.024698
0.024703
0.023399
0.025073
0.031938
0.031237
0.032315
0.031186
0.027555
0.025977
0.024698
0.024703
0.023399
0.025073
0.026359
0.025919
0.024076
0.022628
0.020035
0.018809
0.016256
0.013709
0.011494
0.010045
0.0082556
0.0062616
0.0052621
0.0042462
0.0026406
0.0014895
0.001787
0.0018029
0.00077425
0.00054436
0.0004546
0.00036088
3.9554e-05
1.1566e-05
5.8209e-06
0
0.00016069
0.00021524
0.00022233
5.4198e-05
7.0837e-06
0
0
0
0
0
0
0
0
0
0
0
0
0
0
0
0
0
0
0
0
1.566e-05
0.0017689
0.0028648
0.0041761
0.005556
0.0053382
0.0084215
0.012457
0.019221
0.028362
0.036427
0.04319
0.049065
0.054366
0.063227
0.071076
0.077074
0.079445
0.079076
0.071668
0.067071
0.062722
0.058096
0.054932
0.044024
0.038312
0.034913
0.031969
0.029837
0.028438
0.02745
0.027503
0.027872
0.02629
0.026429
0.027361
0.026734
0.026442
0.02606
0.025156
0.02745
0.027503
0.027872
0.02629
0.026429
0.027361
0.026734
0.026442
0.02606
0.025156
0.025503
0.025498
0.025479
0.022585
0.020912
0.020619
0.018253
0.016938
0.0147
0.010846
0.0084941
0.0067914
0.0051844
0.0040076
0.0030467
0.00228
0.001749
0.0013989
0.00057031
0.00058494
0.00042276
0.00016406
2.6754e-05
1.9014e-05
5.0414e-05
2.8055e-05
2.2159e-05
1.3532e-05
8.1128e-05
7.2945e-05
6.5861e-05
0
0
0
0
0
0
0
0
0
0
0
0
0
0
0
0
0
0
0
7.5103e-06
3.1618e-05
0.00011948
0.00072134
0.0016255
0.0034162
0.0041144
0.0061444
0.0099816
0.015425
0.023161
0.029052
0.032438
0.04006
0.049842
0.063944
0.069214
0.074811
0.075763
0.073644
0.071882
0.064226
0.06129
0.057336
0.052688
0.049422
0.040084
0.033625
0.027854
0.027631
0.027298
0.028383
0.029517
0.029394
0.0292
0.02933
0.028387
0.029129
0.028324
0.028831
0.030081
0.028383
0.029517
0.029394
0.0292
0.02933
0.028387
0.029129
0.028324
0.028831
0.030081
0.030379
0.030594
0.03022
0.027681
0.024736
0.022822
0.022754
0.019919
0.017529
0.013838
0.010955
0.0083938
0.0066963
0.0060049
0.0056899
0.0038555
0.0027311
0.0018912
0.00065144
0.00028642
0.00019784
0.00015036
5.1781e-05
7.2849e-05
8.8676e-05
8.9186e-05
3.3863e-05
0
6.5861e-05
6.5861e-05
6.5861e-05
2.4588e-05
0
0
0
0
0
0
0
0
0
0
0
0
0
0
0
0
0
0
1.5021e-05
5.4278e-05
0.00026859
0.00041074
0.00082028
0.0014288
0.0035985
0.0061718
0.0084957
0.014548
0.021444
0.023917
0.027278
0.033868
0.046078
0.061294
0.064877
0.070828
0.071238
0.070447
0.063382
0.060505
0.059517
0.056136
0.05294
0.048273
0.040868
0.035766
0.030285
0.028694
0.028524
0.029731
0.030077
0.030528
0.029931
0.029001
0.027678
0.027892
0.027771
0.028137
0.030732
0.029731
0.030077
0.030528
0.029931
0.029001
0.027678
0.027892
0.027771
0.028137
0.030732
0.031929
0.034354
0.033679
0.030425
0.02875
0.026177
0.025218
0.020529
0.01786
0.013312
0.010753
0.0086484
0.0081047
0.0074695
0.0062588
0.0058636
0.003606
0.0024936
0.00062627
0.00027498
0.00011758
7.5872e-05
6.6564e-05
6.4908e-05
8.9186e-05
8.9186e-05
5.6109e-05
0
6.5861e-05
6.5861e-05
6.5861e-05
6.5861e-05
0
0
0
0
0
0
0
0
0
0
0
0
0
0
0
0
0
0
7.5103e-06
3.1618e-05
0.00011948
0.00072134
0.0016255
0.0034162
0.0041144
0.0061444
0.0099816
0.015425
0.023161
0.029052
0.032438
0.04006
0.049842
0.063944
0.069214
0.074811
0.075763
0.073644
0.071882
0.064226
0.06129
0.057336
0.052688
0.049422
0.040084
0.033625
0.027854
0.027631
0.027298
0.028383
0.029517
0.029394
0.0292
0.02933
0.028387
0.029129
0.028324
0.028831
0.030081
0.028383
0.029517
0.029394
0.0292
0.02933
0.028387
0.029129
0.028324
0.028831
0.030081
0.030379
0.030594
0.03022
0.027681
0.024736
0.022822
0.022754
0.019919
0.017529
0.013838
0.010955
0.0083938
0.0066963
0.0060049
0.0056899
0.0038555
0.0027311
0.0018912
0.00065144
0.00028642
0.00019784
0.00015036
5.1781e-05
7.2849e-05
8.8676e-05
8.9186e-05
3.3863e-05
0
6.5861e-05
6.5861e-05
6.5861e-05
2.4588e-05
0
0
0
0
0
0
0
0
0
0
0
0
0
0
0
0
0
0
0
1.566e-05
0.0017689
0.0028648
0.0041761
0.005556
0.0053382
0.0084215
0.012457
0.019221
0.028362
0.036427
0.04319
0.049065
0.054366
0.063227
0.071076
0.077074
0.079445
0.079076
0.071668
0.067071
0.062722
0.058096
0.054932
0.044024
0.038312
0.034913
0.031969
0.029837
0.028438
0.02745
0.027503
0.027872
0.02629
0.026429
0.027361
0.026734
0.026442
0.02606
0.025156
0.02745
0.027503
0.027872
0.02629
0.026429
0.027361
0.026734
0.026442
0.02606
0.025156
0.025503
0.025498
0.025479
0.022585
0.020912
0.020619
0.018253
0.016938
0.0147
0.010846
0.0084941
0.0067914
0.0051844
0.0040076
0.0030467
0.00228
0.001749
0.0013989
0.00057031
0.00058494
0.00042276
0.00016406
2.6754e-05
1.9014e-05
5.0414e-05
2.8055e-05
2.2159e-05
1.3532e-05
8.1128e-05
7.2945e-05
6.5861e-05
0
0
0
0
0
0
0
0
0
0
0
0
0
0
0
0
0
0
0
0
2.8912e-05
0.0021025
0.0027537
0.0033738
0.0051158
0.0052764
0.010238
0.015822
0.024101
0.032959
0.043039
0.048584
0.053704
0.059187
0.066971
0.082189
0.087324
0.085585
0.079435
0.070041
0.063677
0.059135
0.055312
0.050625
0.044077
0.039303
0.038038
0.037297
0.036316
0.033
0.031938
0.031237
0.032315
0.031186
0.027555
0.025977
0.024698
0.024703
0.023399
0.025073
0.031938
0.031237
0.032315
0.031186
0.027555
0.025977
0.024698
0.024703
0.023399
0.025073
0.026359
0.025919
0.024076
0.022628
0.020035
0.018809
0.016256
0.013709
0.011494
0.010045
0.0082556
0.0062616
0.0052621
0.0042462
0.0026406
0.0014895
0.001787
0.0018029
0.00077425
0.00054436
0.0004546
0.00036088
3.9554e-05
1.1566e-05
5.8209e-06
0
0.00016069
0.00021524
0.00022233
5.4198e-05
7.0837e-06
0
0
0
0
0
0
0
0
0
0
0
0
0
0
0
0
0
0
0
1.3649e-05
0.00031625
0.00049371
0.0025551
0.0030354
0.0033451
0.0058387
0.013208
0.024191
0.033246
0.040939
0.048976
0.061756
0.069191
0.075396
0.086849
0.092358
0.097369
0.095716
0.090465
0.085905
0.076685
0.06761
0.066969
0.066525
0.063262
0.059992
0.058221
0.057228
0.055827
0.050014
0.047259
0.048668
0.047763
0.044278
0.039494
0.035059
0.032619
0.031806
0.031847
0.031079
0.047259
0.048668
0.047763
0.044278
0.039494
0.035059
0.032619
0.031806
0.031847
0.031079
0.030586
0.0319
0.02973
0.026627
0.023569
0.019872
0.017242
0.016437
0.012978
0.011339
0.010607
0.0097518
0.0076813
0.005949
0.0034566
0.002694
0.0021001
0.0021675
0.0020241
0.00059293
0.00038567
0.00027012
6.2729e-05
5.7456e-06
0
0
0.00021524
0.00022233
0.00024655
0.00021906
3.1312e-05
0
0
0
0
0
0
0
0
0
0
0
0
0
0
0
0
0
0
3.9224e-06
0.00017196
0.00032946
0.00035057
0.00055923
0.0014938
0.0046863
0.010853
0.022229
0.036852
0.048276
0.05825
0.067684
0.077492
0.083104
0.096159
0.10789
0.12174
0.12441
0.12022
0.12742
0.13368
0.13904
0.13622
0.12718
0.12496
0.13058
0.12772
0.12699
0.12243
0.11716
0.099674
0.08738
0.079399
0.071665
0.069786
0.065046
0.06195
0.059391
0.057221
0.055691
0.049731
0.08738
0.079399
0.071665
0.069786
0.065046
0.06195
0.059391
0.057221
0.055691
0.049731
0.047276
0.048655
0.045662
0.041852
0.033418
0.028323
0.024613
0.02096
0.017594
0.015603
0.013597
0.012921
0.011607
0.0079874
0.0051591
0.0040146
0.0033138
0.0025753
0.0019393
0.00092584
0.00031188
0.00018964
8.0719e-05
5.7456e-06
0
6.7952e-06
0.00021524
0.00022896
0.00024655
0.00023976
3.1312e-05
6.9499e-06
0
0
0
0
0
0
0
0
0
0
0
0
0
0
0
0
0
3.9224e-06
1.7346e-05
0.00028272
0.00036286
0.0016129
0.0034693
0.0075415
0.018321
0.031839
0.054327
0.070107
0.080249
0.084977
0.096106
0.11108
0.12136
0.1509
0.17041
0.19323
0.20186
0.20993
0.23177
0.25222
0.25487
0.25626
0.24544
0.22906
0.22046
0.22239
0.21205
0.1912
0.16526
0.14365
0.13396
0.13706
0.13043
0.12095
0.10666
0.094168
0.08449
0.080193
0.077691
0.14365
0.13396
0.13706
0.13043
0.12095
0.10666
0.094168
0.08449
0.080193
0.077691
0.072289
0.070304
0.061767
0.055867
0.046073
0.040774
0.034542
0.028902
0.023955
0.019959
0.018362
0.015585
0.012604
0.010314
0.0069758
0.0046483
0.0032338
0.0021444
0.0015713
0.00089143
0.00055271
0.00029884
0.00016032
1.2265e-05
0
0
0.00020164
0.00022188
0.00024655
0.00012779
3.1312e-05
1.7592e-05
0
0.00011601
6.1199e-05
0
0
0
0
0
0
0
0
0
0
0
0
0
0
0
7.619e-06
4.0232e-05
0.00016221
0.0019008
0.0039099
0.0084851
0.021596
0.041698
0.063599
0.082061
0.097285
0.10766
0.12539
0.14646
0.16837
0.21229
0.25994
0.30144
0.32796
0.34383
0.34532
0.35753
0.35789
0.36604
0.35484
0.32914
0.30725
0.2995
0.28975
0.27495
0.23841
0.21543
0.21623
0.21512
0.20429
0.18319
0.14757
0.1258
0.11559
0.10298
0.098425
0.21543
0.21623
0.21512
0.20429
0.18319
0.14757
0.1258
0.11559
0.10298
0.098425
0.091071
0.08173
0.072511
0.064559
0.058628
0.054962
0.046608
0.038803
0.032634
0.026541
0.023046
0.019324
0.015634
0.010381
0.0078074
0.006072
0.0032746
0.0025801
0.0018902
0.0011439
0.0006793
0.00049392
0.00018165
5.9718e-05
0
0
0
0.00013563
0.00010936
2.4229e-05
2.4229e-05
0
0.00021537
0.00023868
0.0001482
3.219e-05
0
0
0
0
0
0
0
0
0
0
0
0
1.0935e-05
3.1208e-05
3.1342e-05
3.5264e-05
0.00043835
0.0014141
0.0046731
0.011208
0.020606
0.037979
0.063949
0.081559
0.10888
0.13204
0.1593
0.194
0.23037
0.26753
0.33491
0.39285
0.43529
0.47652
0.48807
0.492
0.50223
0.51836
0.51926
0.49525
0.43114
0.4003
0.382
0.35103
0.32155
0.29256
0.27804
0.26463
0.24094
0.20504
0.17915
0.16362
0.14945
0.13683
0.11549
0.29256
0.27804
0.26463
0.24094
0.20504
0.17915
0.16362
0.14945
0.13683
0.11549
0.10031
0.0935
0.083481
0.079976
0.074253
0.064505
0.056107
0.046679
0.039625
0.034538
0.029394
0.023708
0.017798
0.0134
0.010189
0.0071206
0.0043682
0.0032175
0.0025776
0.0015623
0.00085508
0.00045796
0.00018337
0.0007354
0.0006848
0.00041298
7.5479e-06
0
1.7279e-05
2.4229e-05
2.4229e-05
0.00011479
0.00024614
0.00026899
0.00016594
3.219e-05
0
0
0
0
0
0
0
0
0
0
0
4.8311e-05
0.00029504
0.00037903
0.0003528
0.00036306
0.00081147
0.0018799
0.0060365
0.013096
0.022541
0.035054
0.05504
0.077987
0.10576
0.15488
0.20029
0.2398
0.29343
0.32382
0.38414
0.45519
0.5288
0.59643
0.64023
0.68275
0.73496
0.75766
0.74484
0.68939
0.59915
0.53086
0.47804
0.43048
0.36621
0.32305
0.2944
0.27904
0.25348
0.22643
0.20561
0.18796
0.17278
0.15551
0.13837
0.32305
0.2944
0.27904
0.25348
0.22643
0.20561
0.18796
0.17278
0.15551
0.13837
0.12273
0.10855
0.105
0.096105
0.084344
0.0729
0.060449
0.052238
0.046055
0.040009
0.030378
0.024845
0.017887
0.013414
0.010207
0.0065944
0.004405
0.0037429
0.0026396
0.0018393
0.0010401
0.00027213
0.0007124
0.0006964
0.0006848
0.00067802
7.5479e-06
0
0
0
0
0.00017473
0.00026899
0.00028053
0.00026899
3.219e-05
0
0
0
0
0
0
0
0
0
0
0
9.405e-05
0.00037903
0.00037903
0.00039187
0.00053299
0.00079983
0.0021947
0.0070424
0.013879
0.022955
0.034607
0.049696
0.077357
0.11629
0.17041
0.23517
0.2961
0.35263
0.40373
0.47466
0.56205
0.6454
0.73838
0.80365
0.85977
0.92241
0.90472
0.88226
0.81981
0.7175
0.64817
0.5896
0.51466
0.43531
0.37413
0.32983
0.30758
0.28742
0.26428
0.23403
0.21215
0.18805
0.1716
0.15849
0.37413
0.32983
0.30758
0.28742
0.26428
0.23403
0.21215
0.18805
0.1716
0.15849
0.14593
0.1272
0.11171
0.1022
0.088757
0.075155
0.062718
0.054046
0.048044
0.038327
0.030578
0.022566
0.017152
0.013351
0.0088512
0.0065644
0.0049349
0.0038979
0.00276
0.0022275
0.00123
0.00020579
0.00054651
0.0006848
0.0006848
0.00066116
7.5479e-06
0
0
0
0
0.0002368
0.00028053
0.00028053
0.00028053
3.219e-05
0
0
0
0
0
0
0
0
0
0
0
9.405e-05
0.00036809
0.00037903
0.00043883
0.00066235
0.00091704
0.0028701
0.0067912
0.011629
0.021556
0.031136
0.047029
0.08222
0.13316
0.21977
0.30389
0.37324
0.45152
0.53742
0.63843
0.72965
0.8193
0.88254
0.92295
0.96121
0.97629
0.98265
0.94577
0.92094
0.84753
0.75195
0.67167
0.58097
0.50445
0.43075
0.38789
0.36025
0.3276
0.30481
0.2708
0.23044
0.20482
0.18229
0.16682
0.43075
0.38789
0.36025
0.3276
0.30481
0.2708
0.23044
0.20482
0.18229
0.16682
0.1501
0.12946
0.1122
0.095491
0.083366
0.073052
0.060275
0.05073
0.042456
0.032131
0.025775
0.019756
0.016551
0.01408
0.0094528
0.0067039
0.0049083
0.003569
0.0028613
0.0016978
0.00089456
0.00042673
9.1198e-05
0.00039528
0.0006742
0.00013536
0
0
0
0
0
0.00015726
0.0003787
0.00051786
0.00037226
3.219e-05
0
0
0
0
0
0
0
0
0
0
0
0
8.3545e-05
0.00019147
0.0001998
0.00030348
0.00052105
0.0029114
0.0056614
0.010341
0.019498
0.028652
0.042453
0.077909
0.14786
0.24175
0.32241
0.41526
0.51138
0.59902
0.72034
0.82324
0.91137
0.96154
0.9562
0.95159
0.97248
1
0.99614
0.9721
0.91011
0.81664
0.72305
0.62325
0.53401
0.47127
0.41984
0.391
0.36141
0.33054
0.28425
0.24045
0.20843
0.18023
0.1634
0.47127
0.41984
0.391
0.36141
0.33054
0.28425
0.24045
0.20843
0.18023
0.1634
0.1401
0.11628
0.10103
0.088273
0.074461
0.066376
0.054071
0.045287
0.037497
0.028381
0.024344
0.018529
0.016436
0.012865
0.0095638
0.0068442
0.0046902
0.0032954
0.0024301
0.0015449
0.00075271
0.00028604
0.00010866
1.04e-05
1.04e-05
0
0
0
0
0
0
0.00018227
0.00055981
0.00057181
0.00051293
3.219e-05
0
0
0
0
0
0
0
0
0
0
0
0
0
6.7617e-06
8.7543e-05
0.00028489
0.00095318
0.0029233
0.006303
0.0094007
0.016693
0.022726
0.040013
0.080041
0.14849
0.226
0.32163
0.39982
0.50239
0.61196
0.72499
0.83377
0.93569
0.99455
0.99015
0.9664
0.95893
0.97539
0.9766
0.9415
0.88912
0.80199
0.71804
0.64181
0.55229
0.47019
0.40658
0.36621
0.34709
0.3221
0.27814
0.24739
0.21064
0.17908
0.15369
0.47019
0.40658
0.36621
0.34709
0.3221
0.27814
0.24739
0.21064
0.17908
0.15369
0.12711
0.10749
0.087693
0.076827
0.063489
0.053999
0.043496
0.035438
0.031301
0.025074
0.0205
0.015488
0.012734
0.0096272
0.0073761
0.0053504
0.003806
0.0028515
0.0017248
0.0010024
0.00066113
0.00017966
8.1467e-05
8.1032e-05
8.1572e-05
4.101e-05
0
0
0
0.00033835
0.0014766
0.0017548
0.0005456
0.00057181
0.00047752
3.219e-05
0
0
0
0
0
0
0
0
0
0
0
0
2.7014e-05
0.00023078
0.00033283
0.00094891
0.0016511
0.0029552
0.0064219
0.0099454
0.014832
0.023428
0.051726
0.10376
0.16303
0.24508
0.33811
0.40136
0.51011
0.61582
0.69577
0.80629
0.88032
0.93575
0.97259
0.95816
0.93003
0.91666
0.92027
0.89178
0.84964
0.80436
0.73817
0.66123
0.57799
0.50396
0.43203
0.37292
0.33049
0.30165
0.27264
0.23658
0.19258
0.1568
0.13466
0.50396
0.43203
0.37292
0.33049
0.30165
0.27264
0.23658
0.19258
0.1568
0.13466
0.11506
0.095142
0.078908
0.066979
0.056619
0.045479
0.03427
0.026777
0.022908
0.018947
0.014999
0.011381
0.0070952
0.0059273
0.0043946
0.0032349
0.0023952
0.001727
0.0012495
0.00079566
0.00054086
0.00019142
0.00016315
0.00013964
0.00013096
7.1067e-05
1.9988e-05
0
0
0.0021822
0.0038326
0.0037903
0.0019095
0.0004051
0.00033501
8.6205e-05
0
0
0
0
0
0
0
0
0
0
0
0
9.5124e-05
0.00029631
0.00039211
0.0014096
0.0019774
0.003079
0.0058469
0.0092736
0.014978
0.026631
0.066679
0.11452
0.17445
0.25277
0.31873
0.40338
0.49683
0.57966
0.6721
0.75368
0.8215
0.86915
0.88829
0.86887
0.84375
0.83056
0.82217
0.8186
0.78921
0.74696
0.70185
0.6261
0.53644
0.45582
0.39431
0.3405
0.30049
0.27554
0.24725
0.21096
0.17651
0.13777
0.11393
0.45582
0.39431
0.3405
0.30049
0.27554
0.24725
0.21096
0.17651
0.13777
0.11393
0.091746
0.074904
0.063498
0.053094
0.043627
0.034798
0.027701
0.022554
0.019005
0.014343
0.0113
0.0087699
0.0065322
0.0044111
0.0029724
0.0019173
0.0015468
0.0010289
0.00075578
0.00071153
0.00048009
0.00028492
0.00025011
0.00022602
0.00021514
0.00010907
2.9635e-05
3.0087e-05
0.00057462
0.0039163
0.0045471
0.0047629
0.0025615
0.00030282
0.00030282
7.5462e-05
0
0
0
0
0
0
0
0
0
0
0
0
5.1476e-05
0.00028991
0.0005776
0.0010677
0.0015487
0.0028075
0.0047869
0.0072563
0.012378
0.021158
0.055859
0.10849
0.15084
0.2107
0.28075
0.35185
0.42108
0.51236
0.58212
0.6519
0.72283
0.75028
0.78012
0.7765
0.75145
0.73371
0.71283
0.69716
0.67215
0.63205
0.59034
0.52703
0.44989
0.36606
0.30785
0.27262
0.2598
0.23817
0.21511
0.18449
0.14867
0.12179
0.098141
0.36606
0.30785
0.27262
0.2598
0.23817
0.21511
0.18449
0.14867
0.12179
0.098141
0.075288
0.058855
0.043458
0.034586
0.028082
0.023552
0.020073
0.015905
0.012917
0.010198
0.0081087
0.0064651
0.0049219
0.0041881
0.0029339
0.0014089
0.0012406
0.00097833
0.00069454
0.00055816
0.00039378
0.00032041
0.00031867
0.00034884
0.00025488
0.00016664
8.4796e-05
6.5681e-05
0.0012204
0.0044519
0.0045471
0.0047035
0.003201
0.00037742
0.00029128
3.1195e-05
0
0
0
0
0
0
0
0
0
0
0
0
7.021e-06
4.5371e-05
0.00032157
0.0006852
0.0017879
0.003254
0.0050348
0.0065958
0.0092511
0.018624
0.043139
0.075994
0.11776
0.16366
0.20677
0.27691
0.33803
0.38041
0.43566
0.50536
0.55829
0.60281
0.65057
0.6593
0.66345
0.62812
0.60439
0.59448
0.57212
0.56388
0.53983
0.49587
0.4341
0.35114
0.28189
0.23802
0.21346
0.20797
0.18002
0.15108
0.12122
0.09642
0.073839
0.35114
0.28189
0.23802
0.21346
0.20797
0.18002
0.15108
0.12122
0.09642
0.073839
0.055123
0.043269
0.032618
0.025836
0.019285
0.015899
0.01225
0.0093035
0.0090441
0.0065573
0.0048907
0.0038456
0.0032702
0.0027662
0.0018644
0.0014063
0.00097137
0.00065194
0.00057155
0.00045974
0.00041315
0.00036871
0.00033674
0.00034079
0.00024227
0.00013885
0.00017971
0.00012416
0.0011168
0.0044547
0.0045471
0.0045646
0.0029248
0.00035568
0.00025375
0
0
0
0
0
0
0
0
0
0
0
0
0
7.021e-06
2.0097e-05
0.00018216
0.0011075
0.0019911
0.0029247
0.0051574
0.0063918
0.01021
0.01975
0.036605
0.060656
0.086801
0.11069
0.15828
0.20289
0.23252
0.29055
0.32877
0.38732
0.44007
0.4666
0.52709
0.55231
0.55807
0.54056
0.52074
0.50369
0.49107
0.46966
0.4547
0.42487
0.36462
0.30588
0.2405
0.19968
0.17486
0.15505
0.13569
0.11467
0.092758
0.068011
0.049955
0.30588
0.2405
0.19968
0.17486
0.15505
0.13569
0.11467
0.092758
0.068011
0.049955
0.038209
0.03005
0.021641
0.016325
0.012441
0.0095605
0.0070126
0.0063391
0.0053978
0.0045417
0.0034661
0.0019377
0.0015636
0.0015533
0.0010744
0.00087839
0.0007007
0.00043055
0.00043258
0.00032092
0.00031363
0.0003478
0.00035321
0.00030513
0.00022065
0.00018947
0.0001743
0.00023356
0.00017229
0.0030306
0.0045471
0.0044311
0.0018485
0.00029128
0.00013534
0
0
0
0
0
0
0
0
0
0
0
0
0
7.021e-06
6.3394e-05
0.00011669
0.00052305
0.0019172
0.0026606
0.0048129
0.0073686
0.01128
0.019232
0.033834
0.04811
0.060749
0.084519
0.11638
0.15246
0.18873
0.22308
0.26085
0.30886
0.34885
0.38862
0.42697
0.43001
0.44112
0.42859
0.41695
0.39779
0.37736
0.36247
0.33222
0.31292
0.27861
0.22838
0.18438
0.14979
0.12334
0.11234
0.093443
0.076339
0.063348
0.04863
0.036064
0.22838
0.18438
0.14979
0.12334
0.11234
0.093443
0.076339
0.063348
0.04863
0.036064
0.02586
0.019462
0.014063
0.010182
0.0078155
0.0054259
0.0043561
0.0044734
0.003423
0.0031873
0.0019398
0.0015475
0.0011545
0.0009163
0.00067325
0.00065802
0.00041678
0.00042914
0.00062985
0.00043821
0.00043579
0.00034263
0.00034139
0.00023845
0.00020019
0.00019605
0.00025634
0.00025175
0.00021428
0.0011798
0.0026538
0.0024312
0.00060182
3.6435e-05
1.2006e-05
0
0
0
0
0
0
0
0
0
0
0
0.00011828
0
0
8.3926e-05
0.00010944
0.0002553
0.0011018
0.0018582
0.0037231
0.0064749
0.011947
0.018679
0.02791
0.036325
0.045444
0.062009
0.091395
0.11666
0.15333
0.17658
0.20786
0.23927
0.26006
0.29669
0.29989
0.31582
0.3092
0.31513
0.3215
0.3239
0.29529
0.27173
0.25355
0.22582
0.19975
0.16823
0.13435
0.10179
0.08626
0.075837
0.066208
0.052436
0.039569
0.029314
0.023177
0.16823
0.13435
0.10179
0.08626
0.075837
0.066208
0.052436
0.039569
0.029314
0.023177
0.016745
0.011917
0.008258
0.006586
0.0043184
0.003141
0.0019383
0.0014084
0.0013279
0.0011068
0.0011909
0.0010607
0.00093151
0.0010362
0.00096424
0.00047297
0.00049029
0.00063533
0.00054957
0.00051901
0.0003862
0.00030493
0.00029116
0.0002309
0.00013069
0.00016831
0.00020028
0.00024226
0.00015836
8.8036e-05
0.00048264
0.00037428
0
0
0
0
0
0
0
0
0
0
0
0
0
0.00037497
0.00037497
0.00037497
0
4.0391e-05
0.00016106
0.00049334
0.00086932
0.0012968
0.0024609
0.0049332
0.0089243
0.016813
0.02175
0.025315
0.033142
0.044023
0.060426
0.078881
0.10796
0.12167
0.14676
0.17244
0.17794
0.19546
0.20797
0.2223
0.22742
0.24265
0.259
0.25264
0.24085
0.21548
0.1919
0.17017
0.14653
0.12299
0.10161
0.078052
0.065146
0.056199
0.045421
0.034505
0.023015
0.015124
0.01075
0.12299
0.10161
0.078052
0.065146
0.056199
0.045421
0.034505
0.023015
0.015124
0.01075
0.0078061
0.0057613
0.0042774
0.0028366
0.0019352
0.0011048
0.00076915
0.00053875
0.00038638
0.00049279
0.0011383
0.0011446
0.0014669
0.001259
0.001087
0.00066342
0.00046573
0.00074893
0.00077027
0.00077124
0.00040037
0.00034369
0.00033829
0.00029465
0.00021244
0.00017342
0.00025013
0.0002282
0.00011964
8.6715e-05
0
0
0
0
0
0
0
0
0
0
0
0
0
0
0.00030693
0.00037497
0.00037497
0.00037497
5.4575e-05
2.9631e-05
6.2884e-05
0.00042383
0.0007218
0.0010001
0.0013337
0.0040252
0.0059175
0.0093674
0.012295
0.017881
0.025683
0.034964
0.047794
0.053727
0.066702
0.084871
0.10584
0.12871
0.1409
0.14581
0.15492
0.15857
0.17536
0.19093
0.19035
0.18057
0.16749
0.15081
0.14033
0.12566
0.11447
0.091665
0.069656
0.051387
0.040581
0.034312
0.028987
0.020584
0.014041
0.008959
0.0059548
0.091665
0.069656
0.051387
0.040581
0.034312
0.028987
0.020584
0.014041
0.008959
0.0059548
0.0040717
0.0027229
0.0016391
0.0010065
0.00075287
0.00053277
0.0004814
0.0003436
0.00026342
0.0015801
0.001874
0.0021497
0.0024066
0.0011763
0.0009531
0.00044578
0.00037656
0.00053843
0.00061686
0.00050638
0.00055857
0.00034073
0.00035558
0.00029324
0.00029187
0.00029083
0.00028669
0.00017789
8.7689e-05
4.1612e-05
0
0
0
0
0
0
0
0
0
0
0
0
0
0
0.00030693
0.00037497
0.00037497
0.00055448
0.00023408
0.00021055
7.1791e-05
0.00026019
0.00065628
0.0011789
0.0020494
0.0030406
0.0044764
0.0050948
0.0059297
0.0095776
0.017439
0.02958
0.036606
0.041576
0.048334
0.060058
0.076352
0.090103
0.10855
0.10797
0.10311
0.10637
0.1094
0.11437
0.11719
0.11228
0.10748
0.099156
0.091129
0.082821
0.072727
0.056931
0.045403
0.033474
0.024019
0.01935
0.01382
0.01021
0.0083798
0.0056542
0.0040911
0.056931
0.045403
0.033474
0.024019
0.01935
0.01382
0.01021
0.0083798
0.0056542
0.0040911
0.002496
0.0015136
0.00083057
0.00056093
0.00034535
0.00029126
0.00031347
0.00025858
0.00023781
0.0013902
0.0015367
0.0015978
0.00065002
0.00044176
0.00044695
0.00042721
0.00047017
0.00051516
0.00056979
0.00052965
0.0003863
0.00036278
0.00038179
0.00040099
0.00044815
0.00036776
0.00030557
0.00022713
9.3452e-05
3.2144e-05
0
0
0
0
0
0
0
0
0
0
0
0
0
0
0
0.00037497
0.00037497
0.00055448
0.00023237
0.00025016
0.00025515
0.0001009
0.00033118
0.0012154
0.0020252
0.0025642
0.0027337
0.0021518
0.0027043
0.003258
0.0070442
0.014543
0.02067
0.025153
0.033494
0.043543
0.052763
0.067606
0.073109
0.07884
0.079644
0.071203
0.069183
0.066279
0.066005
0.067938
0.06931
0.064365
0.06124
0.055564
0.045218
0.040573
0.034474
0.025779
0.017226
0.0098241
0.0067018
0.0051126
0.0044075
0.0032781
0.0021945
0.040573
0.034474
0.025779
0.017226
0.0098241
0.0067018
0.0051126
0.0044075
0.0032781
0.0021945
0.0013174
0.00075924
0.00049186
0.00033693
0.00017442
9.8645e-05
8.8793e-05
8.9145e-05
0.00010221
0.00011467
0.00010929
0.00017102
0.00021795
0.00029227
0.00028369
0.0012528
0.0012113
0.001191
0.00096683
0.00020251
0.00022071
0.00029257
0.00038872
0.00047133
0.00042493
0.00039037
0.00031052
0.00020896
0.0001191
2.2949e-05
0
0
0
0
0
0
0
0
0
0
0
0
0
0
0
0
0.0001189
0.00023237
0.00023237
0.00026265
0.00027755
7.3434e-05
0.00017207
0.00034584
0.0014066
0.0015897
0.0014119
0.0011545
0.0010352
0.0018226
0.0038038
0.0058968
0.0082868
0.013587
0.02419
0.034638
0.042538
0.047122
0.055147
0.057345
0.054753
0.053323
0.050382
0.051163
0.052088
0.050554
0.051253
0.048301
0.045633
0.040206
0.034347
0.028557
0.024223
0.018736
0.011593
0.0070397
0.0050861
0.003671
0.0028089
0.0018696
0.0013239
0.028557
0.024223
0.018736
0.011593
0.0070397
0.0050861
0.003671
0.0028089
0.0018696
0.0013239
0.00081292
0.00044335
0.00022659
0.00014756
8.3796e-05
5.731e-05
2.8255e-05
3.6242e-05
4.2674e-05
5.6983e-05
7.0632e-05
0.0001312
0.00013345
0.00015991
0.00021046
0.0010296
0.0010943
0.0011015
0.00095869
0.00016748
0.00018461
0.00022788
0.00031773
0.00039983
0.00034309
0.00029655
0.00023217
0.00012016
8.0108e-05
0
0
0
0
0
0
0
0
0
0
0
0
0
0
0
0
0
0
0.00023237
0.00023237
0.00026084
8.513e-05
7.5738e-05
0.00019857
0.00027823
0.00036795
0.00050864
0.00060404
0.00071866
0.0011585
0.0021189
0.002857
0.0046402
0.0055996
0.010585
0.016192
0.023312
0.028785
0.032749
0.033078
0.03395
0.035344
0.034064
0.03282
0.031276
0.031261
0.032827
0.031684
0.028772
0.026709
0.025132
0.022374
0.019804
0.015143
0.011029
0.0071563
0.0044166
0.0028683
0.0022098
0.0015233
0.0010421
0.00079597
0.019804
0.015143
0.011029
0.0071563
0.0044166
0.0028683
0.0022098
0.0015233
0.0010421
0.00079597
0.00034708
0.00022233
0.00014019
0.00010788
8.181e-05
6.0872e-05
3.848e-05
4.2427e-05
4.2565e-05
4.3728e-05
3.6368e-05
5.5654e-05
7.8218e-05
8.5009e-05
8.0455e-05
0.00011161
0.00042342
0.00043935
0.00011855
0.00011432
0.00017458
0.00021516
0.00023543
0.00027748
0.0001925
0.00015714
0.000109
4.8415e-05
3.1275e-05
0
0
0
0
0
0
0
0
0
0
0
0
0
0
0
0
0
0
0
5.2865e-05
6.3168e-05
5.8393e-05
0.00011334
0.00017241
0.0002111
0.00030128
0.00036163
0.00050414
0.0011337
0.0014971
0.0015329
0.0018358
0.0023419
0.0037706
0.0047347
0.0077716
0.011818
0.014095
0.018212
0.022433
0.021645
0.020755
0.019396
0.019818
0.020721
0.020709
0.020833
0.019658
0.01907
0.01734
0.016509
0.014647
0.012924
0.0095251
0.0059357
0.0035723
0.0019874
0.00090531
0.00059525
0.00036666
0.00023194
0.00012897
0.012924
0.0095251
0.0059357
0.0035723
0.0019874
0.00090531
0.00059525
0.00036666
0.00023194
0.00012897
6.7475e-05
4.1975e-05
4.2005e-05
6.1466e-05
9.5283e-05
0.00011132
9.1311e-05
6.8604e-05
4.6324e-05
1.8797e-05
2.5491e-05
5.0648e-05
4.7023e-05
2.6717e-05
5.0418e-05
8.1421e-05
0.00013432
0.00012614
0.00013113
9.8248e-05
0.00011438
0.00014892
0.00019691
0.00014931
5.9722e-05
1.523e-05
3.1275e-05
3.1275e-05
0
0
0
0
0
0
0
0
0
0
0
0
0
0
0
0
0
0
0
0
0
0
5.6201e-06
2.9472e-05
9.0566e-05
0.00022026
0.00032356
0.00032088
0.00092259
0.0010314
0.0015417
0.0016903
0.0012868
0.0011209
0.0015268
0.0022519
0.0031363
0.0039925
0.0070007
0.010727
0.011456
0.012323
0.012496
0.012624
0.014223
0.014136
0.01374
0.013271
0.012095
0.010291
0.0096649
0.0090808
0.0077693
0.0065618
0.0037903
0.0026895
0.0016158
0.00085287
0.00035381
0.00020813
0.00010472
4.9126e-05
2.7942e-05
0.0065618
0.0037903
0.0026895
0.0016158
0.00085287
0.00035381
0.00020813
0.00010472
4.9126e-05
2.7942e-05
2.5358e-05
1.778e-05
3.2224e-05
7.3233e-05
0.00011367
0.00014399
0.00014924
0.00010318
8.9241e-05
8.8446e-05
6.9048e-05
4.5672e-05
4.0947e-05
3.3478e-05
5.5691e-05
0.00010054
0.00014195
0.00011073
5.3429e-05
5.6624e-05
5.3258e-05
7.103e-05
5.6068e-05
3.1471e-05
2.1941e-05
0
0
0
0
0
0
0
0
0
0
0
0
0
0
0
0
0
0
0
0
0
0
0
0
0
0
0
5.5512e-05
0.00010034
0.00015905
0.00026715
0.00076398
0.00079598
0.00081834
0.00086769
0.00043263
0.00055126
0.00060236
0.00073126
0.001561
0.0024636
0.0037881
0.0050542
0.007091
0.007023
0.0074526
0.0089109
0.0087188
0.0092923
0.0084305
0.0079182
0.0065872
0.005612
0.0048519
0.0042294
0.003969
0.0029789
0.002155
0.0013325
0.0006811
0.00031922
0.0001015
5.9375e-05
1.8596e-05
2.8741e-05
4.6977e-05
0.0029789
0.002155
0.0013325
0.0006811
0.00031922
0.0001015
5.9375e-05
1.8596e-05
2.8741e-05
4.6977e-05
4.926e-05
4.0913e-05
4.5062e-05
6.8567e-05
7.7754e-05
9.2699e-05
8.587e-05
6.7521e-05
8.9931e-05
9.3335e-05
8.0346e-05
4.9695e-05
2.6629e-05
1.1546e-05
1.8638e-05
5.2718e-05
5.2718e-05
3.9391e-05
2.0406e-05
0
1.538e-05
1.538e-05
0
0
0
0
0
0
0
0
0
0
0
0
0
0
0
0
0
0
0
0
0
0
0
0
0
0
0
0
0.00016847
0.00024293
6.0529e-05
9.0412e-05
0.00016926
0.00019409
0.00017468
0.00033163
0.00017399
0.00034514
0.00037882
0.00047068
0.00053004
0.00070279
0.00087311
0.001403
0.0020683
0.0027856
0.0038895
0.0043793
0.0050741
0.0057406
0.0060765
0.0061046
0.0050667
0.0043448
0.0035606
0.002709
0.0022169
0.0025489
0.0021821
0.0017707
0.001501
0.00070186
0.00042877
0.00021684
9.5497e-05
3.5e-06
1.6392e-06
1.993e-05
3.1613e-05
0.0017707
0.001501
0.00070186
0.00042877
0.00021684
9.5497e-05
3.5e-06
1.6392e-06
1.993e-05
3.1613e-05
5.2701e-05
6.3841e-05
6.8487e-05
0.0003336
0.00098105
0.00097301
0.00093005
0.00061411
7.9477e-05
6.9658e-05
4.8072e-05
1.7847e-05
1.9102e-05
2.693e-05
3.0894e-05
7.8992e-06
1.8521e-05
1.8521e-05
9.1327e-06
1.4653e-05
2.7624e-05
1.2072e-05
5.5198e-06
0
0
0
0
0
0
0
0
0
0
0
0
0
0
0
0
0
0
0
0
0
0
0
0
0
0
0.00017687
0.00031528
0.00031528
0.00035598
0.00014224
0.00013473
0.0001268
0.00010169
5.869e-05
3.5958e-05
0.0002129
0.00022422
0.0002958
0.00035357
0.00031185
0.00043731
0.00059675
0.00075155
0.0015667
0.0024457
0.0027204
0.0027906
0.0029993
0.0029154
0.002999
0.0030049
0.0030608
0.0024589
0.0019563
0.0013169
0.00086478
0.00077225
0.00065341
0.00040627
0.00022383
0.0001534
8.8898e-05
4.1068e-05
3.7509e-06
1.4887e-06
4.6793e-06
1.2854e-05
0.00065341
0.00040627
0.00022383
0.0001534
8.8898e-05
4.1068e-05
3.7509e-06
1.4887e-06
4.6793e-06
1.2854e-05
4.2803e-05
8.6514e-05
0.00012383
0.00017302
0.00095813
0.00098112
0.00097914
0.0001617
0.00012235
9.6262e-05
4.8164e-05
2.0954e-05
4.1432e-05
4.8833e-05
4.9632e-05
4.011e-05
2.1381e-05
7.6186e-05
7.6148e-05
5.5432e-05
4.9778e-05
2.4597e-05
1.9106e-05
0
0
0
0
0
0
0
0
0
0
0
0
0
0
0
0
0
0
0
0
0
0
0
0
0
0
0.00023747
0.00031528
0.00031528
0.0003329
0.00010608
0.00010974
0.00010878
7.8695e-05
3.569e-05
4.9051e-06
0
3.9048e-05
4.6584e-05
9.1507e-05
0.00010924
0.00013197
0.00017815
0.00042913
0.0008446
0.001378
0.0013769
0.0015043
0.0014161
0.0013202
0.0012006
0.0012461
0.0017342
0.0016512
0.0015105
0.00079544
0.0005332
0.00033995
0.00023248
0.00017104
0.00012001
0.00010043
8.7852e-05
4.752e-05
3.6928e-05
3.2939e-05
4.5547e-05
3.411e-05
0.00023248
0.00017104
0.00012001
0.00010043
8.7852e-05
4.752e-05
3.6928e-05
3.2939e-05
4.5547e-05
3.411e-05
4.6977e-05
8.4311e-05
9.2728e-05
9.9114e-05
7.4392e-05
7.4538e-05
8.6276e-05
0.00014097
0.00014241
0.00013241
6.9332e-05
4.0738e-05
6.5531e-05
8.8216e-05
7.928e-05
6.7036e-05
5.5215e-05
9.1896e-05
9.5647e-05
0.00010946
0.0001175
8.6665e-05
3.2642e-05
2.0118e-05
0
0
0
0
0
0
0
0
0
0
0
0
0
0
0
0
0
0
0
0
0
0
0
0
0
0
0.00030327
0.00031528
0.00019004
4.8904e-05
2.8297e-05
4.1541e-05
4.6429e-05
3.8873e-05
3.4582e-05
2.5345e-05
2.5224e-05
5.1505e-05
9.6161e-05
7.5161e-05
9.5543e-05
9.3736e-05
0.00012307
0.00027732
0.00037443
0.00044776
0.00054735
0.00061492
0.00056688
0.0004571
0.00034827
0.00040715
0.00053951
0.00052473
0.00043534
0.00028904
0.00020078
0.00014834
0.00011809
9.5747e-05
7.7716e-05
5.8719e-05
4.4505e-05
5.133e-05
6.0458e-05
6.842e-05
6.6171e-05
0.00014834
0.00011809
9.5747e-05
7.7716e-05
5.8719e-05
4.4505e-05
5.133e-05
6.0458e-05
6.842e-05
6.6171e-05
6.0835e-05
4.8478e-05
2.9063e-05
1.6823e-05
2.8201e-05
6.0638e-05
0.00010509
0.00016047
0.00014741
0.00014658
0.00011068
9.4033e-05
0.00012931
0.00013993
0.00010861
6.5706e-05
4.5266e-05
7.1603e-05
8.9646e-05
0.00014972
0.00012344
0.00012546
7.8686e-05
2.0118e-05
7.1255e-06
0
0
0
0
0
0
0
0
0
0
0
0
0
0
0
0
0
0
0
0
0
0
0
0
0
0
0
0
0
1.6099e-05
2.6211e-05
5.0038e-05
6.6639e-05
8.2667e-05
0.00010232
0.00018267
0.0016436
0.0016471
0.00045332
0.00043173
8.0986e-05
0.00010479
0.0001397
0.0001708
0.00016986
0.00013838
0.0001763
0.00018225
0.00023811
0.00026846
0.00040745
0.00041022
0.00038771
0.0002825
0.00019328
0.00015574
0.00012494
0.00014186
0.00021835
0.0001371
0.00011428
7.9732e-05
3.9099e-05
2.8611e-05
3.2048e-05
5.1698e-05
0.00012494
0.00014186
0.00021835
0.0001371
0.00011428
7.9732e-05
3.9099e-05
2.8611e-05
3.2048e-05
5.1698e-05
6.3013e-05
6.0195e-05
3.8045e-05
7.1653e-05
0.00013291
0.00018168
0.00020102
0.00018601
0.00011515
0.00012231
0.00011872
0.00013269
0.00011109
0.00012491
0.00010915
8.6109e-05
4.7466e-05
3.1132e-05
2.6696e-05
0.00010779
0.0001052
0.00014268
0.00014948
4.3799e-05
3.352e-05
7.1005e-06
0
0
0
0
0
0
0
0
0
0
0
0
0
0
0
0
0
0
0
0
0
0
0
0
0
0
0
2.1435e-05
4.0972e-05
6.2052e-05
7.9543e-05
0.00010738
0.00016768
0.00018939
0.0031064
0.0037035
0.0037251
0.0036746
0.00022012
0.00011232
0.00011709
0.00016752
0.00022382
0.00018199
0.00018424
0.00019619
0.00016231
0.0001987
0.00021117
0.00026721
0.00027838
0.00023829
0.00016191
0.00013262
0.00012076
0.00012018
0.00022941
0.000243
0.00021055
0.00022579
0.00010948
6.9119e-05
4.3506e-05
2.7908e-05
5.0698e-05
0.00012018
0.00022941
0.000243
0.00021055
0.00022579
0.00010948
6.9119e-05
4.3506e-05
2.7908e-05
5.0698e-05
9.3092e-05
9.9168e-05
0.00051868
0.00054958
0.00058353
0.00029983
0.00027429
0.00022111
0.00019197
0.00013083
0.00014849
0.0001362
0.00012869
0.00011086
9.4112e-05
9.8453e-05
5.0774e-05
1.078e-05
0
2.7908e-05
6.7333e-05
7.3488e-05
7.9753e-05
5.7109e-05
2.6395e-05
2.0239e-05
0
0
0
0
0
0
0
0
0
0
0
0
0
0
0
0
0
0
0
0
0
0
0
0
0
0
1.2139e-05
2.7064e-05
5.787e-05
8.7489e-05
0.0001256
0.0001864
0.00016259
0.00018537
0.002027
0.00341
0.0033752
0.0025881
0.00017592
8.771e-05
0.00016589
0.00023002
0.00031833
0.00029977
0.00022276
0.00025041
0.00018844
0.00022566
0.00020977
0.00021961
0.0002544
0.00020714
0.00015012
9.1365e-05
0.00011918
0.00020082
0.00020483
0.00017589
0.00017071
0.00014175
0.00011566
5.516e-05
4.42e-05
4.8921e-05
8.3667e-05
0.00020082
0.00020483
0.00017589
0.00017071
0.00014175
0.00011566
5.516e-05
4.42e-05
4.8921e-05
8.3667e-05
9.3351e-05
8.1463e-05
0.0005093
0.00048115
0.00052054
0.00047817
0.00026569
0.00028137
0.00019436
0.00021726
0.00022965
0.00017187
0.00014953
6.9813e-05
7.5337e-05
7.836e-05
6.4958e-05
2.6211e-05
1.6145e-05
1.6145e-05
4.6542e-05
3.6552e-05
4.9983e-05
4.356e-05
2.0239e-05
1.3707e-05
0
0
0
0
0
0
0
0
0
0
0
0
0
0
0
0
0
0
0
0
0
0
0
0
0
0
5.6285e-06
1.8127e-05
6.9236e-05
0.00011091
0.00012847
0.0001791
0.00022733
0.00019807
0.00021124
0.00022615
0.00021373
0.00014235
9.1649e-05
9.1716e-05
0.00017305
0.00024849
0.0002668
0.00025273
0.0002211
0.0002
0.00017785
0.00017295
0.00017719
0.00022634
0.00025734
0.00022114
0.00017599
0.00019407
0.00019134
0.00021991
0.00025975
0.0002248
0.00020819
0.00017548
0.00014799
8.2872e-05
7.5445e-05
9.1361e-05
8.3692e-05
0.00021991
0.00025975
0.0002248
0.00020819
0.00017548
0.00014799
8.2872e-05
7.5445e-05
9.1361e-05
8.3692e-05
9.3836e-05
0.00011017
0.00010823
0.00010431
0.00011804
0.00019863
0.00022315
0.00022613
0.00029287
0.0012473
0.0012755
0.0012196
0.00051603
0.00012994
0.00012293
0.00012378
0.00010559
5.3228e-05
1.6145e-05
1.6145e-05
1.6145e-05
6.8872e-06
1.7166e-05
1.3707e-05
7.1005e-06
0
0
0
0
0
0
0
0
0
0
0
0
0
0
0
0
0
0
0
0
0
0
0
0
0
0
0
0
1.1617e-05
2.8979e-05
0.00011242
0.00014223
0.00019165
0.00019208
0.00023732
0.00024678
0.00020194
0.00016758
0.00015153
0.00013998
0.00018175
0.00023978
0.00020378
0.00020329
0.00023495
0.00019965
0.00017616
0.00017176
0.00014126
0.00014561
0.00014827
0.00018053
0.00017165
0.00021303
0.00019856
0.00020415
0.00020132
0.00020655
0.0002513
0.00027021
0.00021432
0.00014866
8.5398e-05
6.7835e-05
6.408e-05
7.1389e-05
0.00020132
0.00020655
0.0002513
0.00027021
0.00021432
0.00014866
8.5398e-05
6.7835e-05
6.408e-05
7.1389e-05
0.00013362
0.00014536
0.00013911
0.00014428
0.00013909
0.00014679
0.0001914
0.00018391
0.00021783
0.0012755
0.0012362
0.0011975
0.0011695
0.00013809
0.00018764
0.00014798
9.8624e-05
2.4341e-05
1.6145e-05
1.0655e-05
5.4027e-06
0
0
0
0
0
0
0
0
0
0
0
0
0
0
0
0
0
0
0
0
0
0
0
0
0
0
0
0
0
0
0
0
0
3.3633e-05
5.9551e-05
0.00010675
0.0002015
0.00026996
0.00026379
0.00030519
0.00025371
0.00014951
0.00022496
0.0002089
0.00025432
0.00028212
0.00021957
0.00016104
0.00015376
0.00014451
0.00014327
0.00015892
0.00022039
0.0002047
0.00017208
0.00017172
0.00024957
0.00025718
0.00026827
0.00024794
0.00028709
0.00029748
0.0002828
0.00031614
0.00022082
0.0002067
0.00017521
8.0397e-05
5.8564e-05
0.00010306
0.00028709
0.00029748
0.0002828
0.00031614
0.00022082
0.0002067
0.00017521
8.0397e-05
5.8564e-05
0.00010306
0.0001094
0.00014998
0.00016137
0.00012254
0.00012646
0.00015993
0.00018902
0.00018494
0.00021551
0.00018973
0.00019413
0.00013034
8.9111e-05
0.00010161
0.00010781
8.5862e-05
4.0428e-05
1.1868e-05
0
0
0
0
0
0
0
0
0
0
0
0
0
0
0
0
0
0
0
0
0
0
0
0
0
0
0
0
0
0
0
0
0
0
0
1.2131e-05
3.2805e-05
0.00011179
0.00014251
0.00016847
0.00024061
0.00030953
0.00032656
0.00025073
0.00014909
0.00019126
0.00019179
0.00023242
0.00026715
0.00017753
0.00014232
0.00013894
8.5824e-05
0.00015628
0.00019135
0.00022072
0.00021095
0.00026255
0.00029419
0.00032786
0.00034267
0.00028352
0.00030527
0.00022894
0.00029493
0.0005021
0.00030822
0.00017093
0.00017614
0.00016124
0.00011421
9.7608e-05
0.00011094
0.00022894
0.00029493
0.0005021
0.00030822
0.00017093
0.00017614
0.00016124
0.00011421
9.7608e-05
0.00011094
0.00011801
0.00013869
0.000142
0.00013753
0.00011106
9.9398e-05
0.00018094
0.00022304
0.00024992
0.00026084
0.00018441
0.00012644
4.8315e-05
3.9395e-05
4.5082e-05
1.1483e-05
1.1483e-05
2.606e-05
2.606e-05
5.2434e-05
2.6374e-05
0
0
0
0
0
0
0
0
0
0
0
0
0
0
0
0
0
0
0
0
0
0
0
0
0
0
0
0
0
0
0
0
1.9399e-05
6.3695e-05
0.00011488
0.0001771
0.00023488
0.00034168
0.00030601
0.00028551
0.0002253
0.00024419
0.00026564
0.00024234
0.00022147
0.00019676
0.0002343
0.00018989
0.00014908
0.0001521
0.00017445
0.00020341
0.00025055
0.00027734
0.00033128
0.00034198
0.00034815
0.00037914
0.00030878
0.00029082
0.00038869
0.00063557
0.00059891
0.00061321
0.0004684
0.0001631
0.00017513
0.00018153
0.00011994
8.6531e-05
0.00038869
0.00063557
0.00059891
0.00061321
0.0004684
0.0001631
0.00017513
0.00018153
0.00011994
8.6531e-05
0.00018167
0.00021485
0.00026042
0.00023723
0.00013675
9.0679e-05
0.00010835
0.00019332
0.00022829
0.00022194
0.0002027
0.00011119
8.8225e-05
3.1956e-05
1.592e-05
1.0442e-05
3.2563e-05
3.2215e-05
7.9899e-05
7.3744e-05
5.7778e-05
2.6374e-05
0
0
0
0
0
0
0
0
0
0
0
0
0
0
0
0
0
0
0
0
0
0
0
0
0
0
0
0
0
0
0
7.2677e-06
4.9239e-05
9.0642e-05
0.00015474
0.00025377
0.00028509
0.00038188
0.00028807
0.00029731
0.00025503
0.00027266
0.00026668
0.00025338
0.00022049
0.00019828
0.00026665
0.00024991
0.00025503
0.00021145
0.00016146
0.00021898
0.00026327
0.00023652
0.0002243
0.00027078
0.00028748
0.00026804
0.00029797
0.00026015
0.00026701
0.00026739
0.00013212
0.00013325
0.00017003
0.00018664
0.00015815
9.2565e-05
3.5644e-05
0.00026015
0.00026701
0.00026739
0.00013212
0.00013325
0.00017003
0.00018664
0.00015815
9.2565e-05
3.5644e-05
9.0395e-05
0.00013143
0.0002245
0.00020727
0.00014096
0.00012049
0.00014047
0.00019205
0.000172
0.0001579
9.4606e-05
7.4057e-05
6.893e-05
5.3462e-05
2.1485e-05
3.5795e-05
5.4566e-05
8.4695e-05
9.7993e-05
9.0759e-05
4.7683e-05
2.6374e-05
0
0
0
0
0
0
0
0
0
0
0
0
0
0
0
0
0
0
0
0
0
0
0
0
0
0
0
0
0
0
0
0
2.0285e-05
3.7108e-05
5.682e-05
0.00011932
0.00022081
0.00027753
0.00025028
0.0002025
0.00020061
0.00022926
0.00027642
0.00028134
0.00030863
0.00025063
0.00034702
0.00024489
0.00036952
0.0003631
0.00032546
0.00038823
0.00038887
0.00031966
0.00026435
0.00022836
0.00026284
0.00028546
0.00028316
0.00024889
0.00019289
0.0001751
0.00014709
0.00017494
0.00019729
0.00020833
0.0001081
5.3061e-05
4.8633e-05
0.00024889
0.00019289
0.0001751
0.00014709
0.00017494
0.00019729
0.00020833
0.0001081
5.3061e-05
4.8633e-05
6.1767e-05
7.7407e-05
9.3243e-05
0.00012572
0.00017246
0.0001625
0.00019052
0.00017052
0.00012187
5.1497e-05
3.0488e-05
4.4418e-05
4.0194e-05
4.0182e-05
1.3482e-05
2.6633e-05
4.4727e-05
4.4083e-05
5.2149e-05
3.2169e-05
2.131e-05
0
0
0
0
0
0
0
0
0
0
0
0
0
0
0
0
0
0
0
0
0
0
0
0
0
0
0
0
0
0
0
0
0
0
0
0
3.8998e-05
0.00010672
0.00019115
0.00017933
0.00015864
0.00013684
0.00019897
0.00026859
0.00029408
0.0003527
0.00025909
0.00020071
0.00024678
0.00022166
0.00025239
0.00037591
0.00040227
0.00042382
0.00042333
0.00025519
0.00022983
0.0002976
0.00032828
0.0003592
0.00031925
0.00020266
0.00020418
0.00014855
0.00020981
0.00016786
0.00010915
6.4423e-05
2.6813e-05
2.3618e-05
0.00031925
0.00020266
0.00020418
0.00014855
0.00020981
0.00016786
0.00010915
6.4423e-05
2.6813e-05
2.3618e-05
5.8355e-05
8.9027e-05
0.00015055
0.00014263
0.0001842
0.0001465
0.00010357
7.7231e-05
2.3405e-05
1.7927e-05
0
0
6.6823e-06
6.6823e-06
2.0239e-05
1.3557e-05
2.0147e-05
2.0582e-05
0
0
0
0
0
0
0
0
0
0
0
0
0
0
0
0
0
0
0
0
0
0
0
0
0
0
0
0
0
0
0
0
0
0
0
0
0
0
0
7.4475e-06
4.5467e-05
9.1649e-05
9.7006e-05
0.00010321
0.0001455
0.00020898
0.0002939
0.00036497
0.00032262
0.00025461
0.00020814
0.00012729
0.00020212
0.00024408
0.00025708
0.00035068
0.00034027
0.00031319
0.00025472
0.0001986
0.00016823
0.0001927
0.00025217
0.00026109
0.00027335
0.00027234
0.00022909
0.00015725
0.00010406
2.1858e-05
1.1282e-05
5.7163e-06
8.3006e-06
0.00026109
0.00027335
0.00027234
0.00022909
0.00015725
0.00010406
2.1858e-05
1.1282e-05
5.7163e-06
8.3006e-06
1.5911e-05
4.1616e-05
9.5137e-05
8.6836e-05
7.6687e-05
3.1325e-05
2.0298e-05
5.478e-06
0
0
0
0
0
0
0
0
6.7576e-06
0
0
0
0
0
0
0
0
0
0
0
0
0
0
0
0
0
0
0
0
0
0
0
0
0
0
0
0
0
0
0
0
0
0
0
0
0
0
0
0
0
0
0
1.0233e-05
4.7516e-05
0.00014077
0.00018937
0.00030419
0.00038286
0.00035877
0.00035099
0.00023147
0.0001665
0.00024681
0.00024431
0.0003135
0.00028831
0.00025723
0.00025999
0.00020969
0.00026485
0.0002226
0.00022494
0.00023513
0.00021026
0.00026055
0.00024821
0.00018764
0.00012914
4.4263e-05
2.9297e-05
5.7163e-06
1.3866e-05
8.3006e-06
0.00021026
0.00026055
0.00024821
0.00018764
0.00012914
4.4263e-05
2.9297e-05
5.7163e-06
1.3866e-05
8.3006e-06
8.3006e-06
1.5911e-05
2.1628e-05
5.7163e-06
0
0
0
0
0
0
0
7.389e-06
0
0
0
0
0
0
0
0
0
0
0
0
0
0
0
0
0
0
0
0
0
0
0
0
0
0
0
0
0
0
0
0
0
0
0
0
0
0
0
0
0
0
0
0
0
0
0
0
0
4.3937e-05
6.7747e-05
0.00015273
0.00026933
0.00030003
0.000338
0.00031734
0.0003035
0.00020973
0.00016955
0.00024547
0.00024035
0.00022754
0.00018348
0.0001101
0.0001093
0.00021404
0.00026648
0.00023993
0.00025024
0.00024376
0.00032706
0.00031132
0.00021791
0.0001571
9.6446e-05
5.1689e-05
2.0323e-05
2.0323e-05
1.3866e-05
0.00024376
0.00032706
0.00031132
0.00021791
0.0001571
9.6446e-05
5.1689e-05
2.0323e-05
2.0323e-05
1.3866e-05
6.9625e-06
0
0
0
0
0
0
0
0
3.9851e-05
4.7617e-05
4.7617e-05
3.9107e-05
0
0
0
0
0
0
0
0
0
0
0
0
0
0
0
0
0
0
0
0
0
0
0
0
0
0
0
0
0
0
0
0
0
0
0
0
0
0
0
0
0
0
0
0
0
0
0
0
0
2.9117e-05
5.8426e-05
0.00011979
0.00014964
0.00020837
0.00025764
0.00021894
0.0002101
0.00017701
0.000129
0.00012895
0.00010104
7.6156e-05
7.2263e-05
0.00010472
0.0001296
0.00010728
4.7884e-05
8.8476e-05
0.00015263
0.0002172
0.00021885
0.00017755
7.5479e-05
2.5211e-05
2.5211e-05
0
0
0
0.00015263
0.0002172
0.00021885
0.00017755
7.5479e-05
2.5211e-05
2.5211e-05
0
0
0
0
0
0
0
0
0
0
0
0
3.2462e-05
4.7617e-05
4.7617e-05
3.9107e-05
7.7653e-06
0
0
0
0
0
0
0
0
0
0
0
0
0
0
0
0
0
0
0
0
0
0
0
0
0
0
0
0
0
0
0
0
0
0
0
0
0
0
0
0
0
0
0
0
0
0
0
1.0233e-05
8.0618e-05
8.0618e-05
8.1639e-05
2.1937e-05
3.7543e-05
8.6079e-05
0.0001409
0.00012564
6.3787e-05
5.851e-05
9.6847e-05
0.00012261
7.7992e-05
0.00012349
0.00015358
0.0001697
0.0001581
4.9632e-05
2.5295e-05
6.6271e-05
7.3735e-05
4.8382e-05
1.5079e-05
0
0
0
0
0
0
6.6271e-05
7.3735e-05
4.8382e-05
1.5079e-05
0
0
0
0
0
0
0
0
0
0
0
0
0
0
0
0
0
7.7653e-06
0
0
0
0
0
0
0
0
0
0
0
0
0
0
0
0
0
0
0
0
0
0
0
0
0
0
0
0
0
0
0
0
0
0
0
0
0
0
0
0
0
0
0
0
0
0
0
0
0
4.0478e-05
0.00014077
0.00014077
0.00014077
0
1.7036e-05
3.4156e-05
5.1585e-05
3.4465e-05
1.7429e-05
0.00015993
0.00021088
0.00024627
0.00024627
0.00014209
0.00015846
0.00016518
0.00012395
5.1827e-05
3.4315e-05
0
0
0
0
0
0
0
0
0
0
0
0
0
0
0
0
0
0
0
0
0
0
0
0
0
0
0
0
0
0
0
0
0
0
0
0
0
0
0
0
0
0
0
0
0
0
0
0
0
0
0
0
0
0
0
0
0
0
0
0
0
0
