0
0
0
0
0
0
0
0
0
0
0
0
0
0
0
0
0
0
0
0
0
0
0
0
0
0
0
0
0
0
0
0
0
0
0
0
0
0
0
0
0
0
0
0
0
0
0
0
0
0
0
0
0
0
0
0
0
0
0
0
0
0
0
0
0
0
0
0
0
0
0
0
0
0
0
0
0
0
0
0
0
0
0
0
0
0
0
0
0
0
0
0
0
0
0
0
0
0
0
0
0
0
0
0
0
0
0
0
0
0
0
0
0
0
0
0
0
0
0
0
0
0
0
0
0
0
0
0
0
0
0
0
0
0
0
0
0
0
0
0
0
0
0
0
0
0
0
0
0
0
0
0
0
0
0
0
0
0
0
0
0
0
0
0
0
0
0
0
0
0
0
0
0
0
0
0
0
0
0
0
0
0
0
0
0
0
0
0
0
0
0
0
0
0
0
0
0
0
0
0
0
0
0
0
0
0
0
0
0
0
0
0
0
0
0
0
0
0
0
0
0
0
0
0
0
0
0
0
0
0
0
0
0
0
0
0
0
0
0
0
0
0
0
0
0
0
0
0
0
0
0
0
0
0
0
0
0
0
0
0
0
0
0
0
0
0
0
0
0
0
0
0
0
0
0
0
0
0
0
0
0
0
0
0
0
0
0
0
0
0
0
0
0
0
0
0
0
0
0
0
0
0
0
0
0
0
0
0
0
0
0
0
0
0
0
0
0
0
0
0
0
0
0
0
0
0
0
0
0
0
0
0
0
0
0
0
0
0
0
0
0
0
0
0
0
0
0
0
0
0
0
0
0
0
0
0
0
0
0
0
0
0
0
0
0
0
0
0
0
0
0
0
0
0
0
0
0
0
0
0
0
0
0
0
0
0
0
0
0
0
0
0
0
0
0
0
0
0
0
0
0
0
0
0
0
0
0
0
0
0
0
0
0
0
0
0
0
0
0
0
0
0
0
0
0
0
0
0
0
0
0
0
0
0
0
0
0
0
0
0
0
0
0
0
0
0
0
0
0
0
0
0
0
0
0
0
0
0
0
0
0
0
0
0
0
0
0
0
0
0
0
0
0
0
0
0
0
0
0
0
0
0
0
0
0
0
0
0
0
0
0
0
0
0
0
0
0
0
0
0
0
0
0
0
0
0
0
0
0
0
0
0
0
0
0
0
0
0
0
0
0
0
0
0
0
0
0
0
0
0
0
0
0
0
0
0
0
0
0
0
0
0
0
0
0
0
0
0
0
0
0
0
0
0
0
0
0
0
0
0
0
0
0
0
0
0
0
0
0
0
0
0
0
0
0
0
0
0
0
0
0
0
0
0
0
0
0
0
0
0
0
0
0
0
0
0
0
0
0
0
0
0
0
0
0
0
0
0
0
0
0
0
0
0
0
0
0
0
0
0
0
0
0
0
0
0
0
0
0
0
0
0
0
0
0
0
0
0
0
0
0
0
0
0
0
0
0
0
0
0
0
0
0
0
0
0
0
0
0
0
0
0
0
0
0
0
0
0
0
0
0
0
0
0
0
0
0
0
0
0
0
0
0
0
0
0
0
0
0
0
0
0
0
0
0
0
0
0
0
0
0
0
0
0
0
0
0
0
0
0
0
0
0
0
0
0
0
0
0
0
0
0
0
0
0
0
0
0
0
0
0
0
0
0
0
0
0
0
0
0
0
0
0
0
0
0
0
0
0
0
0
0
0
0
0
0
0
0
0
0
0
0
0
0
0
0
0
0
0
0
0
0
0
0
0
0
0
0
0
0
0
0
0
0
0
0
0
0
0
0
0
0
0
0
0
0
0
0
0
0
0
0
0
0
0
0
0
0
0
0
0
0
0
0
0
0
0
0
0
0
0
0
0
0
0
0
0
0
0
0
0
0
0
0
0
0
0
0
0
0
0
0
0
0
0
0
0
0
0.00019864
0.00031326
0
0
0
0
0
0
0
0
0.00019864
0.00031326
0
0
0
0
0
0
0
0
0
0
0
0
0
0
0
0
0
0
0
0
0
0
0
0
0
0
0
0
0
0
0
0
0
0
0
0
0
0
0
0
0
0
0
0
0
0
0
0
0
0
0
0
0
0
0
0
0
0
0
0
0
0
0
0
0
0
0
0
0
0
0
0
0
0
0
0
0
0
0
0
0
0
0
0
0
0
0
0
0.00066585
0.001439
0.001439
0.001439
0.00077316
0
0
0
0
0
0.00066585
0.001439
0.001439
0.001439
0.00077316
0
0
0
0
0
0
0
0
0
0
0
0
0
0
0
0
0
0
0
0
0
0
0
0
0
0
0
0
0
0
0
0
0
0
0
0
0
0
0
0
0
0
0
0
0
0
0
0
0
0
0
0
0
0
0
0
0
0
0
0
0
0
0
0
0
0
0
0
0
0
0
0
0
0
0
0
0
0
0
0
0
0
0
0
0
0
0
0.00041991
0.0010691
0.00074555
0
0
0
0
0
0
0
0.00041991
0.0010691
0.00074555
0
0
0
0
0
0
0
0
0
0
0
0
0
0
0
0
0
0
0
0
0
0
0
0
0
0
0
0
0
0
0
0
0
0
0
0
0
0
0
0
0
0
0
0
0
0
0
0
0
0
0
0
0
0
0
0
0
0
0
0
0
0
0
0
0
0
0
0
0
0
0
0
0
0
0
0
0
0
0
0
0
0
0
0
0
0
0
0
0
0
0
0
0
0
0
0
0
0
0
0
0
0
0
0
0
0
0
0
0
0
0
0
0
0
0
5.2712e-05
0.00012764
0
8.6535e-05
0
0
0
0
0
0
0
0
0
0
0
0
0
0
0
0
0
0
0
0
0
0
0
0
0
0
0
0
0
0
0
0
0
0
0
0
0
0
0
0
0
0
0
0
0
0
0
0
0
0
0
0
0
0
0
0
0
0
0
0
0
0
0
0
0
0
0
0
0
0
4.701e-05
0.0010156
0.0010156
0.00058288
0
0
0
0
0
0
4.701e-05
0.0010156
0.0010156
0.00058288
0
0
0
0
0
0
0
0
0
0
0
0
0.0004518
0.0011271
0.0062664
0.0062191
0.0053401
0.0051329
0
0
0
0
0
0
0
0
0
0
0
0
0
0
0
0
0
0
0
0
0
0
0
0
0
0
0
0
0
0
0
0
0
0
0
0
0
0
0
0
0
0
0
0
0
0
0
0
0.00011404
0.00011404
0
0
0
0
0
0
0
0
0
0
0
0
0
0
0
0
0
0
0
0.00097227
0.0010156
0.0010156
0.0010156
0
0
0
0
0
0
0.00097227
0.0010156
0.0010156
0.0010156
0
0
0
0
0
0
0
0
0
0
0
9.3555e-05
0.00068403
0.0011716
0.0061274
0.0062582
0.00534
0.0043147
0
0
0
0
0
0
0
0
0
0
0
0
0
0
0
0
0
0
0
0
0
0
0
0
0
0
0
0
0
0
0
0
0
0
0
0
0
0
0
0
0
0
0
0
0
0
0
0.0088212
0.014851
0.014763
0.0094593
4.935e-05
0.00017985
0.00017985
0
0
0
0
0
0
0
0
0
0
0
0
0
0
0
0
0.00042125
0.00042125
0.00042125
0
0
0
0
0
0
0
0.00042125
0.00042125
0.00042125
0
0
0
0
0
0
0
0.0032288
0.0032288
0.0032288
0.001676
0
9.3555e-05
0.00026157
0.00033113
4.4521e-05
0
0
0
0
0
0
0
0
0
0
0
0
0
0
0
0
0
0
0
0
0
0
0
0
0
0
0
0
0
0
0
0
0
0
0
0
0
0
0
0
0
0
0
0
0
0
0
0
4.1698e-05
0.013948
0.015965
0.015965
0.015923
0.0002292
0.00085485
0.00084109
0.00040682
8.1297e-05
0
0
3.2392e-05
6.2463e-05
9.2794e-05
9.2794e-05
3.0331e-05
0
0
0
5.4699e-05
5.4699e-05
0
0.00077415
0.0010802
0.0010802
0.0010802
0
0
0
0
0
0
0.00077415
0.0010802
0.0010802
0.0010802
0
0
0
0
0
0
0
0.0032288
0.0032288
0.0032288
0.0020604
0
0
0
0
0
0
0
0
0
0
0
0
0
0
0
0
0
0
0
0
0
0
0
0
0
0
0
0
0
0
0
0
0
0
0
0
0
0
0
0
0
0
0
0
6.1572e-05
0
0
0
0
0
0
0
0
4.1698e-05
0.00037196
0.0090805
0.0073657
0.002217
0.0014552
0.0011622
0.0011622
0.00092348
0.00027883
0
0
3.0071e-05
9.2794e-05
9.2794e-05
9.2794e-05
3.0331e-05
0.00058134
0.00051239
0.00017171
0.001822
0.001822
0.001822
0.0019953
0.00065892
0.00056503
0.00030032
0
0
0
0
0
0.001822
0.0019953
0.00065892
0.00056503
0.00030032
0
0
0
0
0
0
0.00012264
0.00016547
4.2831e-05
0.00014554
0.00014554
0
0
0
0
0
0
0
0
0
0
0
0
0
0
0
0
0
0
0
0
0
0
0
0
0
0
0
0
0
0
0
0
0
0
0
0
0
0
0
0
0
0
0
0.00025704
0.001822
0.0019963
0.0012735
0.0001049
0
0
0
0
0
0
0.00085312
0.0008881
0.001041
0.00095784
0.00024268
0.00070045
0.00075539
0.00017879
8.9246e-05
0
2.9792e-05
0.00017123
0.00013223
2.8993e-05
0.00038249
0.0022555
0.0028614
0.0028614
0.0020474
0.0017217
0.0017673
0.001717
0
0
0
0
0
0
0
0
0
0.001717
0
0
0
0
0
0
0
0
0
0.00012264
0.00070972
0.0017532
0.0020162
0.0017248
0.00073158
0.00029491
0
0
0
0
0
0
0
0
0
0
0
0
0
0
0
0
0
0
0
0
0
0
0
0
0
0
0
0
0
0
0
0
0
0
0
0
0
0
0
0
0
0
0.0014855
0.0019963
0.0020334
0.0020334
0.00054785
3.711e-05
0
0
0
0
0
0.00011798
8.659e-05
0.00071315
5.4885e-05
2.7378e-05
2.7378e-05
0
0
0
0.00022656
0.00047652
0.00047652
0.00047652
0.00024996
7.8418e-05
0.0011193
0.0020944
0.002263
0.00093275
0
0
0
0
0
0
0
0
0
0
0
0.0011727
0
0
0
0
0
0
0
0
0
0.0011727
0.0014413
0.0023205
0.0031313
0.0022178
0.0021254
0.0010715
0.00027127
0
0
0.00016166
7.4833e-05
0.00028713
0.00031334
6.6104e-05
0
0
0
0
0
0
0
0
0
0
0
0
0
0
0
0
0
0
0
0
0
0
0
0
0
0
0
0
0
0
0
0
0
0
0
0.0011258
0.0019963
0.0020334
0.0017763
0.00051505
3.711e-05
0
0
0
0
0.0018928
0.0020613
0.0020888
0.0014375
5.4885e-05
5.4885e-05
2.7378e-05
0
0
0
0
0.00017608
0.0003443
0.00012922
0
0
7.8418e-05
7.8418e-05
0
0
0
0
0
0
0
0
0
0
0
0
0
0
0
0
0
0
0
0
0
0
0
0
0.0013116
0.0013426
0.001229
0.0005581
0.0060989
0.0062207
0.005765
0.00028505
0.00014064
0.00024495
0.00072758
0.001088
0.000985
0.00078849
0.00019422
0
0
0
0
0
0
0
0
0
0
0
0
0
0
0
0
0
0
0
0
0
0
0
0
0
0
0
0
0
0
0
0
0
0
0
0.00079935
0.0012073
0.00024582
0
0
7.6468e-05
4.5617e-05
0.0010526
0.00035368
0.0020613
0.0020897
0.0021125
0.0018416
8.4826e-05
0
0
0
0
0
0
0
0
0
0
0
0
0
0
0
0
0
0
0
0
0
0
0
0
0
0
0
0
0
0
0
0
0
0
0
0
0
0
0
7.0561e-05
0.0018072
0.0059914
0.0058974
0.005735
0.0034183
8.6832e-05
0.00020158
0.00050102
0.00092638
0.00088069
0.00074235
0.00011759
0
0
0
0
0
0
0
0
0
0
0
0
0
0
0
0
0
0
0
0
0
0
0
0
0
0
0
0
0
0
0
0
0
0
0
0
0
0
0
0.00019298
0.00019298
0.0026321
0.0029026
0.0027966
0.0031027
0.00062872
0.00063147
0.00019422
0.00014151
6.8574e-05
3.9673e-05
0
0
0
4.3444e-05
4.3444e-05
0
0
0
0
0
0
0
0
0
0
0
0
0
0
0
0
0
0
0
0
0
0
0
0
0
0
0
0
0
0
0
0
0.00022996
0.00035661
0.00037769
0.00038091
0.00015416
0
0
0
0
9.2199e-05
0.00020383
0
0
0
0
0
0
0
0
0
0
0
0
0
0
0
0
0
0
0
0
0
0
0
0
0
0
0
0
0
0
0
0
0
0
0
0
0
0
0.00014909
0.00029586
0.00078676
0.00093873
0.00046499
0.0029895
0.0028718
0.0027966
0.0027966
0.00010128
0.00014803
0.00021661
0.00017034
9.0324e-05
3.9673e-05
0
0
0.00012998
0.00057534
0.00057534
0.00058498
0.00044744
5.1412e-05
5.1412e-05
4.1103e-05
0
0.00016516
0.00016516
0.00016516
0.00016516
0
0
0
0
0
0.00010217
0.00014627
4.4094e-05
0
0.00051399
0
0
0
0
0
0.00010217
0.00014627
4.4094e-05
0
0.00051399
0.0024847
0.0024847
0.0026266
0.00039311
0.00037769
0.00040964
0.00043499
0.00041191
0.00038776
0
4.8236e-05
0.00018523
0.00072981
0.000323
0.00016191
0
0
0
0
0
0
0
0
0
0
0
0
0
0
0
0
0
0
0
0
0
0
0
0
0
0
0
0
0
0
0
0
2.5334e-05
0.00083043
0.00083043
0.00044278
0.00029586
0.0006399
0.0009162
0.0009162
0.00064993
0.00025078
0.00095032
0.00095032
0
2.3384e-05
8.0015e-05
0.00010176
7.2549e-05
8.5792e-05
0
0
0
4.1772e-05
0.00052812
0.00059413
0.00064538
0.00015665
0.0032359
0.0066789
0.0052611
0.0011187
0.00042875
0.00060244
0.00053836
8.308e-05
0
0
0
3.919e-05
0.00013808
0.00025632
0.00036664
0.00036664
0.00021761
0.00060403
0
0
0
3.919e-05
0.00013808
0.00025632
0.00036664
0.00036664
0.00021761
0.00060403
0.002504
0.002504
0.002504
6.8797e-05
0.00023113
0.00048728
0.0013619
0.0015113
0.0013307
0.00079631
9.753e-05
0.00086512
0.00093932
0.00093932
0.00084179
7.4202e-05
0
0
0
0
0
0
0
0
0
0
0
0
0
0
0
0
0
0
0
0
0
0
0
0
0
0
0
0
0
0
0
0.0013942
0.0027494
0.0027494
0.00083043
8.3526e-05
0.00053174
0.00082928
0.00076861
0.00053342
6.5565e-05
0
0
0.0001047
0.00012212
0.00014629
6.5899e-05
0.0004526
0.00042844
0.00042844
0.00018665
0.00017327
0.00020563
0.00017938
9.3221e-05
9.2422e-05
0.00027171
0.007621
0.0077048
0.0078082
0.0071131
0.00064404
0.00065381
0.00050743
0.00018875
0.00014029
0.00022827
0.00027082
0.00025615
9.5524e-05
0.00029731
0.00031818
0.00045749
0.00047805
0.00021941
0.00014029
0.00022827
0.00027082
0.00025615
9.5524e-05
0.00029731
0.00031818
0.00045749
0.00047805
0.00021941
0.0001039
1.9372e-05
1.9372e-05
9.7196e-05
0.00030823
0.00056025
0.0015751
0.0016815
0.0014573
0.00070771
0
0.00077742
0.00077742
0.00075409
7.4202e-05
0
0.0023503
0.0022825
0
0
0
0
0
0
0
0
0
0
0
0
0
0
0
0
0
0
0
0
0
0
0
0
0
0
0
0
4.8347e-05
0.0026572
0.0027494
0.0027494
0.0027494
0
2.4499e-05
2.4499e-05
2.552e-05
0
0
0
0
0.00023494
0.00035034
0.0016602
0.0025496
0.0025384
0.00058297
0.00074001
0.00021051
0.00061107
0.00057979
0.00039424
0.00043384
0.00044723
0.00040842
0.00087818
0.0033503
0.0015467
0.0014516
0.0013391
0.00089035
0.00077099
0.00034922
0.00013705
0.00026087
0.00019525
0.0002302
0.00036259
0.00045323
0.00085368
0.0010609
0.00089659
0.00065559
0.00013705
0.00026087
0.00019525
0.0002302
0.00036259
0.00045323
0.00085368
0.0010609
0.00089659
0.00065559
0.00025555
0
0
0
0.00020256
0.00033787
0.00052654
0.00032886
0.00038031
0.00014237
0
0
0
0
0
0.003906
0.003906
0.003906
0.0033656
0
0
0
0
0
0
0
0
0
0
0
0
0
0
0
0
0
0
0
0
0
0
0
0
0
0
0.0011384
0.0011661
0.0030851
0.0027771
0.0027771
0.0022922
2.4499e-05
2.4499e-05
2.4499e-05
2.4499e-05
0
0
0
0.00024302
0.00041284
0.00081362
0.0027977
0.0024235
0.002529
0.0021377
0.00040871
0.00092983
0.0011043
0.0010058
0.0010972
0.00065301
0.00058858
0.00061079
0.00083778
0.0015597
0.002684
0.0031323
0.0030641
0.0018987
0.0011358
0.00056629
0.00077556
0.00035073
0.00021328
9.8032e-05
8.1575e-05
0.00011486
0.00036885
0.00052959
0.00060966
4.6434e-05
0.00077556
0.00035073
0.00021328
9.8032e-05
8.1575e-05
0.00011486
0.00036885
0.00052959
0.00060966
4.6434e-05
0
0
0
0
0
0
0
0
5.3251e-05
0.00011857
8.9265e-05
0
0
0
0
0.003906
0.003906
0.003906
0.0032848
0.0012726
0.00086991
0
0
0
0
0
0
0
0
0
0
0
0
0
0
0
0
0
0
0
0
0
0
0
0.00085871
0.0012269
0.0012784
0.0031535
0.002054
0.0019466
0
2.4499e-05
0.00027459
0.00067198
0.00067198
0
0
0
0.00024302
0.00024302
0.00040138
0.0012945
0.0025121
0.0015491
0.0012047
0.0015313
0.0023946
0.0022453
0.0019889
0.0014786
0.0012234
0.0020523
0.0024271
0.0021322
0.0022433
0.003123
0.0034663
0.0034532
0.0022422
0.0023321
0.0014703
0.00085649
0.00073431
0.00041228
5.2879e-05
0
0
0.00025756
0.00035336
0.00040736
0.00040736
0.00085649
0.00073431
0.00041228
5.2879e-05
0
0
0.00025756
0.00035336
0.00040736
0.00040736
5.3994e-05
0
0
0
0
0
0
0.00026646
0.0003797
0.0056269
0.0060826
0.0058162
0.0019344
0.00053267
0.00031291
0
0.00063407
0.0020881
0.0028685
0.0028685
0.0017844
0.00045882
0
0
0
0
0
0
0
0
0
0
0
0
0
0
0
0
0
0
0
0
0
0
0.001031
0.0012507
0.0012784
0.0012784
0.00024736
2.7693e-05
0
0
0.00067198
0.00064748
0.00064748
0.00064748
0
0
7.2159e-05
0.00032899
0.00045273
0.00049103
0.0006813
0.00093684
0.0016576
0.0032052
0.0042878
0.0042689
0.0030982
0.0029187
0.0038795
0.0065772
0.0071825
0.0078089
0.0050671
0.0045612
0.0053497
0.0052068
0.0045806
0.0027249
0.0019793
0.00075355
0.00054391
0.00040749
0.00028676
1.9781e-05
0
0.00023425
0.00057487
0.00024811
0.00017539
0.00075355
0.00054391
0.00040749
0.00028676
1.9781e-05
0
0.00023425
0.00057487
0.00024811
0.00017539
0.00027379
0.00036544
0.00052926
0.00071716
0.00050825
0.00047092
0.00029956
3.3395e-05
0.00049553
0.0063144
0.0064294
0.0065129
0.0086744
0.0032904
0.0027485
0.00055335
0.00021867
0.0018413
0.0031835
0.0028685
0.0027736
0.00026791
0
0
0
0
0
0
0
0
0
0
0
0
0
0
0
0
0
0
0
0
0
0
0
0.0012507
0.0012507
0.0012784
0.00013997
0
0
0
0.00077378
0.00077378
0.00064748
0.00048464
0
2.0208e-05
0.00042352
0.00044972
0.00063657
0.00075114
0.00089475
0.00087406
0.0013039
0.0036999
0.0065076
0.0077908
0.009064
0.0068797
0.0072079
0.0098303
0.0093474
0.0095711
0.0066428
0.006755
0.0066855
0.0061914
0.0060811
0.0045337
0.0029431
0.0014929
0.0010124
0.0021766
0.0019589
0.00083583
0.0014109
0.0013999
0.0014497
0.00099267
0.00027326
0.0014929
0.0010124
0.0021766
0.0019589
0.00083583
0.0014109
0.0013999
0.0014497
0.00099267
0.00027326
0.0004273
0.00066559
0.00074456
0.0011605
0.00074917
0.00069672
0.00072131
0.00047524
0.0010014
0.00084803
0.0029246
0.0025776
0.004241
0.0044651
0.0035106
0.0022751
0.00026495
0.001922
0.0021941
0.002651
0.00044744
0
0
0
0
0
0
0
0
0
0
0
0
0
0
0
0
0
0
0
0
0
0
0
0
0.00011228
0.00069893
0.00011228
2.3774e-05
0
0
0.0001263
0.0001263
0.00031003
0.00309
0.0029901
0.0029487
0.00014909
0.00051271
0.00040496
0.00040496
0.0007472
0.0009771
0.0034003
0.0052319
0.0078259
0.0090652
0.010677
0.01127
0.010944
0.0096263
0.0089454
0.0084445
0.0076225
0.007166
0.0064443
0.0059425
0.005579
0.0052311
0.0047574
0.005465
0.004131
0.0053367
0.0036656
0.0040733
0.005048
0.00299
0.0025867
0.0013311
0.00071603
7.7749e-05
0.004131
0.0053367
0.0036656
0.0040733
0.005048
0.00299
0.0025867
0.0013311
0.00071603
7.7749e-05
1.1479e-05
0.00019227
0.00024006
0.00027829
0.00017478
0.0027679
0.0028734
0.0029275
0.0039304
0.0046413
0.0051282
0.0034037
0.0029397
0.0038112
0.0027313
0.00026947
0.00062699
0.00083793
0.00080238
0.00075205
0
0
0
0
0
0
0.00017234
0.00017234
0
0
0.0050786
0.0037519
0.00011909
0
0
0
0
0
0
0
0
0
0
0
0
0
0
0
0
0
0
0.00030925
0.0031327
0.0046763
0.0060272
0.0030349
0.0032637
0.0020177
0.0007474
0.0013643
0.0017406
0.0019373
0.0025404
0.0049448
0.0068082
0.0093322
0.009961
0.010953
0.011516
0.011474
0.011602
0.012287
0.011821
0.0089331
0.0077032
0.0067055
0.0054468
0.012343
0.011705
0.014858
0.011949
0.0069468
0.0071336
0.0039069
0.0030474
0.0029763
0.0029598
0.0015205
0.00061208
0.00015847
8.0498e-05
0.0069468
0.0071336
0.0039069
0.0030474
0.0029763
0.0029598
0.0015205
0.00061208
0.00015847
8.0498e-05
0.00027985
0.00033015
0.00021947
0.00024038
0.0034176
0.0047675
0.0048236
0.0072959
0.0070079
0.0070434
0.0040942
0.0035475
0.00067253
0.00053635
0.0004605
0.00039811
0
0.00023919
0.00089646
0.00035535
0.00035535
0
0
0
0
0.00017234
0.00017234
0.00017234
0.00017234
0.0098635
0.02643
0.024811
0.0063937
0.00021675
0.0001101
0
0
0
0
0
0
0
0
0
0
0
0
0
0
0
8.4491e-05
0.0019054
0.0032578
0.0033919
0.0061353
0.0036443
0.0034132
0.00090355
0.0012731
0.0025537
0.0030859
0.0035813
0.0043912
0.0049367
0.013476
0.015577
0.015847
0.017626
0.012319
0.01294
0.014964
0.01297
0.013551
0.013559
0.010603
0.0090846
0.0075279
0.018875
0.021289
0.022487
0.0084826
0.011121
0.0087064
0.0083541
0.0063083
0.0030664
0.0027326
0.00043767
0.00024387
0.00020333
0.0004102
0.011121
0.0087064
0.0083541
0.0063083
0.0030664
0.0027326
0.00043767
0.00024387
0.00020333
0.0004102
0.0005967
0.00047699
0.00082729
0.00083579
0.0018432
0.003615
0.0045079
0.0044027
0.0039939
0.0045263
0.0018685
0.00025093
0.0003602
0.00042623
0.00036384
0.00024898
3.3785e-05
0.00035535
0.00035535
0.00039996
0.00039996
4.4614e-05
0
0
0
0.00017234
0.00017234
0.00017234
0.0004873
0.030924
0.04537
0.043623
0.019595
0.0012894
0.00077534
0
0
0
0
0
0
0
0
0
0
0
0
0
0
0
0
0.00010988
0.0031315
0.0034433
0.0036383
0.00076429
0.00064216
0.00094735
0.0011256
0.0016768
0.0030108
0.003329
0.0044301
0.0064328
0.014073
0.018752
0.020445
0.020437
0.012036
0.01364
0.01405
0.013331
0.011972
0.012374
0.011015
0.0093679
0.0086949
0.017815
0.018316
0.017589
0.017122
0.0096209
0.0098636
0.0090992
0.0072762
0.0061494
0.0063045
0.0029641
0.0015975
0.0011641
0.0014266
0.0096209
0.0098636
0.0090992
0.0072762
0.0061494
0.0063045
0.0029641
0.0015975
0.0011641
0.0014266
0.0017269
0.001721
0.0015505
0.001034
0.0010113
0.0010824
0.0017146
0.0021539
0.0021787
0.0018693
0.00050604
0.00048824
0.00046837
0.00011139
9.3555e-05
0.0002065
0.00010516
0
0.00044079
0.00044079
0.00048381
0.00012846
0
0
0
0.00017234
0.00017234
0.00017234
0.0097496
0.043771
0.045471
0.045522
0.028492
0.0016987
0.0012894
0
0
0
0
0
0
0
0
0
0
0
0
2.526e-05
5.9398e-05
5.9398e-05
5.9398e-05
0
4.1661e-05
0.00052931
0.00076639
0.0011457
0.0013921
0.0014953
0.0021542
0.0025164
0.0031713
0.004665
0.0062866
0.0080791
0.011379
0.015493
0.0186
0.020046
0.02006
0.016347
0.014528
0.013531
0.010311
0.0099283
0.0084346
0.0077411
0.0070021
0.0079037
0.012139
0.013084
0.010783
0.0046889
0.0051027
0.0020464
0.0046298
0.0067707
0.0099147
0.0069913
0.0072146
0.0051494
0.0021096
0.0046889
0.0051027
0.0020464
0.0046298
0.0067707
0.0099147
0.0069913
0.0072146
0.0051494
0.0021096
0.0022794
0.0019201
0.0013198
0.00088297
0.00067027
0.00069033
0.00088994
0.0013028
0.001235
0.002041
0.0032227
0.0040223
0.0049363
0.004853
0.0022769
0.0014018
0.00073717
0.00017701
4.0825e-05
0.00043147
0.00043147
0.00043147
4.3017e-05
0
0
0
0.00017234
0.00017234
0.012992
0.044346
0.045471
0.046247
0.029348
0.0020689
0.0014157
0.00029722
0
0
0
0
0
0
0
0
0
0
0
5.9398e-05
5.9398e-05
5.9398e-05
5.9398e-05
0
0
0.00045626
0.00075147
0.0013237
0.0016011
0.0018787
0.0023505
0.0057643
0.0063579
0.0086318
0.0072332
0.0082965
0.01071
0.011087
0.016894
0.020431
0.02136
0.017849
0.018578
0.016794
0.012481
0.0096453
0.0080358
0.0086418
0.0074382
0.011853
0.011545
0.011121
0.027716
0.055844
0.05565
0.053023
0.014881
0.0031654
0.0090923
0.010912
0.01141
0.0077055
0.0029967
0.055844
0.05565
0.053023
0.014881
0.0031654
0.0090923
0.010912
0.01141
0.0077055
0.0029967
0.0025286
0.0022556
0.0026999
0.0023671
0.0017089
0.0013903
0.001708
0.0020072
0.0019786
0.0021471
0.0037266
0.0052339
0.0057262
0.0059276
0.0028721
0.0021497
0.0010129
0.00032339
0.00045589
0.00045842
0.00042001
0.00034603
7.9235e-05
3.6219e-05
0
0
0
0
0.0068674
0.038398
0.045471
0.046329
0.024053
0.0016596
0.0017717
0.00043076
0
0
0
0
0
0
0
0
0
0
0
2.526e-05
5.9398e-05
5.9398e-05
5.9398e-05
0
0
1.2611e-05
0.00032823
0.0009584
0.0012372
0.0014387
0.0016573
0.0047479
0.00559
0.008131
0.010573
0.0093429
0.014464
0.016649
0.020031
0.024772
0.024685
0.031241
0.037111
0.033327
0.026575
0.016481
0.0076139
0.0076442
0.0074146
0.0084065
0.0073726
0.0059807
0.023177
0.049603
0.057659
0.045738
0.0105
0.0032045
0.0053994
0.006602
0.007565
0.0060867
0.0040974
0.049603
0.057659
0.045738
0.0105
0.0032045
0.0053994
0.006602
0.007565
0.0060867
0.0040974
0.0030667
0.0032529
0.0040734
0.0043507
0.0046939
0.0038501
0.0039906
0.003508
0.0028775
0.0022594
0.0015924
0.0012922
0.0018183
0.0016894
0.0016367
0.00096434
0.00061976
0.0010789
0.001238
0.0014334
0.00041352
0.00044738
0.00014974
0.0013978
0.00019008
3.7482e-05
0
0
0
0.021654
0.038194
0.037544
0.015111
0.0023739
0.001961
0.00066241
0
0
0
0
0
0
0
0
0
0
0
0
5.9398e-05
5.9398e-05
0
0
1.2611e-05
6.4933e-05
0.00026666
0.00051001
0.00059636
0.00064644
0.00075974
0.0025425
0.0085858
0.016161
0.022237
0.0206
0.018414
0.028115
0.027809
0.028596
0.024709
0.028343
0.028684
0.030631
0.018384
0.012308
0.0093018
0.0056868
0.0070915
0.0065888
0.0062117
0.0064638
0.0051471
0.0049075
0.0037195
0.0045175
0.0043377
0.003595
0.0039522
0.0048403
0.0082878
0.0089111
0.0086207
0.0049075
0.0037195
0.0045175
0.0043377
0.003595
0.0039522
0.0048403
0.0082878
0.0089111
0.0086207
0.0084424
0.0072327
0.008155
0.0074489
0.0053242
0.0054965
0.0048536
0.0036962
0.0046151
0.0037084
0.0032454
0.0025888
0.00021025
0
0
0.00016627
0.0005313
0.0013889
0.001462
0.0014216
0.00091705
0.00048949
0.0022174
0.0020964
0.002025
7.5613e-05
0
0
0
0.0028121
0.0126
0.012539
0.0038755
0.0034975
0.0024735
0.00034514
0
0
0
0
0
0
0
0
0
0
0
0
0.00072029
0.00083825
0.00021477
0
2.8362e-05
2.8362e-05
0.00016893
0.00047816
0.00062898
0.0031709
0.0059345
0.0099275
0.017403
0.030287
0.036207
0.037272
0.034069
0.024221
0.024596
0.024398
0.020617
0.019585
0.018394
0.014563
0.012637
0.010745
0.0096628
0.0082277
0.0065784
0.0074496
0.0091619
0.0067433
0.0068568
0.0055149
0.0046623
0.0045138
0.0037941
0.0051669
0.0050119
0.0060898
0.0084927
0.009364
0.010123
0.0055149
0.0046623
0.0045138
0.0037941
0.0051669
0.0050119
0.0060898
0.0084927
0.009364
0.010123
0.01029
0.010456
0.009263
0.010429
0.0097315
0.0085017
0.0069734
0.0035376
0.0038814
0.0032266
0.0032891
0.00094595
0.0011962
0.0010431
0.00050866
0.0005545
0.00052543
0.0013454
0.0013163
0.0013096
0.00054298
0.0023417
0.0023482
0.0022469
0.0019481
0.00011321
0
0
0
0
0
0.0013476
0.0033876
0.0035813
0.0030149
0.00034514
0
0
0
0
0
0
0
0
0
0
0
0.001059
0.0026447
0.0026447
0.0025221
0.0015096
1.575e-05
9.2162e-05
0.00042905
0.00087333
0.0024487
0.0093084
0.027273
0.02965
0.040707
0.038219
0.039481
0.035791
0.023219
0.025329
0.02748
0.028538
0.026761
0.022087
0.020201
0.015818
0.014497
0.011912
0.010731
0.010553
0.010933
0.01562
0.016655
0.015627
0.013431
0.0066069
0.0064541
0.0050026
0.0052128
0.0048757
0.0046163
0.0055244
0.010948
0.014214
0.015779
0.0066069
0.0064541
0.0050026
0.0052128
0.0048757
0.0046163
0.0055244
0.010948
0.014214
0.015779
0.013915
0.0095694
0.0091981
0.010056
0.010218
0.012597
0.015104
0.010959
0.006937
0.0043068
0.0030441
0.0035952
0.0024309
0.0019208
0.0016496
0.00057212
0.00063951
0.00022052
0.00022617
0.00020836
0.00046297
0.00039933
0.0023007
0.0037328
0.0032989
0.0006334
0
0
0
0
0
0.0015471
0.002441
0.0033702
0.0024509
0.00034514
0
0
0
0
0
0
0
0
0.0014513
0.0014513
1.8778e-05
0.0011061
0.0036013
0.0035894
0.002965
0.0015544
1.575e-05
1.575e-05
0.0006915
0.0021857
0.0075569
0.014391
0.029605
0.031614
0.031301
0.02693
0.022601
0.024933
0.029163
0.0307
0.035872
0.033386
0.028405
0.033114
0.030383
0.02613
0.023794
0.021838
0.017055
0.014907
0.012501
0.010566
0.01414
0.012396
0.0070108
0.0070568
0.0084583
0.0085646
0.0082887
0.0068887
0.0052722
0.0055835
0.011121
0.014854
0.016251
0.0070568
0.0084583
0.0085646
0.0082887
0.0068887
0.0052722
0.0055835
0.011121
0.014854
0.016251
0.013422
0.013392
0.014465
0.013033
0.012477
0.014335
0.020781
0.020485
0.015516
0.010559
0.0079342
0.0075194
0.0085477
0.0068659
0.004843
0.0026566
0.00032409
0.00049805
0.00035282
0.00034058
0.00020782
0.0003584
0.0018053
0.0017615
0.0015933
0.0013564
0
0
0
0
0
0.0016203
0.0022918
0.0022918
0.0022918
0.00030139
0
0
0
0
0
0
0
0
0.0014513
0.0014738
0.0011593
0.0047117
0.04199
0.089426
0.097073
0.032821
0.0001544
5.1263e-05
0.00068604
0.0051062
0.0096876
0.01351
0.026787
0.034997
0.033582
0.031117
0.035971
0.042666
0.044921
0.048927
0.049835
0.046674
0.046223
0.035382
0.037221
0.036992
0.02618
0.023964
0.0198
0.013415
0.010931
0.0096798
0.011015
0.011004
0.008551
0.0094939
0.010656
0.011121
0.011986
0.011627
0.011409
0.011394
0.025309
0.027902
0.024786
0.0094939
0.010656
0.011121
0.011986
0.011627
0.011409
0.011394
0.025309
0.027902
0.024786
0.027269
0.024645
0.026071
0.029247
0.029426
0.032999
0.029357
0.025274
0.018273
0.015945
0.015734
0.016967
0.015863
0.013822
0.010319
0.0068914
0.0027187
0.00097248
0.00036404
0.00035262
7.3013e-05
0.00034909
0.0017442
0.0015933
0.0015933
0.0013893
0
0
0
0
0
0.0015092
0.0019096
0.0022918
0.0019082
0.00030139
0
0
0
0
0
0
0
0
0.0014513
0.0014738
0.0014413
0.01169
0.073905
0.097074
0.096951
0.085034
0.0087798
0.00012585
0.00099603
0.0055747
0.011169
0.020709
0.040958
0.034983
0.061281
0.047899
0.036974
0.042371
0.047148
0.051936
0.054017
0.050115
0.044732
0.034489
0.032719
0.026834
0.028281
0.023555
0.021188
0.019949
0.016223
0.015297
0.01207
0.011323
0.014354
0.014793
0.014713
0.01452
0.014461
0.019541
0.021651
0.031864
0.032246
0.037349
0.044173
0.014793
0.014713
0.01452
0.014461
0.019541
0.021651
0.031864
0.032246
0.037349
0.044173
0.033438
0.031148
0.029257
0.033396
0.041485
0.041723
0.039156
0.033756
0.020485
0.018589
0.020043
0.020933
0.020388
0.020778
0.020054
0.014179
0.008461
0.0035914
0.0014629
0.00045533
3.4045e-05
3.4045e-05
0.00029904
0.0015111
0.0015933
0.00063639
0
0
0
0
0
0.0011077
0.0016203
0.0019216
0.0012372
0.00030139
0
0
0
0
0
0
0
0
0.0014513
0.0014738
0.0014139
0.011324
0.073559
0.096838
0.096388
0.073404
0.010226
0.00095052
0.0010659
0.0060415
0.01431
0.024636
0.036966
0.059416
0.061526
0.0543
0.055021
0.048521
0.057987
0.062612
0.062259
0.048904
0.042298
0.039112
0.030858
0.030055
0.030466
0.028297
0.027386
0.023892
0.019109
0.015377
0.014266
0.016227
0.020755
0.027788
0.031329
0.035369
0.039491
0.041551
0.04791
0.042337
0.038975
0.035729
0.037453
0.027788
0.031329
0.035369
0.039491
0.041551
0.04791
0.042337
0.038975
0.035729
0.037453
0.045457
0.047651
0.047721
0.050106
0.05774
0.056172
0.046368
0.042379
0.032219
0.036594
0.035275
0.028395
0.025895
0.02288
0.018738
0.015153
0.011101
0.0058168
0.001888
0.00028262
0.00015466
0
0
2.7452e-05
6.1367e-05
0
0
0.00019149
7.5966e-05
0
0
0.0001425
0.0015435
0.0017877
0.00090047
0.00030139
0
0
0
0
0
0
0
0
0.0014325
0.0014738
2.2548e-05
2.2548e-05
0.0037305
0.094245
0.073094
0.02442
0.0020688
0.0022077
0.0018778
0.0050959
0.012111
0.017191
0.026044
0.046437
0.04942
0.053061
0.044131
0.05397
0.078148
0.088417
0.091876
0.071331
0.059163
0.056811
0.050256
0.04663
0.042726
0.046278
0.041566
0.048561
0.045702
0.043239
0.0296
0.030621
0.042098
0.054386
0.053597
0.065937
0.059626
0.078415
0.088491
0.088767
0.077641
0.070623
0.075109
0.054386
0.053597
0.065937
0.059626
0.078415
0.088491
0.088767
0.077641
0.070623
0.075109
0.08356
0.095482
0.097011
0.095361
0.08927
0.080554
0.074191
0.061202
0.051061
0.052546
0.050574
0.042098
0.032135
0.020302
0.017187
0.014141
0.011297
0.0064453
0.0040032
0.0017397
0.00097105
0.00022015
5.1375e-05
7.9217e-05
5.5294e-05
2.7452e-05
0.00040316
0.00043414
0.00043414
0.00018756
0
0
8.3786e-05
0.00060125
0.0001893
0
0
0
0
0
0
0
0
0
0
0
0
0
0
0.00026713
0.00081533
0.0014462
0.0016324
0.0024818
0.0020741
0.0060341
0.0091829
0.014519
0.019476
0.03142
0.04862
0.070254
0.075314
0.080617
0.097518
0.10046
0.10771
0.10185
0.082555
0.076715
0.075686
0.073952
0.063494
0.068671
0.070032
0.088104
0.090655
0.091321
0.093745
0.093715
0.10246
0.11109
0.12198
0.1247
0.11917
0.12501
0.10695
0.10663
0.10482
0.11533
0.1414
0.11109
0.12198
0.1247
0.11917
0.12501
0.10695
0.10663
0.10482
0.11533
0.1414
0.15419
0.16518
0.15704
0.13753
0.12757
0.11619
0.10357
0.090447
0.080064
0.07047
0.066586
0.066784
0.054851
0.03813
0.02164
0.014385
0.010344
0.0089661
0.0077583
0.0044254
0.0021468
0.00080879
7.9217e-05
7.9217e-05
7.9217e-05
5.5294e-05
0.00043414
0.00043414
0.00043414
0.00043414
0
0
0
0
0
0
0
0
0
0
0
0
0
0
0
0
4.2366e-05
4.2366e-05
0
2.539e-05
8.9673e-05
0.0011471
0.0030142
0.033337
0.035342
0.016249
0.010295
0.021405
0.036416
0.063889
0.093358
0.11901
0.14366
0.1536
0.16151
0.1699
0.14834
0.13755
0.13169
0.12128
0.12531
0.12206
0.12156
0.12111
0.12367
0.13288
0.1323
0.14193
0.17294
0.19296
0.20146
0.18569
0.20097
0.21407
0.20894
0.19768
0.15056
0.13098
0.12484
0.14658
0.17235
0.18569
0.20097
0.21407
0.20894
0.19768
0.15056
0.13098
0.12484
0.14658
0.17235
0.1939
0.20761
0.18723
0.17784
0.16828
0.16037
0.14966
0.13047
0.10729
0.10044
0.091143
0.085235
0.073365
0.055994
0.03726
0.022556
0.013098
0.0096837
0.0099337
0.0068008
0.0051446
0.0018441
5.1765e-05
7.9217e-05
7.9217e-05
2.7842e-05
0.00043414
0.00043414
0.00043414
0.00037716
0
0
0
0
0
0
0
0
0
0
0
0
0
0
0
4.2366e-05
4.2366e-05
0.00015795
0.00015795
0.00011558
0.00016127
0.00044471
0.027489
0.037256
0.044933
0.075417
0.056533
0.060559
0.049728
0.084346
0.11814
0.14617
0.20046
0.25145
0.29931
0.29457
0.27304
0.2417
0.2093
0.20773
0.2288
0.25082
0.25444
0.24079
0.23358
0.22315
0.21624
0.23722
0.28291
0.32519
0.30707
0.29291
0.27416
0.25575
0.24088
0.23722
0.21622
0.21481
0.20152
0.17568
0.18672
0.29291
0.27416
0.25575
0.24088
0.23722
0.21622
0.21481
0.20152
0.17568
0.18672
0.19979
0.21062
0.2107
0.20841
0.21819
0.21453
0.1949
0.17639
0.14704
0.12034
0.098202
0.08404
0.074751
0.062927
0.048994
0.031432
0.01824
0.010271
0.0081831
0.0071209
0.0049679
0.0026769
0.00013646
5.1765e-05
2.7842e-05
0
0.00038485
0.00043414
0.00043414
0.00015295
0
0
0
0
0
0
0
0
0
0
0
0
0
0
0
4.2366e-05
4.2366e-05
0.00021815
0.00021815
0.00055953
0.0008472
0.00087998
0.024854
0.038174
0.070069
0.077152
0.051188
0.063581
0.061041
0.095623
0.12499
0.16535
0.24209
0.32435
0.41495
0.4424
0.4222
0.39824
0.41233
0.45172
0.48693
0.4831
0.46934
0.45305
0.42424
0.39605
0.36163
0.36728
0.37937
0.40733
0.42426
0.42029
0.39714
0.35386
0.28633
0.27568
0.28467
0.27334
0.26238
0.23625
0.22923
0.42029
0.39714
0.35386
0.28633
0.27568
0.28467
0.27334
0.26238
0.23625
0.22923
0.24051
0.2388
0.24273
0.2422
0.24832
0.25544
0.23794
0.20278
0.18833
0.14409
0.1011
0.079911
0.066433
0.061896
0.051375
0.045533
0.02934
0.019413
0.0076602
0.0080043
0.005747
0.0022151
2.7043e-05
0
0
0
0
3.0981e-05
0.00058169
0.00055071
0.00055071
0
0
0
0
0
0
0
0
0
0
0
0
0
0
4.2366e-05
4.2366e-05
0.00027834
0.00051377
0.00095702
0.0011939
0.0017041
0.002121
0.0067782
0.011747
0.041569
0.047329
0.058509
0.060525
0.10384
0.14743
0.19862
0.2641
0.36606
0.4586
0.52317
0.59283
0.63997
0.70526
0.75382
0.80325
0.81657
0.76669
0.72415
0.70541
0.68426
0.63414
0.61003
0.56951
0.52423
0.50171
0.50403
0.48464
0.4609
0.42047
0.36105
0.33497
0.31802
0.29781
0.29453
0.32082
0.50403
0.48464
0.4609
0.42047
0.36105
0.33497
0.31802
0.29781
0.29453
0.32082
0.32292
0.33238
0.31746
0.3246
0.32703
0.31022
0.29675
0.27233
0.22424
0.16513
0.12085
0.079893
0.062267
0.053704
0.051542
0.040872
0.036658
0.052665
0.043341
0.029236
0.0042242
0.0020015
0.00016828
0
0
0
0
0
0.00055071
0.00055071
0.00055071
0.00010921
0
0
0
0
0
0
0
0
0
0
0
0
0
0
8.4733e-05
0.00030004
0.0006513
0.0011171
0.0015151
0.0021528
0.0033256
0.003887
0.0065762
0.0086661
0.012236
0.031
0.063173
0.11547
0.16992
0.21735
0.28527
0.36096
0.47769
0.61125
0.69265
0.7733
0.84987
0.92593
1
0.96695
0.93412
0.89647
0.84385
0.8224
0.80358
0.7984
0.70405
0.629
0.57862
0.53008
0.54169
0.54475
0.50205
0.44733
0.38985
0.33658
0.35
0.34252
0.3699
0.53008
0.54169
0.54475
0.50205
0.44733
0.38985
0.33658
0.35
0.34252
0.3699
0.38948
0.38826
0.39294
0.39737
0.39153
0.37573
0.34531
0.30738
0.26502
0.19341
0.12135
0.090107
0.060723
0.048779
0.037629
0.039917
0.069718
0.0541
0.043002
0.040221
0.0049114
0.0030867
0.00039187
0
0
0
0
0
0.00055071
0.00055071
0.00055071
0.00055071
0
0
0
0
0
0
0
0
0
0
0
0
0
4.2366e-05
4.2366e-05
0.00027834
0.00051377
0.00095702
0.0011939
0.0017041
0.002121
0.0067782
0.011747
0.041569
0.047329
0.058509
0.060525
0.10384
0.14743
0.19862
0.2641
0.36606
0.4586
0.52317
0.59283
0.63997
0.70526
0.75382
0.80325
0.81657
0.76669
0.72415
0.70541
0.68426
0.63414
0.61003
0.56951
0.52423
0.50171
0.50403
0.48464
0.4609
0.42047
0.36105
0.33497
0.31802
0.29781
0.29453
0.32082
0.50403
0.48464
0.4609
0.42047
0.36105
0.33497
0.31802
0.29781
0.29453
0.32082
0.32292
0.33238
0.31746
0.3246
0.32703
0.31022
0.29675
0.27233
0.22424
0.16513
0.12085
0.079893
0.062267
0.053704
0.051542
0.040872
0.036658
0.052665
0.043341
0.029236
0.0042242
0.0020015
0.00016828
0
0
0
0
0
0.00055071
0.00055071
0.00055071
0.00010921
0
0
0
0
0
0
0
0
0
0
0
0
0
4.2366e-05
4.2366e-05
0.00021815
0.00021815
0.00055953
0.0008472
0.00087998
0.024854
0.038174
0.070069
0.077152
0.051188
0.063581
0.061041
0.095623
0.12499
0.16535
0.24209
0.32435
0.41495
0.4424
0.4222
0.39824
0.41233
0.45172
0.48693
0.4831
0.46934
0.45305
0.42424
0.39605
0.36163
0.36728
0.37937
0.40733
0.42426
0.42029
0.39714
0.35386
0.28633
0.27568
0.28467
0.27334
0.26238
0.23625
0.22923
0.42029
0.39714
0.35386
0.28633
0.27568
0.28467
0.27334
0.26238
0.23625
0.22923
0.24051
0.2388
0.24273
0.2422
0.24832
0.25544
0.23794
0.20278
0.18833
0.14409
0.1011
0.079911
0.066433
0.061896
0.051375
0.045533
0.02934
0.019413
0.0076602
0.0080043
0.005747
0.0022151
2.7043e-05
0
0
0
0
3.0981e-05
0.00058169
0.00055071
0.00055071
0
0
0
0
0
0
0
0
0
0
0
0
0
0
4.2366e-05
4.2366e-05
0.00015795
0.00015795
0.00011558
0.00016127
0.00044471
0.027489
0.037256
0.044933
0.075417
0.056533
0.060559
0.049728
0.084346
0.11814
0.14617
0.20046
0.25145
0.29931
0.29457
0.27304
0.2417
0.2093
0.20773
0.2288
0.25082
0.25444
0.24079
0.23358
0.22315
0.21624
0.23722
0.28291
0.32519
0.30707
0.29291
0.27416
0.25575
0.24088
0.23722
0.21622
0.21481
0.20152
0.17568
0.18672
0.29291
0.27416
0.25575
0.24088
0.23722
0.21622
0.21481
0.20152
0.17568
0.18672
0.19979
0.21062
0.2107
0.20841
0.21819
0.21453
0.1949
0.17639
0.14704
0.12034
0.098202
0.08404
0.074751
0.062927
0.048994
0.031432
0.01824
0.010271
0.0081831
0.0071209
0.0049679
0.0026769
0.00013646
5.1765e-05
2.7842e-05
0
0.00038485
0.00043414
0.00043414
0.00015295
0
0
0
0
0
0
0
0
0
0
0
0
0
0
0
0
4.2366e-05
4.2366e-05
0
2.539e-05
8.9673e-05
0.0011471
0.0030142
0.033337
0.035342
0.016249
0.010295
0.021405
0.036416
0.063889
0.093358
0.11901
0.14366
0.1536
0.16151
0.1699
0.14834
0.13755
0.13169
0.12128
0.12531
0.12206
0.12156
0.12111
0.12367
0.13288
0.1323
0.14193
0.17294
0.19296
0.20146
0.18569
0.20097
0.21407
0.20894
0.19768
0.15056
0.13098
0.12484
0.14658
0.17235
0.18569
0.20097
0.21407
0.20894
0.19768
0.15056
0.13098
0.12484
0.14658
0.17235
0.1939
0.20761
0.18723
0.17784
0.16828
0.16037
0.14966
0.13047
0.10729
0.10044
0.091143
0.085235
0.073365
0.055994
0.03726
0.022556
0.013098
0.0096837
0.0099337
0.0068008
0.0051446
0.0018441
5.1765e-05
7.9217e-05
7.9217e-05
2.7842e-05
0.00043414
0.00043414
0.00043414
0.00037716
0
0
0
0
0
0
0
0
0
0
0
0
0
0
0
0
0
0
0
0.00026713
0.00081533
0.0014462
0.0016324
0.0024818
0.0020741
0.0060341
0.0091829
0.014519
0.019476
0.03142
0.04862
0.070254
0.075314
0.080617
0.097518
0.10046
0.10771
0.10185
0.082555
0.076715
0.075686
0.073952
0.063494
0.068671
0.070032
0.088104
0.090655
0.091321
0.093745
0.093715
0.10246
0.11109
0.12198
0.1247
0.11917
0.12501
0.10695
0.10663
0.10482
0.11533
0.1414
0.11109
0.12198
0.1247
0.11917
0.12501
0.10695
0.10663
0.10482
0.11533
0.1414
0.15419
0.16518
0.15704
0.13753
0.12757
0.11619
0.10357
0.090447
0.080064
0.07047
0.066586
0.066784
0.054851
0.03813
0.02164
0.014385
0.010344
0.0089661
0.0077583
0.0044254
0.0021468
0.00080879
7.9217e-05
7.9217e-05
7.9217e-05
5.5294e-05
0.00043414
0.00043414
0.00043414
0.00043414
0
0
0
0
0
0
0
0
0
0
0
0
0
0
0.0014325
0.0014738
2.2548e-05
2.2548e-05
0.0037305
0.094245
0.073094
0.02442
0.0020688
0.0022077
0.0018778
0.0050959
0.012111
0.017191
0.026044
0.046437
0.04942
0.053061
0.044131
0.05397
0.078148
0.088417
0.091876
0.071331
0.059163
0.056811
0.050256
0.04663
0.042726
0.046278
0.041566
0.048561
0.045702
0.043239
0.0296
0.030621
0.042098
0.054386
0.053597
0.065937
0.059626
0.078415
0.088491
0.088767
0.077641
0.070623
0.075109
0.054386
0.053597
0.065937
0.059626
0.078415
0.088491
0.088767
0.077641
0.070623
0.075109
0.08356
0.095482
0.097011
0.095361
0.08927
0.080554
0.074191
0.061202
0.051061
0.052546
0.050574
0.042098
0.032135
0.020302
0.017187
0.014141
0.011297
0.0064453
0.0040032
0.0017397
0.00097105
0.00022015
5.1375e-05
7.9217e-05
5.5294e-05
2.7452e-05
0.00040316
0.00043414
0.00043414
0.00018756
0
0
8.3786e-05
0.00060125
0.0001893
0
0
0
0
0
0
0
0
0
0.0014513
0.0014738
0.0014139
0.011324
0.073559
0.096838
0.096388
0.073404
0.010226
0.00095052
0.0010659
0.0060415
0.01431
0.024636
0.036966
0.059416
0.061526
0.0543
0.055021
0.048521
0.057987
0.062612
0.062259
0.048904
0.042298
0.039112
0.030858
0.030055
0.030466
0.028297
0.027386
0.023892
0.019109
0.015377
0.014266
0.016227
0.020755
0.027788
0.031329
0.035369
0.039491
0.041551
0.04791
0.042337
0.038975
0.035729
0.037453
0.027788
0.031329
0.035369
0.039491
0.041551
0.04791
0.042337
0.038975
0.035729
0.037453
0.045457
0.047651
0.047721
0.050106
0.05774
0.056172
0.046368
0.042379
0.032219
0.036594
0.035275
0.028395
0.025895
0.02288
0.018738
0.015153
0.011101
0.0058168
0.001888
0.00028262
0.00015466
0
0
2.7452e-05
6.1367e-05
0
0
0.00019149
7.5966e-05
0
0
0.0001425
0.0015435
0.0017877
0.00090047
0.00030139
0
0
0
0
0
0
0
0
0.0014513
0.0014738
0.0014413
0.01169
0.073905
0.097074
0.096951
0.085034
0.0087798
0.00012585
0.00099603
0.0055747
0.011169
0.020709
0.040958
0.034983
0.061281
0.047899
0.036974
0.042371
0.047148
0.051936
0.054017
0.050115
0.044732
0.034489
0.032719
0.026834
0.028281
0.023555
0.021188
0.019949
0.016223
0.015297
0.01207
0.011323
0.014354
0.014793
0.014713
0.01452
0.014461
0.019541
0.021651
0.031864
0.032246
0.037349
0.044173
0.014793
0.014713
0.01452
0.014461
0.019541
0.021651
0.031864
0.032246
0.037349
0.044173
0.033438
0.031148
0.029257
0.033396
0.041485
0.041723
0.039156
0.033756
0.020485
0.018589
0.020043
0.020933
0.020388
0.020778
0.020054
0.014179
0.008461
0.0035914
0.0014629
0.00045533
3.4045e-05
3.4045e-05
0.00029904
0.0015111
0.0015933
0.00063639
0
0
0
0
0
0.0011077
0.0016203
0.0019216
0.0012372
0.00030139
0
0
0
0
0
0
0
0
0.0014513
0.0014738
0.0011593
0.0047117
0.04199
0.089426
0.097073
0.032821
0.0001544
5.1263e-05
0.00068604
0.0051062
0.0096876
0.01351
0.026787
0.034997
0.033582
0.031117
0.035971
0.042666
0.044921
0.048927
0.049835
0.046674
0.046223
0.035382
0.037221
0.036992
0.02618
0.023964
0.0198
0.013415
0.010931
0.0096798
0.011015
0.011004
0.008551
0.0094939
0.010656
0.011121
0.011986
0.011627
0.011409
0.011394
0.025309
0.027902
0.024786
0.0094939
0.010656
0.011121
0.011986
0.011627
0.011409
0.011394
0.025309
0.027902
0.024786
0.027269
0.024645
0.026071
0.029247
0.029426
0.032999
0.029357
0.025274
0.018273
0.015945
0.015734
0.016967
0.015863
0.013822
0.010319
0.0068914
0.0027187
0.00097248
0.00036404
0.00035262
7.3013e-05
0.00034909
0.0017442
0.0015933
0.0015933
0.0013893
0
0
0
0
0
0.0015092
0.0019096
0.0022918
0.0019082
0.00030139
0
0
0
0
0
0
0
0
0.0014513
0.0014513
1.8778e-05
0.0011061
0.0036013
0.0035894
0.002965
0.0015544
1.575e-05
1.575e-05
0.0006915
0.0021857
0.0075569
0.014391
0.029605
0.031614
0.031301
0.02693
0.022601
0.024933
0.029163
0.0307
0.035872
0.033386
0.028405
0.033114
0.030383
0.02613
0.023794
0.021838
0.017055
0.014907
0.012501
0.010566
0.01414
0.012396
0.0070108
0.0070568
0.0084583
0.0085646
0.0082887
0.0068887
0.0052722
0.0055835
0.011121
0.014854
0.016251
0.0070568
0.0084583
0.0085646
0.0082887
0.0068887
0.0052722
0.0055835
0.011121
0.014854
0.016251
0.013422
0.013392
0.014465
0.013033
0.012477
0.014335
0.020781
0.020485
0.015516
0.010559
0.0079342
0.0075194
0.0085477
0.0068659
0.004843
0.0026566
0.00032409
0.00049805
0.00035282
0.00034058
0.00020782
0.0003584
0.0018053
0.0017615
0.0015933
0.0013564
0
0
0
0
0
0.0016203
0.0022918
0.0022918
0.0022918
0.00030139
0
0
0
0
0
0
0
0
0
0
0
0.001059
0.0026447
0.0026447
0.0025221
0.0015096
1.575e-05
9.2162e-05
0.00042905
0.00087333
0.0024487
0.0093084
0.027273
0.02965
0.040707
0.038219
0.039481
0.035791
0.023219
0.025329
0.02748
0.028538
0.026761
0.022087
0.020201
0.015818
0.014497
0.011912
0.010731
0.010553
0.010933
0.01562
0.016655
0.015627
0.013431
0.0066069
0.0064541
0.0050026
0.0052128
0.0048757
0.0046163
0.0055244
0.010948
0.014214
0.015779
0.0066069
0.0064541
0.0050026
0.0052128
0.0048757
0.0046163
0.0055244
0.010948
0.014214
0.015779
0.013915
0.0095694
0.0091981
0.010056
0.010218
0.012597
0.015104
0.010959
0.006937
0.0043068
0.0030441
0.0035952
0.0024309
0.0019208
0.0016496
0.00057212
0.00063951
0.00022052
0.00022617
0.00020836
0.00046297
0.00039933
0.0023007
0.0037328
0.0032989
0.0006334
0
0
0
0
0
0.0015471
0.002441
0.0033702
0.0024509
0.00034514
0
0
0
0
0
0
0
0
0
0
0
0
0.00072029
0.00083825
0.00021477
0
2.8362e-05
2.8362e-05
0.00016893
0.00047816
0.00062898
0.0031709
0.0059345
0.0099275
0.017403
0.030287
0.036207
0.037272
0.034069
0.024221
0.024596
0.024398
0.020617
0.019585
0.018394
0.014563
0.012637
0.010745
0.0096628
0.0082277
0.0065784
0.0074496
0.0091619
0.0067433
0.0068568
0.0055149
0.0046623
0.0045138
0.0037941
0.0051669
0.0050119
0.0060898
0.0084927
0.009364
0.010123
0.0055149
0.0046623
0.0045138
0.0037941
0.0051669
0.0050119
0.0060898
0.0084927
0.009364
0.010123
0.01029
0.010456
0.009263
0.010429
0.0097315
0.0085017
0.0069734
0.0035376
0.0038814
0.0032266
0.0032891
0.00094595
0.0011962
0.0010431
0.00050866
0.0005545
0.00052543
0.0013454
0.0013163
0.0013096
0.00054298
0.0023417
0.0023482
0.0022469
0.0019481
0.00011321
0
0
0
0
0
0.0013476
0.0033876
0.0035813
0.0030149
0.00034514
0
0
0
0
0
0
0
0
0
0
0
0
5.9398e-05
5.9398e-05
0
0
1.2611e-05
6.4933e-05
0.00026666
0.00051001
0.00059636
0.00064644
0.00075974
0.0025425
0.0085858
0.016161
0.022237
0.0206
0.018414
0.028115
0.027809
0.028596
0.024709
0.028343
0.028684
0.030631
0.018384
0.012308
0.0093018
0.0056868
0.0070915
0.0065888
0.0062117
0.0064638
0.0051471
0.0049075
0.0037195
0.0045175
0.0043377
0.003595
0.0039522
0.0048403
0.0082878
0.0089111
0.0086207
0.0049075
0.0037195
0.0045175
0.0043377
0.003595
0.0039522
0.0048403
0.0082878
0.0089111
0.0086207
0.0084424
0.0072327
0.008155
0.0074489
0.0053242
0.0054965
0.0048536
0.0036962
0.0046151
0.0037084
0.0032454
0.0025888
0.00021025
0
0
0.00016627
0.0005313
0.0013889
0.001462
0.0014216
0.00091705
0.00048949
0.0022174
0.0020964
0.002025
7.5613e-05
0
0
0
0.0028121
0.0126
0.012539
0.0038755
0.0034975
0.0024735
0.00034514
0
0
0
0
0
0
0
0
0
0
0
2.526e-05
5.9398e-05
5.9398e-05
5.9398e-05
0
0
1.2611e-05
0.00032823
0.0009584
0.0012372
0.0014387
0.0016573
0.0047479
0.00559
0.008131
0.010573
0.0093429
0.014464
0.016649
0.020031
0.024772
0.024685
0.031241
0.037111
0.033327
0.026575
0.016481
0.0076139
0.0076442
0.0074146
0.0084065
0.0073726
0.0059807
0.023177
0.049603
0.057659
0.045738
0.0105
0.0032045
0.0053994
0.006602
0.007565
0.0060867
0.0040974
0.049603
0.057659
0.045738
0.0105
0.0032045
0.0053994
0.006602
0.007565
0.0060867
0.0040974
0.0030667
0.0032529
0.0040734
0.0043507
0.0046939
0.0038501
0.0039906
0.003508
0.0028775
0.0022594
0.0015924
0.0012922
0.0018183
0.0016894
0.0016367
0.00096434
0.00061976
0.0010789
0.001238
0.0014334
0.00041352
0.00044738
0.00014974
0.0013978
0.00019008
3.7482e-05
0
0
0
0.021654
0.038194
0.037544
0.015111
0.0023739
0.001961
0.00066241
0
0
0
0
0
0
0
0
0
0
0
5.9398e-05
5.9398e-05
5.9398e-05
5.9398e-05
0
0
0.00045626
0.00075147
0.0013237
0.0016011
0.0018787
0.0023505
0.0057643
0.0063579
0.0086318
0.0072332
0.0082965
0.01071
0.011087
0.016894
0.020431
0.02136
0.017849
0.018578
0.016794
0.012481
0.0096453
0.0080358
0.0086418
0.0074382
0.011853
0.011545
0.011121
0.027716
0.055844
0.05565
0.053023
0.014881
0.0031654
0.0090923
0.010912
0.01141
0.0077055
0.0029967
0.055844
0.05565
0.053023
0.014881
0.0031654
0.0090923
0.010912
0.01141
0.0077055
0.0029967
0.0025286
0.0022556
0.0026999
0.0023671
0.0017089
0.0013903
0.001708
0.0020072
0.0019786
0.0021471
0.0037266
0.0052339
0.0057262
0.0059276
0.0028721
0.0021497
0.0010129
0.00032339
0.00045589
0.00045842
0.00042001
0.00034603
7.9235e-05
3.6219e-05
0
0
0
0
0.0068674
0.038398
0.045471
0.046329
0.024053
0.0016596
0.0017717
0.00043076
0
0
0
0
0
0
0
0
0
0
0
2.526e-05
5.9398e-05
5.9398e-05
5.9398e-05
0
4.1661e-05
0.00052931
0.00076639
0.0011457
0.0013921
0.0014953
0.0021542
0.0025164
0.0031713
0.004665
0.0062866
0.0080791
0.011379
0.015493
0.0186
0.020046
0.02006
0.016347
0.014528
0.013531
0.010311
0.0099283
0.0084346
0.0077411
0.0070021
0.0079037
0.012139
0.013084
0.010783
0.0046889
0.0051027
0.0020464
0.0046298
0.0067707
0.0099147
0.0069913
0.0072146
0.0051494
0.0021096
0.0046889
0.0051027
0.0020464
0.0046298
0.0067707
0.0099147
0.0069913
0.0072146
0.0051494
0.0021096
0.0022794
0.0019201
0.0013198
0.00088297
0.00067027
0.00069033
0.00088994
0.0013028
0.001235
0.002041
0.0032227
0.0040223
0.0049363
0.004853
0.0022769
0.0014018
0.00073717
0.00017701
4.0825e-05
0.00043147
0.00043147
0.00043147
4.3017e-05
0
0
0
0.00017234
0.00017234
0.012992
0.044346
0.045471
0.046247
0.029348
0.0020689
0.0014157
0.00029722
0
0
0
0
0
0
0
0
0
0
0
0
0
0
0
0.00010988
0.0031315
0.0034433
0.0036383
0.00076429
0.00064216
0.00094735
0.0011256
0.0016768
0.0030108
0.003329
0.0044301
0.0064328
0.014073
0.018752
0.020445
0.020437
0.012036
0.01364
0.01405
0.013331
0.011972
0.012374
0.011015
0.0093679
0.0086949
0.017815
0.018316
0.017589
0.017122
0.0096209
0.0098636
0.0090992
0.0072762
0.0061494
0.0063045
0.0029641
0.0015975
0.0011641
0.0014266
0.0096209
0.0098636
0.0090992
0.0072762
0.0061494
0.0063045
0.0029641
0.0015975
0.0011641
0.0014266
0.0017269
0.001721
0.0015505
0.001034
0.0010113
0.0010824
0.0017146
0.0021539
0.0021787
0.0018693
0.00050604
0.00048824
0.00046837
0.00011139
9.3555e-05
0.0002065
0.00010516
0
0.00044079
0.00044079
0.00048381
0.00012846
0
0
0
0.00017234
0.00017234
0.00017234
0.0097496
0.043771
0.045471
0.045522
0.028492
0.0016987
0.0012894
0
0
0
0
0
0
0
0
0
0
0
0
0
0
0
8.4491e-05
0.0019054
0.0032578
0.0033919
0.0061353
0.0036443
0.0034132
0.00090355
0.0012731
0.0025537
0.0030859
0.0035813
0.0043912
0.0049367
0.013476
0.015577
0.015847
0.017626
0.012319
0.01294
0.014964
0.01297
0.013551
0.013559
0.010603
0.0090846
0.0075279
0.018875
0.021289
0.022487
0.0084826
0.011121
0.0087064
0.0083541
0.0063083
0.0030664
0.0027326
0.00043767
0.00024387
0.00020333
0.0004102
0.011121
0.0087064
0.0083541
0.0063083
0.0030664
0.0027326
0.00043767
0.00024387
0.00020333
0.0004102
0.0005967
0.00047699
0.00082729
0.00083579
0.0018432
0.003615
0.0045079
0.0044027
0.0039939
0.0045263
0.0018685
0.00025093
0.0003602
0.00042623
0.00036384
0.00024898
3.3785e-05
0.00035535
0.00035535
0.00039996
0.00039996
4.4614e-05
0
0
0
0.00017234
0.00017234
0.00017234
0.0004873
0.030924
0.04537
0.043623
0.019595
0.0012894
0.00077534
0
0
0
0
0
0
0
0
0
0
0
0
0
0
0
0
0.00030925
0.0031327
0.0046763
0.0060272
0.0030349
0.0032637
0.0020177
0.0007474
0.0013643
0.0017406
0.0019373
0.0025404
0.0049448
0.0068082
0.0093322
0.009961
0.010953
0.011516
0.011474
0.011602
0.012287
0.011821
0.0089331
0.0077032
0.0067055
0.0054468
0.012343
0.011705
0.014858
0.011949
0.0069468
0.0071336
0.0039069
0.0030474
0.0029763
0.0029598
0.0015205
0.00061208
0.00015847
8.0498e-05
0.0069468
0.0071336
0.0039069
0.0030474
0.0029763
0.0029598
0.0015205
0.00061208
0.00015847
8.0498e-05
0.00027985
0.00033015
0.00021947
0.00024038
0.0034176
0.0047675
0.0048236
0.0072959
0.0070079
0.0070434
0.0040942
0.0035475
0.00067253
0.00053635
0.0004605
0.00039811
0
0.00023919
0.00089646
0.00035535
0.00035535
0
0
0
0
0.00017234
0.00017234
0.00017234
0.00017234
0.0098635
0.02643
0.024811
0.0063937
0.00021675
0.0001101
0
0
0
0
0
0
0
0
0
0
0.00011228
0.00069893
0.00011228
2.3774e-05
0
0
0.0001263
0.0001263
0.00031003
0.00309
0.0029901
0.0029487
0.00014909
0.00051271
0.00040496
0.00040496
0.0007472
0.0009771
0.0034003
0.0052319
0.0078259
0.0090652
0.010677
0.01127
0.010944
0.0096263
0.0089454
0.0084445
0.0076225
0.007166
0.0064443
0.0059425
0.005579
0.0052311
0.0047574
0.005465
0.004131
0.0053367
0.0036656
0.0040733
0.005048
0.00299
0.0025867
0.0013311
0.00071603
7.7749e-05
0.004131
0.0053367
0.0036656
0.0040733
0.005048
0.00299
0.0025867
0.0013311
0.00071603
7.7749e-05
1.1479e-05
0.00019227
0.00024006
0.00027829
0.00017478
0.0027679
0.0028734
0.0029275
0.0039304
0.0046413
0.0051282
0.0034037
0.0029397
0.0038112
0.0027313
0.00026947
0.00062699
0.00083793
0.00080238
0.00075205
0
0
0
0
0
0
0.00017234
0.00017234
0
0
0.0050786
0.0037519
0.00011909
0
0
0
0
0
0
0
0
0
0
0
0
0.0012507
0.0012507
0.0012784
0.00013997
0
0
0
0.00077378
0.00077378
0.00064748
0.00048464
0
2.0208e-05
0.00042352
0.00044972
0.00063657
0.00075114
0.00089475
0.00087406
0.0013039
0.0036999
0.0065076
0.0077908
0.009064
0.0068797
0.0072079
0.0098303
0.0093474
0.0095711
0.0066428
0.006755
0.0066855
0.0061914
0.0060811
0.0045337
0.0029431
0.0014929
0.0010124
0.0021766
0.0019589
0.00083583
0.0014109
0.0013999
0.0014497
0.00099267
0.00027326
0.0014929
0.0010124
0.0021766
0.0019589
0.00083583
0.0014109
0.0013999
0.0014497
0.00099267
0.00027326
0.0004273
0.00066559
0.00074456
0.0011605
0.00074917
0.00069672
0.00072131
0.00047524
0.0010014
0.00084803
0.0029246
0.0025776
0.004241
0.0044651
0.0035106
0.0022751
0.00026495
0.001922
0.0021941
0.002651
0.00044744
0
0
0
0
0
0
0
0
0
0
0
0
0
0
0
0
0
0
0
0
0
0
0
0.001031
0.0012507
0.0012784
0.0012784
0.00024736
2.7693e-05
0
0
0.00067198
0.00064748
0.00064748
0.00064748
0
0
7.2159e-05
0.00032899
0.00045273
0.00049103
0.0006813
0.00093684
0.0016576
0.0032052
0.0042878
0.0042689
0.0030982
0.0029187
0.0038795
0.0065772
0.0071825
0.0078089
0.0050671
0.0045612
0.0053497
0.0052068
0.0045806
0.0027249
0.0019793
0.00075355
0.00054391
0.00040749
0.00028676
1.9781e-05
0
0.00023425
0.00057487
0.00024811
0.00017539
0.00075355
0.00054391
0.00040749
0.00028676
1.9781e-05
0
0.00023425
0.00057487
0.00024811
0.00017539
0.00027379
0.00036544
0.00052926
0.00071716
0.00050825
0.00047092
0.00029956
3.3395e-05
0.00049553
0.0063144
0.0064294
0.0065129
0.0086744
0.0032904
0.0027485
0.00055335
0.00021867
0.0018413
0.0031835
0.0028685
0.0027736
0.00026791
0
0
0
0
0
0
0
0
0
0
0
0
0
0
0
0
0
0
0
0
0
0
0.00085871
0.0012269
0.0012784
0.0031535
0.002054
0.0019466
0
2.4499e-05
0.00027459
0.00067198
0.00067198
0
0
0
0.00024302
0.00024302
0.00040138
0.0012945
0.0025121
0.0015491
0.0012047
0.0015313
0.0023946
0.0022453
0.0019889
0.0014786
0.0012234
0.0020523
0.0024271
0.0021322
0.0022433
0.003123
0.0034663
0.0034532
0.0022422
0.0023321
0.0014703
0.00085649
0.00073431
0.00041228
5.2879e-05
0
0
0.00025756
0.00035336
0.00040736
0.00040736
0.00085649
0.00073431
0.00041228
5.2879e-05
0
0
0.00025756
0.00035336
0.00040736
0.00040736
5.3994e-05
0
0
0
0
0
0
0.00026646
0.0003797
0.0056269
0.0060826
0.0058162
0.0019344
0.00053267
0.00031291
0
0.00063407
0.0020881
0.0028685
0.0028685
0.0017844
0.00045882
0
0
0
0
0
0
0
0
0
0
0
0
0
0
0
0
0
0
0
0
0
0
0
0.0011384
0.0011661
0.0030851
0.0027771
0.0027771
0.0022922
2.4499e-05
2.4499e-05
2.4499e-05
2.4499e-05
0
0
0
0.00024302
0.00041284
0.00081362
0.0027977
0.0024235
0.002529
0.0021377
0.00040871
0.00092983
0.0011043
0.0010058
0.0010972
0.00065301
0.00058858
0.00061079
0.00083778
0.0015597
0.002684
0.0031323
0.0030641
0.0018987
0.0011358
0.00056629
0.00077556
0.00035073
0.00021328
9.8032e-05
8.1575e-05
0.00011486
0.00036885
0.00052959
0.00060966
4.6434e-05
0.00077556
0.00035073
0.00021328
9.8032e-05
8.1575e-05
0.00011486
0.00036885
0.00052959
0.00060966
4.6434e-05
0
0
0
0
0
0
0
0
5.3251e-05
0.00011857
8.9265e-05
0
0
0
0
0.003906
0.003906
0.003906
0.0032848
0.0012726
0.00086991
0
0
0
0
0
0
0
0
0
0
0
0
0
0
0
0
0
0
0
0
0
0
0
0
0
4.8347e-05
0.0026572
0.0027494
0.0027494
0.0027494
0
2.4499e-05
2.4499e-05
2.552e-05
0
0
0
0
0.00023494
0.00035034
0.0016602
0.0025496
0.0025384
0.00058297
0.00074001
0.00021051
0.00061107
0.00057979
0.00039424
0.00043384
0.00044723
0.00040842
0.00087818
0.0033503
0.0015467
0.0014516
0.0013391
0.00089035
0.00077099
0.00034922
0.00013705
0.00026087
0.00019525
0.0002302
0.00036259
0.00045323
0.00085368
0.0010609
0.00089659
0.00065559
0.00013705
0.00026087
0.00019525
0.0002302
0.00036259
0.00045323
0.00085368
0.0010609
0.00089659
0.00065559
0.00025555
0
0
0
0.00020256
0.00033787
0.00052654
0.00032886
0.00038031
0.00014237
0
0
0
0
0
0.003906
0.003906
0.003906
0.0033656
0
0
0
0
0
0
0
0
0
0
0
0
0
0
0
0
0
0
0
0
0
0
0
0
0
0
0
0
0.0013942
0.0027494
0.0027494
0.00083043
8.3526e-05
0.00053174
0.00082928
0.00076861
0.00053342
6.5565e-05
0
0
0.0001047
0.00012212
0.00014629
6.5899e-05
0.0004526
0.00042844
0.00042844
0.00018665
0.00017327
0.00020563
0.00017938
9.3221e-05
9.2422e-05
0.00027171
0.007621
0.0077048
0.0078082
0.0071131
0.00064404
0.00065381
0.00050743
0.00018875
0.00014029
0.00022827
0.00027082
0.00025615
9.5524e-05
0.00029731
0.00031818
0.00045749
0.00047805
0.00021941
0.00014029
0.00022827
0.00027082
0.00025615
9.5524e-05
0.00029731
0.00031818
0.00045749
0.00047805
0.00021941
0.0001039
1.9372e-05
1.9372e-05
9.7196e-05
0.00030823
0.00056025
0.0015751
0.0016815
0.0014573
0.00070771
0
0.00077742
0.00077742
0.00075409
7.4202e-05
0
0.0023503
0.0022825
0
0
0
0
0
0
0
0
0
0
0
0
0
0
0
0
0
0
0
0
0
0
0
0
0
0
0
0
0
2.5334e-05
0.00083043
0.00083043
0.00044278
0.00029586
0.0006399
0.0009162
0.0009162
0.00064993
0.00025078
0.00095032
0.00095032
0
2.3384e-05
8.0015e-05
0.00010176
7.2549e-05
8.5792e-05
0
0
0
4.1772e-05
0.00052812
0.00059413
0.00064538
0.00015665
0.0032359
0.0066789
0.0052611
0.0011187
0.00042875
0.00060244
0.00053836
8.308e-05
0
0
0
3.919e-05
0.00013808
0.00025632
0.00036664
0.00036664
0.00021761
0.00060403
0
0
0
3.919e-05
0.00013808
0.00025632
0.00036664
0.00036664
0.00021761
0.00060403
0.002504
0.002504
0.002504
6.8797e-05
0.00023113
0.00048728
0.0013619
0.0015113
0.0013307
0.00079631
9.753e-05
0.00086512
0.00093932
0.00093932
0.00084179
7.4202e-05
0
0
0
0
0
0
0
0
0
0
0
0
0
0
0
0
0
0
0
0
0
0
0
0
0
0
0
0
0
0
0
0
0
0
0
0.00014909
0.00029586
0.00078676
0.00093873
0.00046499
0.0029895
0.0028718
0.0027966
0.0027966
0.00010128
0.00014803
0.00021661
0.00017034
9.0324e-05
3.9673e-05
0
0
0.00012998
0.00057534
0.00057534
0.00058498
0.00044744
5.1412e-05
5.1412e-05
4.1103e-05
0
0.00016516
0.00016516
0.00016516
0.00016516
0
0
0
0
0
0.00010217
0.00014627
4.4094e-05
0
0.00051399
0
0
0
0
0
0.00010217
0.00014627
4.4094e-05
0
0.00051399
0.0024847
0.0024847
0.0026266
0.00039311
0.00037769
0.00040964
0.00043499
0.00041191
0.00038776
0
4.8236e-05
0.00018523
0.00072981
0.000323
0.00016191
0
0
0
0
0
0
0
0
0
0
0
0
0
0
0
0
0
0
0
0
0
0
0
0
0
0
0
0
0
0
0
0
0
0
0
0
0
0
0
0.00019298
0.00019298
0.0026321
0.0029026
0.0027966
0.0031027
0.00062872
0.00063147
0.00019422
0.00014151
6.8574e-05
3.9673e-05
0
0
0
4.3444e-05
4.3444e-05
0
0
0
0
0
0
0
0
0
0
0
0
0
0
0
0
0
0
0
0
0
0
0
0
0
0
0
0
0
0
0
0
0.00022996
0.00035661
0.00037769
0.00038091
0.00015416
0
0
0
0
9.2199e-05
0.00020383
0
0
0
0
0
0
0
0
0
0
0
0
0
0
0
0
0
0
0
0
0
0
0
0
0
0
0
0
0
0
0
0
0
0
0
0
0
0.00079935
0.0012073
0.00024582
0
0
7.6468e-05
4.5617e-05
0.0010526
0.00035368
0.0020613
0.0020897
0.0021125
0.0018416
8.4826e-05
0
0
0
0
0
0
0
0
0
0
0
0
0
0
0
0
0
0
0
0
0
0
0
0
0
0
0
0
0
0
0
0
0
0
0
0
0
0
0
7.0561e-05
0.0018072
0.0059914
0.0058974
0.005735
0.0034183
8.6832e-05
0.00020158
0.00050102
0.00092638
0.00088069
0.00074235
0.00011759
0
0
0
0
0
0
0
0
0
0
0
0
0
0
0
0
0
0
0
0
0
0
0
0
0
0
0
0
0
0
0
0
0
0
0.0011258
0.0019963
0.0020334
0.0017763
0.00051505
3.711e-05
0
0
0
0
0.0018928
0.0020613
0.0020888
0.0014375
5.4885e-05
5.4885e-05
2.7378e-05
0
0
0
0
0.00017608
0.0003443
0.00012922
0
0
7.8418e-05
7.8418e-05
0
0
0
0
0
0
0
0
0
0
0
0
0
0
0
0
0
0
0
0
0
0
0
0
0.0013116
0.0013426
0.001229
0.0005581
0.0060989
0.0062207
0.005765
0.00028505
0.00014064
0.00024495
0.00072758
0.001088
0.000985
0.00078849
0.00019422
0
0
0
0
0
0
0
0
0
0
0
0
0
0
0
0
0
0
0
0
0
0
0
0
0
0
0
0
0
0
0
0
0
0
0.0014855
0.0019963
0.0020334
0.0020334
0.00054785
3.711e-05
0
0
0
0
0
0.00011798
8.659e-05
0.00071315
5.4885e-05
2.7378e-05
2.7378e-05
0
0
0
0.00022656
0.00047652
0.00047652
0.00047652
0.00024996
7.8418e-05
0.0011193
0.0020944
0.002263
0.00093275
0
0
0
0
0
0
0
0
0
0
0
0.0011727
0
0
0
0
0
0
0
0
0
0.0011727
0.0014413
0.0023205
0.0031313
0.0022178
0.0021254
0.0010715
0.00027127
0
0
0.00016166
7.4833e-05
0.00028713
0.00031334
6.6104e-05
0
0
0
0
0
0
0
0
0
0
0
0
0
0
0
0
0
0
0
0
0
0
0
0
0
0
0
0
0
0
0
0
0
0
0
0.00025704
0.001822
0.0019963
0.0012735
0.0001049
0
0
0
0
0
0
0.00085312
0.0008881
0.001041
0.00095784
0.00024268
0.00070045
0.00075539
0.00017879
8.9246e-05
0
2.9792e-05
0.00017123
0.00013223
2.8993e-05
0.00038249
0.0022555
0.0028614
0.0028614
0.0020474
0.0017217
0.0017673
0.001717
0
0
0
0
0
0
0
0
0
0.001717
0
0
0
0
0
0
0
0
0
0.00012264
0.00070972
0.0017532
0.0020162
0.0017248
0.00073158
0.00029491
0
0
0
0
0
0
0
0
0
0
0
0
0
0
0
0
0
0
0
0
0
0
0
0
0
0
0
0
0
0
0
0
0
0
0
0
0
0
0
0
0
0
0
6.1572e-05
0
0
0
0
0
0
0
0
4.1698e-05
0.00037196
0.0090805
0.0073657
0.002217
0.0014552
0.0011622
0.0011622
0.00092348
0.00027883
0
0
3.0071e-05
9.2794e-05
9.2794e-05
9.2794e-05
3.0331e-05
0.00058134
0.00051239
0.00017171
0.001822
0.001822
0.001822
0.0019953
0.00065892
0.00056503
0.00030032
0
0
0
0
0
0.001822
0.0019953
0.00065892
0.00056503
0.00030032
0
0
0
0
0
0
0.00012264
0.00016547
4.2831e-05
0.00014554
0.00014554
0
0
0
0
0
0
0
0
0
0
0
0
0
0
0
0
0
0
0
0
0
0
0
0
0
0
0
0
0
0
0
0
0
0
0
0
0
0
0
0
0
0
0
0
0
0
0
0
0
0
0
0
0
4.1698e-05
0.013948
0.015965
0.015965
0.015923
0.0002292
0.00085485
0.00084109
0.00040682
8.1297e-05
0
0
3.2392e-05
6.2463e-05
9.2794e-05
9.2794e-05
3.0331e-05
0
0
0
5.4699e-05
5.4699e-05
0
0.00077415
0.0010802
0.0010802
0.0010802
0
0
0
0
0
0
0.00077415
0.0010802
0.0010802
0.0010802
0
0
0
0
0
0
0
0.0032288
0.0032288
0.0032288
0.0020604
0
0
0
0
0
0
0
0
0
0
0
0
0
0
0
0
0
0
0
0
0
0
0
0
0
0
0
0
0
0
0
0
0
0
0
0
0
0
0
0
0
0
0
0
0
0
0
0
0
0
0
0
0
0
0.0088212
0.014851
0.014763
0.0094593
4.935e-05
0.00017985
0.00017985
0
0
0
0
0
0
0
0
0
0
0
0
0
0
0
0
0.00042125
0.00042125
0.00042125
0
0
0
0
0
0
0
0.00042125
0.00042125
0.00042125
0
0
0
0
0
0
0
0.0032288
0.0032288
0.0032288
0.001676
0
9.3555e-05
0.00026157
0.00033113
4.4521e-05
0
0
0
0
0
0
0
0
0
0
0
0
0
0
0
0
0
0
0
0
0
0
0
0
0
0
0
0
0
0
0
0
0
0
0
0
0
0
0
0
0
0
0
0
0
0
0
0
0
0
0.00011404
0.00011404
0
0
0
0
0
0
0
0
0
0
0
0
0
0
0
0
0
0
0
0.00097227
0.0010156
0.0010156
0.0010156
0
0
0
0
0
0
0.00097227
0.0010156
0.0010156
0.0010156
0
0
0
0
0
0
0
0
0
0
0
9.3555e-05
0.00068403
0.0011716
0.0061274
0.0062582
0.00534
0.0043147
0
0
0
0
0
0
0
0
0
0
0
0
0
0
0
0
0
0
0
0
0
0
0
0
0
0
0
0
0
0
0
0
0
0
0
0
0
0
0
0
0
0
0
0
0
0
0
0
0
0
0
0
0
0
0
0
0
0
0
0
0
0
0
0
0
0
0
0
0
4.701e-05
0.0010156
0.0010156
0.00058288
0
0
0
0
0
0
4.701e-05
0.0010156
0.0010156
0.00058288
0
0
0
0
0
0
0
0
0
0
0
0
0.0004518
0.0011271
0.0062664
0.0062191
0.0053401
0.0051329
0
0
0
0
0
0
0
0
0
0
0
0
0
0
0
0
0
0
0
0
0
0
0
0
0
0
0
0
0
0
0
0
0
0
0
0
0
0
0
0
0
0
0
0
0
0
0
0
0
0
0
0
0
0
0
0
0
0
0
0
0
0
0
0
0
0
0
0
0
0
0
0
0
0
0
0
0
0
0
0
0
0
0
0
0
0
0
0
0
0
0
0
0
0
0
0
5.2712e-05
0.00012764
0
8.6535e-05
0
0
0
0
0
0
0
0
0
0
0
0
0
0
0
0
0
0
0
0
0
0
0
0
0
0
0
0
0
0
0
0
0
0
0
0
0
0
0
0
0
0
0
0
0
0
0
0
0
0
0
0
0
0
0
0
0
0
0
0
0
0
0
0
0
0
0
0
0
0
0.00041991
0.0010691
0.00074555
0
0
0
0
0
0
0
0.00041991
0.0010691
0.00074555
0
0
0
0
0
0
0
0
0
0
0
0
0
0
0
0
0
0
0
0
0
0
0
0
0
0
0
0
0
0
0
0
0
0
0
0
0
0
0
0
0
0
0
0
0
0
0
0
0
0
0
0
0
0
0
0
0
0
0
0
0
0
0
0
0
0
0
0
0
0
0
0
0
0
0
0
0
0
0
0
0
0
0
0
0
0
0
0.00066585
0.001439
0.001439
0.001439
0.00077316
0
0
0
0
0
0.00066585
0.001439
0.001439
0.001439
0.00077316
0
0
0
0
0
0
0
0
0
0
0
0
0
0
0
0
0
0
0
0
0
0
0
0
0
0
0
0
0
0
0
0
0
0
0
0
0
0
0
0
0
0
0
0
0
0
0
0
0
0
0
0
0
0
0
0
0
0
0
0
0
0
0
0
0
0
0
0
0
0
0
0
0
0
0
0
0
0
0
0
0
0
0
0
0
0
0
0.00019864
0.00031326
0
0
0
0
0
0
0
0
0.00019864
0.00031326
0
0
0
0
0
0
0
0
0
0
0
0
0
0
0
0
0
0
0
0
0
0
0
0
0
0
0
0
0
0
0
0
0
0
0
0
0
0
0
0
0
0
0
0
0
0
0
0
0
0
0
0
0
0
0
0
0
0
0
0
0
0
0
0
0
0
0
0
0
0
0
0
0
0
0
0
0
0
0
0
0
0
0
0
0
0
0
0
0
0
0
0
0
0
0
0
0
0
0
0
0
0
0
0
0
0
0
0
0
0
0
0
0
0
0
0
0
0
0
0
0
0
0
0
0
0
0
0
0
0
0
0
0
0
0
0
0
0
0
0
0
0
0
0
0
0
0
0
0
0
0
0
0
0
0
0
0
0
0
0
0
0
0
0
0
0
0
0
0
0
0
0
0
0
0
0
0
0
0
0
0
0
0
0
0
0
0
0
0
0
0
0
0
0
0
0
0
0
0
0
0
0
0
0
0
0
0
0
0
0
0
0
0
0
0
0
0
0
0
0
0
0
0
0
0
0
0
0
0
0
0
0
0
0
0
0
0
0
0
0
0
0
0
0
0
0
0
0
0
0
0
0
0
0
0
0
0
0
0
0
0
0
0
0
0
0
0
0
0
0
0
0
0
0
0
0
0
0
0
0
0
0
0
0
0
0
0
0
0
0
0
0
0
0
0
0
0
0
0
0
0
0
0
0
0
0
0
0
0
0
0
0
0
0
0
0
0
0
0
0
0
0
0
0
0
0
0
0
0
0
0
0
0
0
0
0
0
0
0
0
0
0
0
0
0
0
0
0
0
0
0
0
0
0
0
0
0
0
0
0
0
0
0
0
0
0
0
0
0
0
0
0
0
0
0
0
0
0
0
0
0
0
0
0
0
0
0
0
0
0
0
0
0
0
0
0
0
0
0
0
0
0
0
0
0
0
0
0
0
0
0
0
0
0
0
0
0
0
0
0
0
0
0
0
0
0
0
0
0
0
0
0
0
0
0
0
0
0
0
0
0
0
0
0
0
0
0
0
0
0
0
0
0
0
0
0
0
0
0
0
0
0
0
0
0
0
0
0
0
0
0
0
0
0
0
0
0
0
0
0
0
0
0
0
0
0
0
0
0
0
0
0
0
0
0
0
0
0
0
0
0
0
0
0
0
0
0
0
0
0
0
0
0
0
0
0
0
0
0
0
0
0
0
0
0
0
0
0
0
0
0
0
0
0
0
0
0
0
0
0
0
0
0
0
0
0
0
0
0
0
0
0
0
0
0
0
0
0
0
0
0
0
0
0
0
0
0
0
0
0
0
0
0
0
0
0
0
0
0
0
0
0
0
0
0
0
0
0
0
0
0
0
0
0
0
0
0
0
0
0
0
0
0
0
0
0
0
0
0
0
0
0
0
0
0
0
0
0
0
0
0
0
0
0
0
0
0
0
0
0
0
0
0
0
0
0
0
0
0
0
0
0
0
0
0
0
0
0
0
0
0
0
0
0
0
0
0
0
0
0
0
0
0
0
0
0
0
0
0
0
0
0
0
0
0
0
0
0
0
0
0
0
0
0
0
0
0
0
0
0
0
0
0
0
0
0
0
0
0
0
0
0
0
0
0
0
0
0
0
0
0
0
0
0
0
0
0
0
0
0
0
0
0
0
0
0
0
0
0
0
0
0
0
0
0
0
0
0
0
0
0
0
0
0
0
0
0
0
0
0
0
0
0
0
0
0
0
0
0
0
0
0
0
0
0
0
0
0
0
0
0
0
0
0
0
0
0
0
0
0
0
0
0
0
0
0
0
0
0
0
0
0
0
0
0
0
0
0
0
0
0
0
0
0
0
0
0
0
0
0
0
0
0
0
0
0
0
0
0
0
0
0
0
0
0
0
0
0
0
0
0
0
0
0
0
0
0
0
0
0
0
0
0
0
0
0
0
0
0
0
0
0
0
0
0
0
0
