0
0
0
0
0
0
0
0
0
0
0
0
0
0
0
0
0
0
0
0
0
0
0
0
0
0
0
0
0
0
0
0
0
0
0
0
0
0
0
0
0
0
0
0
0
0
0
0
0
0
0
0
0
0
0
0
0
0
0
0
0.0014389
0.0014389
0.0026782
0.0087023
0.0099902
0.011687
0.0078261
0.0038413
0.0022411
0.0017214
0.0012922
0.0041412
0.0045905
0.0042828
0.0037395
0.0058678
0.0042515
0.0028003
0.0031915
0.0026207
0.0015596
0.0033262
0.0046928
0.0043558
0.0040027
0.0026504
0.00057337
0
0.0015305
0.004311
0.0050913
0.0049361
0.0025231
0
0.0022889
0.0035405
0.0041727
0.0065556
0.0058585
0.0035375
0.0035375
0
0
0
0
0
0
0
0
0
0
0
0
0
0
0
0
0
0
0
0
0
0
0
0
0
0
0
0
0
0
0
0
0
0
0
0
0
0
0
0
0
0
0
0
0
0
0
0
0
0
0
0
0
0
0
0
0
0
0
0
0
0.0014389
0.0014389
0.001561
0.0054494
0.0077313
0.0073855
0.0058504
0.002363
0
0
0.0017149
0.0019353
0.0035464
0.0044499
0.0056497
0.0054232
0.0050664
0.0025444
0.0021755
0.0028278
0.0034948
0.0040336
0.0046219
0.0037787
0.0033388
0.0013383
0.0013809
0.00185
0.0037861
0.0043924
0.0041394
0.0024402
0
0.0018807
0.0035405
0.0039553
0.0064179
0.0058585
0.0035375
0.0035375
0
0
0
0
0
0
0
0
0
0
0
0
0
0
0
0
0
0
0
0
0
0
0
0
0
0
0
0
0
0
0
0
0
0
0
0
0
0
0
0
0
0
0
0
0
0
0
0
0
0
0
0
0
0
0
0
0
0
0
0
0
0
0
0.0014015
0.004656
0.0066587
0.0084956
0.0074554
0.0043027
0.002163
0.00051771
0.00051771
0.00031166
0.00046914
0.0036241
0.0049382
0.0059308
0.0043724
0.002241
0.00302
0.0031298
0.0036752
0.0044537
0.0029287
0.0037712
0.0037849
0.0035466
0.0027383
0.0020174
0.00279
0.0021253
0.0023272
0.001183
0.00035241
0.0013897
0.0029734
0.0050105
0.0053814
0.0052661
0.0035375
0.0035375
0
0
0
0
0
0
0
0
0
0
0
0
0
0
0
0
0
0
0
0
0
0
0
0
0
0
0
0
0
0
0
0
0
0
0
0
0
0
0
0
0
0
0
0
0
0
0
0
0
0
0
0
0
0
0
0
0
0
0
0
0
0
0
0.00085463
0.0011388
0.0028256
0.0038913
0.0034632
0.0022007
0.0015834
0.0013064
0.0029919
0.0036538
0.0026441
0.0024029
0.0028086
0.0026219
0.0022457
0.00071098
0.0025832
0.002461
0.0022816
0.0030419
0.0014492
0.0026736
0.0045591
0.0044551
0.0039706
0.0019649
0.0024246
0.0022564
0.0016966
0.001183
0.00035241
0.0010941
0.0033054
0.0044102
0.0048815
0.0050771
0.0035375
0.0035375
0
0
0
0
0
0
0
0
0
0
0
0
0
0
0
0
0
0
0
0
0
0
0
0
0
0
0
0
0
0
0
0
0
0
0
0
0
0
0
0
0
0
0
0
0
0
0
0
0
0
0
0
0
0
0
0
0
0
0
0
0
0
0.001022
0.0014105
0.0025215
0.003798
0.0029832
0.002717
0.0010657
0
0.0016598
0.0032441
0.0048566
0.0054517
0.0038798
0.0029975
0.0025587
0.00099673
0.00049236
0.0013483
0.0020212
0.0030488
0.0019363
0.0021096
0.0032625
0.0038929
0.0052531
0.0052561
0.0031977
0.0014104
0.0015403
0.0014188
0.00078964
0.00051988
0.0010941
0.0023441
0.0039378
0.0045796
0.0050771
0.0035375
0.0035375
0
0
0
0
0
0
0
0
0
0
0
0
0
0
0
0
0
0
0
0
0
0
0
0
0
0
0
0
0
0
0
0
0
0
0
0
0
0
0
0
0
0
0
0
0
0
0
0
0
0
0
0
0
0
0
0
0
0
0
0
0
0.00091522
0.0033667
0.0067257
0.012512
0.011535
0.0094685
0.0053469
0.0027848
0.0014448
0.0012413
0.0040306
0.0053204
0.0051818
0.00402
0.0035823
0.0025876
0.0005513
0.00069667
0.00046152
0.0018178
0.0014429
0.0011984
0.0019745
0.0026361
0.0036538
0.0048097
0.0044025
0.0042533
0.0025187
0.0005093
0.00045674
0.00016747
0.00080886
0.0013847
0.0022672
0.003767
0.0042047
0.0050771
0.0039115
0.0035375
0
0
0
0
0
0
0
0
0
0
0
0
0
0
0
0
0
0
0
0
0
0
0
0
0
0
0
0
0
0
0
0
0
0
0
0
0
0
0
0
0
0
0
0
0
0
0
0
0
0
0
0
0
0
0
0
0
0
0
0
0
0.0006309
0.0054786
0.0090515
0.014892
0.01525
0.014972
0.0089478
0.0056159
0.0034803
0.0030417
0.0033874
0.0045051
0.0046249
0.0044097
0.0031074
0.003395
0.0030025
0.0023068
0.0020716
0.00041854
0.00084609
0.0010076
0.0010076
0.00048054
0.0022464
0.0031205
0.0026659
0.0039758
0.001995
0.0016865
0
0.00045646
0.00045646
0.0015505
0.0022672
0.003392
0.0042047
0.0050771
0.0039115
0.0035375
0
0
0
0
0
0
0
0
0
0
0
0
0
0
0
0
0
0
0
0
0
0
0
0
0
0
0
0
0
0
0
0
0
0
0
0
0
0
0
0
0
0
0
0
0
0
0
0
0
0
0
0
0
0
0
0
0
0
0
0
0
0
0.0045714
0.0099601
0.01383
0.016259
0.01422
0.01089
0.0082435
0.0056535
0.0023372
0.0029654
0.0021467
0.00087702
0.002495
0.0031628
0.0061059
0.0074396
0.0066019
0.0026011
0.0017326
7.8838e-05
7.8838e-05
0.00016154
0.00048054
0.000319
0.0023624
0.0030709
0.0031234
0.0027599
0.002198
2.5194e-05
0.00045646
0.00045646
0.0013009
0.0020947
0.003392
0.0034653
0.0050771
0.0039115
0.0035375
0
0
0
0
0
0
0
0
0
0
0
0
0
0
0
0
0
0
0
0
0
0
0
0
0
0
0
0
0
0
0
0
0
0
0
0
0
0
0
0
0
0
0
0
0
0
0
0
0
0
0
0
0
0
0
0
0
0
0
0
0
0
0.004404
0.0060915
0.0091195
0.010048
0.0076199
0.0067926
0.0041719
0.0035608
0.0013483
0.0013221
0.0007949
0.00049557
0.00041975
0.0024242
0.0055397
0.007628
0.0086399
0.0061084
0.0026774
0.00029257
0
0
0
0
0.0018129
0.0037524
0.0037877
0.0024367
0.0019098
0.00084485
0.00045646
0.00045646
0.00080886
0.0020947
0.0030963
0.0033382
0.0055397
0.0039115
0.0035375
0
0
0
0
0
0
0
0
0
0
0
0
0
0
0
0
0
0
0
0
0
0
0
0
0
0
0
0
0
0
0
0
0
0
0
0
0
0
0
0
0
0
0
0
0
0
0
0
0
0
0
0
0
0
0
0
0
0
0
0
0
0
0.0010124
0.0033154
0.0036897
0.0016255
0.00092795
0.0013321
0.0018523
0.0018523
0.0016098
0.0005829
0.00013387
0
6.9369e-05
0.0016762
0.0048657
0.007499
0.008669
0.0069442
0.0040542
0.00079774
0
3.3056e-05
0.0004747
0.00044228
0.0011676
0.0026072
0.0029785
0.0024367
0.0019098
0.00084485
0.00045646
0.00045646
0.00045646
0.0020947
0.0023091
0.0031627
0.0051048
0.0042274
0.0035375
0
0
0
0
0
0
0
0
0
0
0
0
0
0
0
0
0
0
0
0
0
0
0
0
0
0
0
0
0
0
0
0
0
0
0
0
0
0
0
0
0
0
0
0
0
0
0
0
0
0
0
0
0
0
0
0
0
0
0
0
0
0.00068251
0.0011724
0.0034565
0.0041758
0.0036278
0.0018862
0.0014378
0.0010154
0.0023738
0.0038471
0.01255
0.01242
0.0093929
0.0068757
0.0010345
0.002647
0.0054346
0.0064612
0.0049957
0.0040542
0
6.4917e-05
0.00050656
0.00055843
0.00075987
0.0011836
0.0018153
0.0036732
0.003244
0.00051158
0.00067738
0.00045646
0.00045646
0.00094109
0.0017423
0.0023091
0.00201
0.0051048
0.0042274
0.0035375
0
0
0
0
0
0
0
0
0
0
0
0
0
0
0
0
0
0
0
0
0
0
0
0
0
0
0
0
0
0
0
0
0
0
0
0
0
0
0
0
0
0
0
0
0
0
0
0
0
0
0
0
0
0
0
0
0
0
0
0
0
0
0.0019376
0.0042903
0.0044729
0.0036751
0.0019106
0.0023412
0.0027257
0.0042849
0.0062273
0.014191
0.014581
0.011755
0.009518
0.0018253
0.0034293
0.0052493
0.0068023
0.0032521
0.0022312
0
0.00020455
0.00050656
0.00065147
0.00079173
0.0017353
0.0014281
0.0017994
0.0014586
0.00051158
0.00067738
0.00045646
0.00094109
0.00094109
0.0010704
0.0018171
0.0018792
0.0048298
0.0039527
0.0035375
0
0
0
0
0
0
0
0
0
0
0
0
0
0
0
0
0
0
0
0
0
0
0
0
0
0
0
0
0
0
0
0
0
0
0
0
0
0
0
0
0
0
0
0
0
0
0
0
0
0
0
0
0
0
0
0
0
0
0
0
0
0.001114
0.0015435
0.0019817
0.0025409
0.0030348
0.0045153
0.0042135
0.0053373
0.0041688
0.0047915
0.0054886
0.0038942
0.0045302
0.0012626
0.0019609
0.0035618
0.0039127
0.0037465
0.0030327
0.00027226
0
3.1861e-05
0.00041248
0.00065147
0.00079173
0.0018785
0.0014879
0.0012878
0.0029506
0.0022045
0.0010333
0.00099895
0.0015266
0.0013509
0.0013571
0.0015674
0.0016295
0.0029455
0.0041221
0.0035375
0
0
0
0
0
0
0
0
0
0
0
0
0
0
0
0
0
0
0
0
0
0
0
0
0
0
0
0
0
0
0
0
0
0
0
0
0
0
0
0
0
0
0
0
0
0
0
0
0
0
0
0
0
0
0
0
0
0
0
0.00030228
0.0013978
0.0041327
0.0066534
0.0077975
0.0076126
0.0061888
0.0077536
0.0089824
0.008079
0.0080001
0.0072784
0.00673
0.0047541
0.0031095
0.0011112
0.0013439
0.0044318
0.0041277
0.0039239
0.0014699
0.00027226
0.00027226
0
3.1861e-05
0.00017677
0.00028816
0.00089448
0.00074957
0.0017201
0.0022993
0.002155
0.0022354
0.0021287
0.0030876
0.0017689
0.0013571
0.0015674
0.0016295
0.0029455
0.0041221
0.0035375
0
0
0
0
0
0
0
0
0
0
0
0
0
0
0
0
0
0
0
0
0
0
0
0
0
0
0
0
0
0
0
0
0
0
0
0
0
0
0
0
0
0
0
0
0
0
0
0
0
0
0
0
0
0
0
0.0013018
0.0036455
0.0036455
0.0036455
0.0025211
0.0042864
0.0086555
0.014441
0.012058
0.0086951
0.0094153
0.0067415
0.0096463
0.010111
0.0094632
0.0097106
0.0076393
0.0035033
0.0030092
0.0016914
0.0036194
0.0054127
0.0052425
0.0035379
0.0023557
0.001459
0.00033212
0.00022036
0
0
0.0051911
0.005528
0.005878
0.002816
0.0020396
0.0022354
0.0022354
0.0022465
0.0026563
0.0021138
0.0013571
0.0019772
0.0016295
0.002906
0.0041221
0.0035375
0
0
0
0
0
0
0
0
0
0
0
0
0
0
0
0
0
0
0
0
0
0
0
0
0
0
0
0
0
0
0
0
0
0
0
0
0
0
0
0
0
0
0
0
0
0
0
0
0
0
0
0
0
0
0
0.0032816
0.0043406
0.0050267
0.0046186
0.0036195
0.0067942
0.0092148
0.013254
0.013371
0.010925
0.0090431
0.0077154
0.010033
0.011617
0.010491
0.0033241
0.0037557
0.001911
0.0018077
0.0031757
0.0051464
0.0067544
0.0072673
0.0054794
0.0038615
0.0024348
0.0010943
0.00067041
0.00028217
0.0046037
0.0052977
0.0056712
0.0058585
0.0024733
0.0019914
0.0023907
0.0034548
0.0022465
0.0026563
0.0021138
0.0013571
0.0019772
0.0016295
0.0025853
0.003748
0.0035375
0
0
0
0
0
0
0
0
0
0
0
0
0
0
0
0
0
0
0
0
0
0
0
0
0
0
0
0
0
0
0
0
0
0
0
0
0
0
0
0
0
0
0
0
0
0
0
0
0
0
0
0
0
0
0
0.0012584
0.0013812
0.0017458
0.0017605
0.0013528
0.0096691
0.021773
0.027314
0.022744
0.019192
0.012293
0.014953
0.015061
0.013319
0.0083345
0.0040094
0.0023481
0.0019866
0.0018831
0.0038125
0.0041085
0.0052995
0.0047016
0.0048404
0.0035775
0.0024788
0.001236
0.00069812
0.00069812
0.0051851
0.0052977
0.0058585
0.0058585
0.002607
0.0022218
0.0026622
0.0037263
0.0022465
0.0026563
0.0025818
0.00089446
0.0015624
0.0016295
0.0025853
0.003748
0.0035375
0
0
0
0
0
0
0
0
0
0
0
0
0
0
0
0
0
0
0
0
0
0
0
0
0
0
0
0
0
0
0
0
0
0
0
0
0
0
0
0
0
0
0
0
0
0
0
0
0
0
0
0
0
0
0
0.00096029
0.002493
0.0030402
0.0033401
0.0051402
0.017752
0.026627
0.032848
0.028243
0.020813
0.018881
0.019662
0.01736
0.017358
0.012351
0.010996
0.005961
0.0033199
0.0037696
0.001792
0.002324
0.0021207
0.0020414
0.001541
0.0018122
0.0018514
0.00078999
0.00069812
0.00069812
0.00092973
0.0053417
0.0066513
0.0072439
0.0026728
0.0030319
0.0026622
0.0026125
0.0024558
0.0031243
0.0025818
0.0012749
0.0015624
0.0016295
0.0020531
0.003748
0.0035375
0
0
0
0
0
0
0
0
0
0
0
0
0
0
0
0
0
0
0
0
0
0
0
0
0
0
0
0
0
0
0
0
0
0
0
0
0
0
0
0
0
0
0
0
0
0
0
0
0
0
0
0
0
0
0
0.00097959
0.0038317
0.0097062
0.011782
0.018899
0.022547
0.022219
0.027059
0.019782
0.021024
0.014603
0.01449
0.015641
0.014427
0.016097
0.014223
0.010994
0.0067329
0.0049934
0.0053054
0.0033576
0.0023735
0.0010265
0.00073202
0.00063783
0.0011591
0.0014071
0.0015455
0.00078241
0.0014726
0.0018376
0.0073305
0.0025175
0.0024213
0.0018114
0.00092098
0.0020333
0.0020333
0.0030007
0.0026896
0.0013624
0.00040983
0.00068996
0.0019963
0.003748
0.0035375
0
0
0
0
0
0
0
0
0
0
0
0
0
0
0
0
0
0
0
0
0
0
0
0
0
0
0
0
0
0
0
0
0
0
0
0
0
0
0
0
0
0
0
0
0
0
0
0
0
0
0
0
0
0
0
0
0.0031508
0.008821
0.01647
0.019975
0.019471
0.019886
0.01884
0.01988
0.018713
0.015057
0.014458
0.011363
0.011931
0.014159
0.011544
0.0084877
0.0056801
0.0044993
0.004358
0.0039302
0.0016234
0.0010121
0.0011874
0.0022162
0.0017712
0.0017712
0.0013396
0.0011669
0.0035112
0.0035241
0.0057856
0.0034012
0.0033006
0.0018114
0.00092098
0.0010677
0.0024799
0.0035541
0.0034141
0.0010106
0.00040983
0.00068996
0.0016383
0.0037085
0.0035375
0
0
0
0
0
0
0
0
0
0
0
0
0
0
0
0
0
0
0
0
0
0
0
0
0
0
0
0
0
0
0
0
0
0
0
0
0
0
0
0
0
0
0
0
0
0
0
0
0
0
0
0
0
0
0
0
0
0.0034128
0.0060275
0.012051
0.0094464
0.0097558
0.0117
0.014084
0.017806
0.021731
0.0162
0.012231
0.008415
0.0061938
0.0044178
0.0018497
0.00073261
0.001655
0.0019401
0.0017564
0.0010121
0.0014756
0.0023806
0.0024828
0.0036939
0.0038403
0.0029713
0.0020875
0.0035241
0.0052727
0.0072992
0.0062159
0.0036354
0.0016802
0.00076567
0.00043385
0.0032758
0.0035001
0.0034461
0.0015501
0
0.00090054
0.0016383
0.0035154
0.0035375
0
0
0
0
0
0
0
0
0
0
0
0
0
0
0
0
0
0
0
0
0
0
0
0
0
0
0
0
0
0
0
0
0
0
0
0
0
0
0
0
0
0
0
0
0
0
0
0
0
0
0
0
0
0
0
0
0.0011667
0.0038183
0.0051123
0.0069248
0.0075371
0.0050131
0.00619
0.011507
0.014041
0.016208
0.013797
0.012483
0.0083257
0.0051072
0.0011536
0.0021023
0.0025973
0.0027309
0.0023274
0.00042277
0.0018246
0.003968
0.0056894
0.0062417
0.0052862
0.0031411
0.001905
0.0014453
0.0054045
0.0060137
0.0080409
0.0083142
0.0040747
0.0022766
0.00096913
0.0025001
0.0034831
0.0037436
0.0026748
0.0015501
0
0.00021058
0.0013224
0.0031453
0.0035375
0
0
0
0
0
0
0
0
0
0
0
0
0
0
0
0
0
0
0
0
0
0
0
0
0
0
0
0
0
0
0
0
0
0
0
0
0
0
0
0
0
0
0
0
0
0
0
0
0
0
0
0
0
0
0
0
0.0025777
0.0047437
0.012335
0.015414
0.011951
0.0099054
0.010923
0.017416
0.019036
0.018046
0.016368
0.015747
0.013178
0.0042636
0.0032546
0.005618
0.0060339
0.0062207
0.0041543
0.0043421
0.0090274
0.010707
0.010645
0.0070364
0.0049276
0.0027108
0.0019525
0.00099473
0.0035037
0.0061256
0.0075939
0.0065002
0.004653
0.0024337
0.0019755
0.0032256
0.0055773
0.0061449
0.0030052
0.0011403
7.0672e-05
0.00021058
0.00094834
0.0031453
0.0035375
0
0
0
0
0
0
0
0
0
0
0
0
0
0
0
0
0
0
0
0
0
0
0
0
0
0
0
0
0
0
0
0
0
0
0
0
0
0
0
0
0
0
0
0
0
0
0
0
0
0
0
0
0
0
0
0
0.0025245
0.010162
0.018881
0.021464
0.022991
0.017941
0.016609
0.019198
0.01683
0.021072
0.016306
0.013565
0.012896
0.0054695
0.0041238
0.0053322
0.0052512
0.0057169
0.0049151
0.0060874
0.0082388
0.010354
0.010752
0.0062758
0.0026214
0.00031611
0.00020633
0
0.0011435
0.0037144
0.0065938
0.0066912
0.0044906
0.0021117
0.0019755
0.0040732
0.0066426
0.0069979
0.0051288
0.0017961
0.00047861
0.00021058
0.00094834
0.0027015
0.0035375
0
0
0
0
0
0
0
0
0
0
0
0
0
0
0
0
0
0
0
0
0
0
0
0
0
0
0
0
0
0
0
0
0
0
0
0
0
0
0
0
0
0
0
0
0
0
0
0
0
0
0
0
0
0
0
0
0.0032833
0.012097
0.021598
0.026775
0.028355
0.026703
0.012058
0.0070963
0.0038711
0.0046751
0.0063668
0.0079522
0.010622
0.010676
0.010156
0.0044406
0.0049594
0.0054099
0.003371
0.0030816
0.0064803
0.0071722
0.0046769
0.0023504
0.0015438
0.00096039
0.00018298
0.00030517
0.00043696
0.0025537
0.0050474
0.0041752
0.0039049
0.0017371
0.0018132
0.0051804
0.0061746
0.0069979
0.0055884
0.0020522
0.00056453
0.00021058
0.00094834
0.0021694
0.0035375
0
0
0
0
0
0
0
0
0
0
0
0
0
0
0
0
0
0
0
0
0
0
0
0
0
0
0
0
0
0
0
0
0
0
0
0
0
0
0
0
0
0
0
0
0
0
0
0
0
0
0
0
0
0
0
0
0.00068587
0.0056245
0.01266
0.020249
0.025426
0.021083
0.011075
0.0075443
0.0031646
0.0030617
0.0038468
0.0055261
0.0092264
0.0097805
0.010603
0.012668
0.010906
0.0032298
0.0028131
0.0043316
0.0042646
0.0042043
0.0045644
0.0030083
0.0025468
0.0014658
0.00098689
0.00045264
0.00056473
0.0012236
0.0029447
0.0035475
0.0030067
0.0015012
0.0021218
0.0054949
0.0067452
0.0069979
0.006
0.0018568
0.00047861
0.00021058
0.00094834
0.0021694
0.0035375
0
0
0
0
0
0
0
0
0
0
0
0
0
0
0
0
0
0
0
0
0
0
0
0
0
0
0
0
0
0
0
0
0
0
0
0
0
0
0
0
0
0
0
0
0
0
0
0
0
0
0
0
0
0
0
0
0.0045364
0.012196
0.013648
0.019628
0.011963
0.015242
0.0097075
0.0054189
0.0072605
0.0082871
0.0073886
0.0036789
0.0052826
0.0063297
0.017077
0.016315
0.015517
0.015478
0.0066556
0.0068089
0.0061606
0.0071624
0.0047005
0.0034707
0.0030266
0.0023113
0.0022703
0.0016704
0.0016841
0.0014939
0.0014939
0.0023181
0.0022105
0.0012592
0.0028305
0.0050012
0.0066374
0.0054966
0.006
0.0018879
0.00047861
0.00021058
0.00094834
0.0021694
0.0035375
0
0
0
0
0
0
0
0
0
0
0
0
0
0
0
0
0
0
0
0
0
0
0
0
0
0
0
0
0
0
0
0
0
0
0
0
0
0
0
0
0
0
0
0
0
0
0
0
0
0
0
0
0
0
0
0
0.0017092
0.010058
0.011487
0.016184
0.0070741
0.0082481
0.0082779
0.011147
0.011749
0.0092092
0.01049
0.0085053
0.0058801
0.0047187
0.0095777
0.015687
0.015995
0.015141
0.009775
0.0086551
0.0053185
0.004774
0.0032265
0.0018677
0.0021297
0.0024273
0.0023
0.0029663
0.0020452
0.0011824
0.0019809
0.0023939
0.0030509
0.0023446
0.0025723
0.0050507
0.006547
0.0058003
0.004215
0.0018879
7.0672e-05
0.00021058
0.00094834
0.0021694
0.0035375
0
0
0
0
0
0
0
0
0
0
0
0
0
0
0
0
0
0
0
0
0
0
0
0
0
0
0
0
0
0
0
0
0
0
0
0
0
0
0
0
0
0
0
0
0
0
0
0
0
0
0
0
0
0
0
0
0
0
0.0034256
0.0096741
0.012321
0.016004
0.016284
0.0138
0.018074
0.017619
0.015737
0.011615
0.008543
0.0067111
0.0081078
0.0078164
0.0099401
0.010345
0.0095504
0.0057579
0.0047341
0.0012382
0.00052687
0.00081288
0.0015733
0.0025389
0.0033037
0.0025073
0.0019026
0.0017453
0.0019658
0.0033381
0.0039891
0.0038887
0.0026782
0.0049409
0.0045885
0.0048514
0.0040032
0.0020925
7.0672e-05
0.00021058
0.00094834
0.0021694
0.0035375
0
0
0
0
0
0
0
0
0
0
0
0
0
0
0
0
0
0
0
0
0
0
0
0
0
0
0
0
0
0
0
0
0
0
0
0
0
0
0
0
0
0
0
0
0
0
0
0
0
0
0
0
0
0
0
0
0.0015305
0.0057299
0.015201
0.021616
0.026127
0.02719
0.020303
0.017969
0.020344
0.019834
0.019963
0.017677
0.0092712
0.0058366
0.0083935
0.0087714
0.010449
0.01244
0.010237
0.0079589
0.0038594
0.0031908
0.0013508
0.0011563
0.0016359
0.0015408
0.0022071
0.0026281
0.0023851
0.0017949
0.0031557
0.0028583
0.0047391
0.0045104
0.0036889
0.0028472
0.004633
0.0048802
0.0026565
0.0017746
0.00062211
0.00021058
0.00094834
0.0021694
0.0035375
0
0
0
0
0
0
0
0
0
0
0
0
0
0
0
0
0
0
0
0
0
0
0
0
0
0
0
0
0
0
0
0
0
0
0
0
0
0
0
0
0
0
0
0
0
0
0
0
0
0
0
0
0
0
0
0.0009263
0.0053604
0.010474
0.017468
0.024986
0.032133
0.033986
0.032214
0.027198
0.023153
0.024751
0.023372
0.013492
0.011856
0.0079284
0.0035513
0.0058174
0.0077833
0.0081374
0.008991
0.0075664
0.0052726
0.0030659
0.0024067
0.0011403
0.0013829
0.0019251
0.0027336
0.003279
0.0029473
0.0031935
0.0036916
0.0031414
0.0045633
0.0046769
0.0042483
0.0033441
0.0021696
0.0042671
0.0016824
0.0010973
0.00062211
0.00021058
0.00094834
0.0021694
0.0035375
0
0
0
0
0
0
0
0
0
0
0
0
0
0
0
0
0
0
0
0
0
0
0
0
0
0
0
0
0
0
0
0
0
0
0
0
0
0
0
0
0
0
0
0
0
0
0
0
0
0
0
0
0
0
0
0.0012163
0.0066178
0.012861
0.021982
0.024016
0.027
0.034207
0.033729
0.035234
0.037254
0.025974
0.025605
0.017307
0.0096524
0.0082403
0.0040808
0.0023936
0.0028419
0.0065397
0.0070596
0.0086815
0.0064684
0.0049269
0.0039404
0.0022641
0.0011818
0.0010972
0.0014606
0.0026126
0.0032618
0.00287
0.0030499
0.0033387
0.0040893
0.0043683
0.0043077
0.0033086
0.0022206
0.0021896
0.0015875
0.0010871
0.00082665
0.00021058
0.0008862
0.0021694
0.0035375
0
0
0
0
0
0
0
0
0
0
0
0
0
0
0
0
0
0
0
0
0
0
0
0
0
0
0
0
0
0
0
0
0
0
0
0
0
0
0
0
0
0
0
0
0
0
0
0
0
0
0
0
0
0
0
0.00054965
0.005639
0.016454
0.033052
0.042896
0.04289
0.032183
0.035041
0.024435
0.028691
0.029471
0.024284
0.014481
0.018259
0.013693
0.0095003
0.0067275
0.00348
0.0070765
0.0087181
0.0097204
0.010302
0.009059
0.0074076
0.0054825
0.0025845
0.0014341
0.0017982
0.0026464
0.003791
0.0024992
0.0024598
0.002056
0.00236
0.0028388
0.0040979
0.00289
0.002403
0.0021204
0.0016729
0.0010871
0.0004593
0.00021058
0.0008862
0.0021694
0.0035375
0
0
0
0
0
0
0
0
0
0
0
0
0
0
0
0
0
0
0
0
0
0
0
0
0
0
0
0
0
0
0
0
0
0
0
0
0
0
0
0
0
0
0
0
0
0
0
0
0
0
0
0
0
0
0
0.00069069
0.0072962
0.019684
0.035435
0.041463
0.053133
0.039682
0.036196
0.032384
0.028453
0.02562
0.025208
0.02557
0.027487
0.025554
0.018708
0.010899
0.0089532
0.012476
0.01286
0.012453
0.010753
0.010991
0.0094735
0.0074085
0.0044857
0.0028415
0.003031
0.0024709
0.0029001
0.002495
0.0013467
0.0016977
0.00095366
0.0023016
0.0031794
0.0028314
0.0027837
0.0023719
0.0016241
0.0010871
0.00069921
0.00021058
0.00051894
0.0021694
0.0035375
0
0
0
0
0
0
0
0
0
0
0
0
0
0
0
0
0
0
0
0
0
0
0
0
0
0
0
0
0
0
0
0
0
0
0
0
0
0
0
0
0
0
0
0
0
0
0
0
0
0
0
0
0
0
0
0.0015121
0.010237
0.025816
0.051916
0.065252
0.063455
0.071061
0.085312
0.078021
0.079237
0.061502
0.049243
0.037687
0.038159
0.027734
0.021155
0.017612
0.019694
0.018405
0.019582
0.014918
0.0097616
0.010338
0.0080125
0.0074035
0.0066821
0.0043398
0.0061907
0.0045342
0.0037221
0.0036937
0.0015019
0.00074119
0.00092853
0.0015349
0.0029356
0.0029084
0.0028639
0.0022076
0.0016241
0.0010871
0.00084494
0.00021058
0.00021058
0.0021694
0.0035375
0
0
0
0
0
0
0
0
0
0
0
0
0
0
0
0
0
0
0
0
0
0
0
0
0
0
0
0
0
0
0
0
0
0
0
0
0
0
0
0
0
0
0
0
0
0
0
0
0
0
0
0
0
0
0
0.0039584
0.018105
0.049855
0.082219
0.094019
0.085145
0.075156
0.11443
0.15729
0.16599
0.13206
0.10304
0.091077
0.069301
0.040681
0.026805
0.019146
0.025492
0.023607
0.021113
0.013415
0.0042074
0.004733
0.0046095
0.0040797
0.0055457
0.0061172
0.008187
0.0057334
0.0059125
0.0036435
0.0014907
0.0016329
0.0013833
0.0036054
0.0036879
0.003494
0.0023005
0.0018582
0.0016754
0.0012944
0.00067558
0.00021058
0.00021058
0.0021694
0.0035375
0
0
0
0
0
0
0
0
0
0
0
0
0
0
0
0
0
0
0
0
0
0
0
0
0
0
0
0
0
0
0
0
0
0
0
0
0
0
0
0
0
0
0
0
0
0
0
0
0
0
0
0
0
0
0
0.0054216
0.019599
0.06148
0.087707
0.10521
0.086928
0.078147
0.14673
0.15115
0.18205
0.20388
0.15672
0.12736
0.088853
0.061529
0.036102
0.02477
0.019779
0.015638
0.013029
0.009022
0.002064
0.0011317
0.0015757
0.0026058
0.0044269
0.0048636
0.0074262
0.007202
0.0076516
0.006609
0.003156
0.0018133
0.0026553
0.0023263
0.0033281
0.0035157
0.0017411
0.0019096
0.0012639
0.0013876
0.00031657
0.00021058
0.00021058
0.0021694
0.0035375
0
0
0
0
0
0
0
0
0
0
0
0
0
0
0
0
0
0
0
0
0
0
0
0
0
0
0
0
0
0
0
0
0
0
0
0
0
0
0
0
0
0
0
0
0
0
0
0
0
0
0
0
0
0
0
0
0.016971
0.058147
0.13124
0.15999
0.19622
0.2095
0.22495
0.21978
0.2136
0.18851
0.17203
0.13324
0.08193
0.068638
0.046117
0.029486
0.018486
0.015218
0.01536
0.014096
0.0096179
0.004549
0.0028314
0.0028936
0.0029593
0.002337
0.0050369
0.0070603
0.0082575
0.0075279
0.0071751
0.0039647
0.0033184
0.0027133
0.0027755
0.0038239
0.0017505
0.0021634
0.0024609
0.0013876
0.00031657
0.00021058
0.00021058
0.0015666
0.0035375
0
0
0
0
0
0
0
0
0
0
0
0
0
0
0
0
0
0
0
0
0
0
0
0
0
0
0
0
0
0
0
0
0
0
0
0
0
0
0
0
0
0
0
0
0
0
0
0
0
0
0
0
0
0
0
0.0030336
0.018951
0.057481
0.15098
0.25846
0.31299
0.31182
0.28363
0.29029
0.2725
0.24939
0.20765
0.14264
0.094355
0.070025
0.059308
0.041985
0.032202
0.019966
0.017842
0.015177
0.012467
0.01039
0.0062807
0.0056074
0.0044508
0.0033892
0.0080208
0.010243
0.010663
0.011374
0.0075368
0.0060371
0.0046879
0.0050487
0.0049142
0.0037594
0.0019744
0.0029843
0.0024887
0.0024887
0.00058299
0.00021058
0.00021058
0.0015666
0.0035375
0
0
0
0
0
0
0
0
0
0
0
0
0
0
0
0
0
0
0
0
0
0
0
0
0
0
0
0
0
0
0
0
0
0
0
0
0
0
0
0
0
0
0
0
0
0
0
0
0
0
0
0
0
0
0
0.0067783
0.028628
0.11256
0.24984
0.34015
0.36909
0.42582
0.51892
0.52285
0.49674
0.34563
0.23758
0.15775
0.11129
0.082433
0.070848
0.052276
0.041773
0.024833
0.019665
0.019059
0.017172
0.016236
0.013416
0.0094602
0.0085543
0.0037039
0.0072194
0.0097952
0.013389
0.011525
0.0085175
0.0086364
0.0068835
0.0062736
0.0067012
0.0061585
0.0023615
0.0034729
0.0033533
0.0028525
0.00058299
0.00021058
0.00021058
0.0015666
0.0035375
0
0
0
0
0
0
0
0
0
0
0
0
0
0
0
0
0
0
0
0
0
0
0
0
0
0
0
0
0
0
0
0
0
0
0
0
0
0
0
0
0
0
0
0
0
0
0
0
0
0
0
0
0
0
0
0.0072844
0.054643
0.13922
0.24559
0.31497
0.33152
0.43206
0.5985
0.63526
0.6311
0.43522
0.31192
0.22066
0.15646
0.11148
0.076325
0.052981
0.045735
0.035149
0.023158
0.022619
0.029109
0.025533
0.017842
0.016054
0.010531
0.008832
0.011794
0.012551
0.010513
0.012669
0.010761
0.010084
0.0084554
0.007318
0.0071234
0.0058664
0.0043874
0.0043584
0.004254
0.002698
0.00094048
0.00021058
0.00021058
0.0015666
0.0035375
0
0
0
0
0
0
0
0
0
0
0
0
0
0
0
0
0
0
0
0
0
0
0
0
0
0
0
0
0
0
0
0
0
0
0
0
0
0
0
0
0
0
0
0
0
0
0
0
0
0
0
0
0
0
0
0.0046037
0.034201
0.091836
0.16778
0.2519
0.30786
0.3394
0.39927
0.43907
0.42481
0.43421
0.38211
0.3228
0.22878
0.16605
0.10699
0.079177
0.064143
0.047049
0.042321
0.042526
0.038973
0.036085
0.030724
0.018438
0.015841
0.0096061
0.011124
0.011179
0.0091256
0.0084175
0.0094264
0.0086194
0.0088826
0.010519
0.010481
0.0077175
0.005315
0.0050468
0.0046014
0.0033056
0.00081086
0.00021058
0.00021058
0.0015666
0.0035375
0
0
0
0
0
0
0
0
0
0
0
0
0
0
0
0
0
0
0
0
0
0
0
0
0
0
0
0
0
0
0
0
0
0
0
0
0
0
0
0
0
0
0
0
0
0
0
0
0
0
0
0
0
0
0
0.0031686
0.035669
0.11861
0.24747
0.30652
0.35574
0.36087
0.32648
0.3575
0.37054
0.383
0.33469
0.30914
0.28519
0.22212
0.14579
0.1113
0.080949
0.06049
0.047594
0.049562
0.042923
0.039744
0.03076
0.019241
0.015764
0.013948
0.013199
0.010706
0.0079368
0.0059965
0.0068086
0.0064871
0.010957
0.013
0.012166
0.01033
0.0070749
0.006014
0.0048902
0.0035228
0.00081086
0.00021058
0.00021058
0.0015666
0.0035375
0
0
0
0
0
0
0
0
0
0
0
0
0
0
0
0
0
0
0
0
0
0
0
0
0
0
0
0
0
0
0
0
0
0
0
0
0
0
0
0
0
0
0
0
0
0
0
0
0
0
0
0
0
0
0
0.0067079
0.059972
0.15309
0.24765
0.3202
0.30517
0.26226
0.2464
0.28479
0.34469
0.40291
0.42207
0.38953
0.32389
0.24998
0.18514
0.11284
0.079116
0.061251
0.046083
0.040079
0.033815
0.028851
0.028733
0.02169
0.018932
0.014811
0.0096236
0.0065197
0.0051479
0.0038473
0.003909
0.0059723
0.0082598
0.011508
0.01159
0.010694
0.0085529
0.0061406
0.0051548
0.0038812
0.0010915
0
0.00021058
0.0015666
0.0035375
0
0
0
0
0
0
0
0
0
0
0
0
0
0
0
0
0
0
0
0
0
0
0
0
0
0
0
0
0
0
0
0
0
0
0
0
0
0
0
0
0
0
0
0
0
0
0
0
0
0
0
0
0
0
0
0.0087847
0.036818
0.092119
0.2
0.27086
0.29368
0.28744
0.27493
0.34221
0.44656
0.52714
0.53556
0.49572
0.41596
0.30855
0.18197
0.11488
0.090519
0.05903
0.053669
0.050872
0.047825
0.035987
0.024702
0.02234
0.025244
0.018598
0.011984
0.0076122
0.009848
0.0064167
0.0031227
0.003328
0.0063787
0.0093742
0.011859
0.010248
0.0080278
0.0066126
0.0057573
0.0039973
0.0013792
0
0.00021058
0.0018417
0.0035375
0
0
0
0
0
0
0
0
0
0
0
0
0
0
0
0
0
0
0
0
0
0
0
0
0
0
0
0
0
0
0
0
0
0
0
0
0
0
0
0
0
0
0
0
0
0
0
0
0
0
0
0
0
0
0
0.011858
0.028381
0.093584
0.19996
0.28665
0.38689
0.42925
0.47633
0.58362
0.57751
0.58492
0.53429
0.42996
0.35649
0.28253
0.16856
0.1209
0.076226
0.064402
0.061951
0.062887
0.055476
0.037509
0.032883
0.027443
0.026481
0.020316
0.016921
0.014016
0.010954
0.0079296
0.0050161
0.0025236
0.0054069
0.0085562
0.010749
0.007455
0.0075411
0.0069935
0.0061675
0.0045185
0.0014721
0
0.00021058
0.0021694
0.0035375
0
0
0
0
0
0
0
0
0
0
0
0
0
0
0
0
0
0
0
0
0
0
0
0
0
0
0
0
0
0
0
0
0
0
0
0
0
0
0
0
0
0
0
0
0
0
0
0
0
0
0
0
0
0
0
0.0079558
0.028198
0.084446
0.14717
0.21745
0.28746
0.38164
0.45514
0.57543
0.64655
0.63943
0.53224
0.42726
0.30936
0.22928
0.16895
0.10772
0.075432
0.063389
0.061808
0.065745
0.053254
0.032831
0.03005
0.02696
0.026728
0.025813
0.017657
0.015504
0.014153
0.0099555
0.0081975
0.0032288
0.0037273
0.0097485
0.0091346
0.0075669
0.0068805
0.0072222
0.0079984
0.0058663
0.00073815
0.0002995
0.00021058
0.0021694
0.0035375
0
0
0
0
0
0
0
0
0
0
0
0
0
0
0
0
0
0
0
0
0
0
0
0
0
0
0
0
0
0
0
0
0
0
0
0
0
0
0
0
0
0
0
0
0
0
0
0
0
0
0
0
0
0
0
0.004263
0.025474
0.073
0.1455
0.19763
0.25084
0.36218
0.46809
0.64213
0.76948
0.81171
0.72191
0.50833
0.3838
0.27627
0.17526
0.12919
0.087109
0.068924
0.070298
0.059214
0.052393
0.045443
0.039102
0.030141
0.030613
0.02106
0.01123
0.017389
0.014358
0.012416
0.0079614
0.0045576
0.0048727
0.0056381
0.0073765
0.0060775
0.0054072
0.0061105
0.0071578
0.0058606
0.00076173
0.0002995
0.00021058
0.0021694
0.0035375
0
0
0
0
0
0
0
0
0
0
0
0
0
0
0
0
0
0
0
0
0
0
0
0
0
0
0
0
0
0
0
0
0
0
0
0
0
0
0
0
0
0
0
0
0
0
0
0
0
0
0
0
0
0
0
0.0058754
0.026739
0.070721
0.14305
0.24256
0.29977
0.3972
0.56202
0.80928
0.94918
0.97162
0.81401
0.6535
0.43177
0.30788
0.22748
0.1573
0.097933
0.068452
0.061806
0.060017
0.052294
0.049112
0.047755
0.037727
0.029809
0.017147
0.0092681
0.0089231
0.011273
0.0094302
0.0068945
0.0039165
0.0057903
0.0072856
0.0078493
0.0066933
0.0052436
0.0064274
0.0062279
0.0048592
0.0014857
0.00042325
0
0.0021072
0.0035375
0
0
0
0
0
0
0
0
0
0
0
0
0
0
0
0
0
0
0
0
0
0
0
0
0
0
0
0
0
0
0
0
0
0
0
0
0
0
0
0
0
0
0
0
0
0
0
0
0
0
0
0
0
0
0
0.0051987
0.025877
0.069233
0.13919
0.21181
0.27176
0.35155
0.6805
0.86041
0.97353
1
0.74033
0.6497
0.51611
0.31992
0.18881
0.1334
0.09954
0.082641
0.062182
0.056213
0.04563
0.048877
0.047342
0.034061
0.026858
0.013918
0.0051844
0.0054874
0.0088422
0.0087479
0.0069215
0.0044712
0.0064266
0.0079358
0.0071634
0.005687
0.0038163
0.0049
0.0055668
0.0044105
0.0014857
0.00042325
0.00031357
0.002297
0.0035375
0
0
0
0
0
0
0
0
0
0
0
0
0
0
0
0
0
0
0
0
0
0
0
0
0
0
0
0
0
0
0
0
0
0
0
0
0
0
0
0
0
0
0
0
0
0
0
0
0
0
0
0
0
0
0
0.0043572
0.022628
0.055142
0.10265
0.15441
0.20016
0.34871
0.62694
0.89841
0.97793
0.88016
0.77995
0.62649
0.50575
0.34111
0.21196
0.13583
0.10475
0.073569
0.060378
0.049218
0.048477
0.042153
0.041509
0.031131
0.023291
0.011327
0.0038634
0.0056047
0.0060291
0.0090513
0.0080191
0.0070616
0.0055765
0.0073652
0.0079373
0.0062048
0.0045092
0.0046381
0.0044276
0.0036166
0.0020051
0.00042325
0.00031357
0.002297
0.0035375
0
0
0
0
0
0
0
0
0
0
0
0
0
0
0
0
0
0
0
0
0
0
0
0
0
0
0
0
0
0
0
0
0
0
0
0
0
0
0
0
0
0
0
0
0
0
0
0
0
0
0
0
0
0
0
0.0015837
0.026423
0.063813
0.10589
0.13485
0.20419
0.36464
0.60196
0.84553
0.96395
0.86402
0.79424
0.66406
0.49615
0.38863
0.24581
0.17859
0.13305
0.093224
0.059019
0.054111
0.049594
0.042251
0.036708
0.028119
0.019176
0.012517
0.0076607
0.0065696
0.0075481
0.008767
0.0092791
0.0058702
0.0058888
0.0066533
0.0065573
0.0052222
0.0045656
0.0045827
0.0043393
0.0029747
0.0020051
0.00042325
0.00031357
0.002297
0.0035375
0
0
0
0
0
0
0
0
0
0
0
0
0
0
0
0
0
0
0
0
0
0
0
0
0
0
0
0
0
0
0
0
0
0
0
0
0
0
0
0
0
0
0
0
0
0
0
0
0
0
0
0
0
0
0
0.0061574
0.02893
0.066333
0.11749
0.15071
0.24944
0.40509
0.59561
0.79401
0.83868
0.79804
0.65801
0.51011
0.42
0.32522
0.26641
0.17918
0.13332
0.08828
0.061195
0.039841
0.039235
0.037061
0.029135
0.027712
0.021159
0.01667
0.012011
0.007053
0.0076335
0.0079478
0.0081327
0.0065962
0.005787
0.0063098
0.0061649
0.0048633
0.0037007
0.0044667
0.0037674
0.0025027
0.0020051
0.00042325
0.00031357
0.0020865
0.0035375
0
0
0
0
0
0
0
0
0
0
0
0
0
0
0
0
0
0
0
0
0
0
0
0
0
0
0
0
0
0
0
0
0
0
0
0
0
0
0
0
0
0
0
0
0
0
0
0
0
0
0
0
0
0
0
0.0028497
0.024728
0.054848
0.12511
0.1667
0.23724
0.38635
0.58858
0.74799
0.73094
0.64926
0.53693
0.44551
0.36111
0.24783
0.20125
0.15444
0.12429
0.095111
0.061378
0.040001
0.029637
0.022883
0.022669
0.02217
0.021679
0.017521
0.01106
0.0067482
0.0032587
0.0051175
0.0054788
0.0073565
0.0058444
0.0071516
0.0053819
0.0032042
0.0027121
0.0037908
0.00271
0.002448
0.0021736
0.00061307
0.00054044
0.0020865
0.0035375
0
0
0
0
0
0
0
0
0
0
0
0
0
0
0
0
0
0
0
0
0
0
0
0
0
0
0
0
0
0
0
0
0
0
0
0
0
0
0
0
0
0
0
0
0
0
0
0
0
0
0
0
0
0
0
0.0013989
0.018844
0.060411
0.11185
0.15535
0.24849
0.49047
0.68368
0.79437
0.75257
0.59182
0.49403
0.3767
0.26438
0.19116
0.16286
0.14966
0.12248
0.09544
0.054949
0.035265
0.025838
0.024351
0.021617
0.021517
0.01847
0.012421
0.010293
0.0060307
0.0029477
0.0026936
0.004087
0.0045546
0.0053723
0.0047127
0.0052293
0.0018885
0.0018885
0.0030872
0.00271
0.0025159
0.0021736
0.00078156
0.0012312
0.0020865
0.0035375
0
0
0
0
0
0
0
0
0
0
0
0
0
0
0
0
0
0
0
0
0
0
0
0
0
0
0
0
0
0
0
0
0
0
0
0
0
0
0
0
0
0
0
0
0
0
0
0
0
0
0
0
0
0
0
0.0037855
0.03062
0.078156
0.1308
0.20086
0.35961
0.52751
0.75948
0.91497
0.78424
0.64789
0.41949
0.29982
0.21221
0.16403
0.14209
0.12356
0.10382
0.077548
0.042041
0.036499
0.029519
0.029614
0.025878
0.021128
0.019689
0.012607
0.0066374
0.0036277
0.0028507
0.0023897
0.0029915
0.0054786
0.0057942
0.0044161
0.0035292
0.0022048
0.0017934
0.0018652
0.0024309
0.0021736
0.0021736
0.0016992
0.0012312
0.0020865
0.0035375
0
0
0
0
0
0
0
0
0
0
0
0
0
0
0
0
0
0
0
0
0
0
0
0
0
0
0
0
0
0
0
0
0
0
0
0
0
0
0
0
0
0
0
0
0
0
0
0
0
0
0
0
0
0
0
0.0040727
0.025645
0.077411
0.14342
0.23224
0.3183
0.41089
0.56312
0.65074
0.58935
0.52427
0.34612
0.25309
0.20691
0.17032
0.13302
0.097084
0.077302
0.063136
0.045517
0.035216
0.026301
0.025939
0.019299
0.017751
0.015294
0.0093717
0.01012
0.0068456
0.0064784
0.0042659
0.0034113
0.0048995
0.0052308
0.0048977
0.0026216
0.0024885
0.0015464
0.0016365
0.001708
0.0021736
0.00067291
0.0022989
0.0017709
0.0020865
0.0035375
0
0
0
0
0
0
0
0
0
0
0
0
0
0
0
0
0
0
0
0
0
0
0
0
0
0
0
0
0
0
0
0
0
0
0
0
0
0
0
0
0
0
0
0
0
0
0
0
0
0
0
0
0
0
0
0.0016646
0.029692
0.064382
0.11654
0.17001
0.24741
0.3158
0.32205
0.33813
0.37553
0.37231
0.30925
0.26816
0.19372
0.14154
0.10919
0.081126
0.059165
0.040465
0.037914
0.033017
0.019219
0.014243
0.0099872
0.011228
0.011281
0.0093019
0.0099966
0.0075782
0.0075008
0.0067839
0.0061974
0.0042204
0.0045934
0.0039801
0.0030443
0.0021138
0.0022349
0.00080176
0.00069608
0.0020925
0.00071932
0.0022989
0.0017709
0.0023133
0.0035375
0
0
0
0
0
0
0
0
0
0
0
0
0
0
0
0
0
0
0
0
0
0
0
0
0
0
0
0
0
0
0
0
0
0
0
0
0
0
0
0
0
0
0
0
0
0
0
0
0
0
0
0
0
0
0
0.0019091
0.029173
0.071473
0.1489
0.20481
0.25919
0.28988
0.30052
0.40461
0.40086
0.38718
0.32183
0.23519
0.18395
0.14444
0.10981
0.081464
0.058536
0.052085
0.041432
0.028847
0.021879
0.010255
0.0099612
0.0065204
0.0081707
0.0076217
0.0070768
0.0087469
0.0094238
0.0091227
0.0074823
0.0054897
0.0050595
0.0057477
0.0053045
0.0032695
0.0023764
0.00068796
0.00016849
0.0010761
0.0019331
0.002067
0.0017709
0.0030041
0.0035375
0
0
0
0
0
0
0
0
0
0
0
0
0
0
0
0
0
0
0
0
0
0
0
0
0
0
0
0
0
0
0
0
0
0
0
0
0
0
0
0
0
0
0
0
0
0
0
0
0
0
0
0
0
0
0
0.0053987
0.024394
0.058101
0.11432
0.15941
0.19572
0.20771
0.26168
0.33837
0.40766
0.42274
0.35556
0.25966
0.20344
0.1719
0.14637
0.10423
0.06519
0.051494
0.042459
0.029119
0.023394
0.016088
0.01316
0.0086358
0.0030963
0.0049489
0.0042034
0.0062697
0.008473
0.0087368
0.0068031
0.0079335
0.0050617
0.0055385
0.0059225
0.0044793
0.0028286
0.0015597
0.00016849
0.0010593
0.0036443
0.002067
0.0017709
0.0030041
0.0035375
0
0
0
0
0
0
0
0
0
0
0
0
0
0
0
0
0
0
0
0
0
0
0
0
0
0
0
0
0
0
0
0
0
0
0
0
0
0
0
0
0
0
0
0
0
0
0
0
0
0
0
0
0
0
0
0.003177
0.014996
0.056588
0.11384
0.19376
0.23293
0.24597
0.25174
0.31492
0.39051
0.42569
0.38697
0.27633
0.22796
0.18852
0.14641
0.11027
0.072039
0.0517
0.036525
0.028917
0.022002
0.018766
0.013172
0.0091251
0.0067915
0.0014293
0.0027618
0.0057768
0.0078451
0.0076675
0.0078887
0.0064591
0.0065186
0.0065046
0.0068698
0.0052229
0.003754
0.0023997
0.00065282
0.0016976
0.0033448
0.0031896
0.0017709
0.0030041
0.0035375
0
0
0
0
0
0
0
0
0
0
0
0
0
0
0
0
0
0
0
0
0
0
0
0
0
0
0
0
0
0
0
0
0
0
0
0
0
0
0
0
0
0
0
0
0
0
0
0
0
0
0
0
0
0
0
0.0050766
0.029057
0.088316
0.18527
0.28598
0.36662
0.38453
0.36169
0.39795
0.38672
0.38908
0.32666
0.25556
0.19503
0.15615
0.12721
0.11223
0.11196
0.092408
0.068387
0.029313
0.021293
0.017915
0.010754
0.0091765
0.0061785
0.0027713
0.0049934
0.0066583
0.0085553
0.009593
0.0080292
0.0055262
0.0052935
0.0063118
0.0074248
0.0074331
0.003519
0.0022847
0.001576
0.0016976
0.0033448
0.0031896
0.0018309
0.0030041
0.0035375
0
0
0
0
0
0
0
0
0
0
0
0
0
0
0
0
0
0
0
0
0
0
0
0
0
0
0
0
0
0
0
0
0
0
0
0
0
0
0
0
0
0
0
0
0
0
0
0
0
0
0
0
0
0
0
0.0027881
0.031449
0.090787
0.19628
0.34738
0.45144
0.51065
0.57374
0.68228
0.65705
0.57131
0.40842
0.22476
0.17735
0.13223
0.11183
0.11738
0.1091
0.092161
0.078744
0.048367
0.027225
0.018717
0.014827
0.0091689
0.0060482
0.0046595
0.0075205
0.0081766
0.0075922
0.0078703
0.0059684
0.0039661
0.0056749
0.0065386
0.006943
0.006147
0.0026271
0.0019791
0.0021646
0.0016976
0.0040059
0.0038507
0.0018309
0.0030041
0.0035375
0
0
0
0
0
0
0
0
0
0
0
0
0
0
0
0
0
0
0
0
0
0
0
0
0
0
0
0
0
0
0
0
0
0
0
0
0
0
0
0
0
0
0
0
0
0
0
0
0
0
0
0
0
0
0
0
0.012269
0.080713
0.1604
0.28155
0.46265
0.48578
0.55777
0.61729
0.55759
0.46601
0.29264
0.16669
0.13226
0.11257
0.080269
0.067595
0.069846
0.062388
0.058327
0.039636
0.031579
0.026204
0.016607
0.013542
0.011863
0.0077389
0.0084531
0.008695
0.0074899
0.004006
0.0032699
0.001129
0.0028397
0.0048684
0.006251
0.0055179
0.0026691
0.0015319
0.0028029
0.0025095
0.0047067
0.0039847
0.0018309
0.0030041
0.0035375
0
0
0
0
0
0
0
0
0
0
0
0
0
0
0
0
0
0
0
0
0
0
0
0
0
0
0
0
0
0
0
0
0
0
0
0
0
0
0
0
0
0
0
0
0
0
0
0
0
0
0
0
0
0
0
0.0024375
0.019959
0.059483
0.10935
0.18194
0.29485
0.32609
0.30529
0.26315
0.20891
0.19211
0.20366
0.16362
0.12448
0.088678
0.064895
0.043141
0.033567
0.026405
0.024494
0.029079
0.028662
0.022119
0.015519
0.010243
0.0094488
0.0073066
0.0052197
0.0048926
0.0045558
0.0024666
0.0013341
0.0004458
0.0012188
0.003156
0.0029092
0.0034192
0.0025883
0.0018984
0.0021854
0.0034754
0.0048406
0.0041398
0.0019649
0.0030041
0.0035375
0
0
0
0
0
0
0
0
0
0
0
0
0
0
0
0
0
0
0
0
0
0
0
0
0
0
0
0
0
0
0
0
0
0
0
0
0
0
0
0
0
0
0
0
0
0
0
0
0
0
0
0
0
0
0
0.003728
0.020771
0.043964
0.090636
0.12535
0.13967
0.17599
0.19181
0.19579
0.21714
0.21859
0.24753
0.23238
0.17154
0.1019
0.061975
0.049176
0.040913
0.027821
0.017237
0.013692
0.011794
0.0086903
0.0086005
0.0073135
0.007568
0.0059744
0.0041326
0.0035927
0.0024213
0.0016035
0.00069404
0.00013118
0.00019612
0.0011378
0.0019588
0.0021519
0.0028931
0.0038394
0.0030865
0.0034754
0.0048406
0.0049703
0.0019649
0.0032868
0.0035375
0
0
0
0
0
0
0
0
0
0
0
0
0
0
0
0
0
0
0
0
0
0
0
0
0
0
0
0
0
0
0
0
0
0
0
0
0
0
0
0
0
0
0
0
0
0
0
0
0
0
0
0
0
0
0
0.00099445
0.0072767
0.049837
0.095791
0.11969
0.12929
0.12616
0.19819
0.21449
0.20938
0.22506
0.19588
0.18668
0.14662
0.079158
0.054553
0.042169
0.036585
0.029974
0.023554
0.02123
0.019399
0.0062542
0.0056568
0.0046456
0.0035152
0.0032275
0.0019096
0.001915
0.0019263
0.0015421
0.00091261
0.00012575
0.00019942
0.0012854
0.0010066
0.0022132
0.0040982
0.0037105
0.0047804
0.0034754
0.0048466
0.0049703
0.0018411
0.0034798
0.0035375
0
0
0
0
0
0
0
0
0
0
0
0
0
0
0
0
0
0
0
0
0
0
0
0
0
0
0
0
0
0
0
0
0
0
0
0
0
0
0
0
0
0
0
0
0
0
0
0
0
0
0
0
0
0
0
0.001537
0.018517
0.074518
0.11436
0.11855
0.097166
0.061829
0.075672
0.12287
0.12455
0.086086
0.077232
0.06271
0.063109
0.036508
0.020544
0.025509
0.028494
0.027456
0.02612
0.022768
0.022025
0.015289
0.0050688
0.0054099
0.0038816
0.0021879
0.0015135
0.0021413
0.0022753
0.0018898
0.001068
0.00012575
0.00079119
0.0014766
0.0020316
0.0016592
0.0033228
0.0038843
0.0048774
0.0042576
0.0048466
0.0048152
0.0022114
0.0037809
0.0035375
0
0
0
0
0
0
0
0
0
0
0
0
0
0
0
0
0
0
0
0
0
0
0
0
0
0
0
0
0
0
0
0
0
0
0
0
0
0
0
0
0
0
0
0
0
0
0
0
0
0
0
0
0
0
0
0
0.010982
0.042938
0.076489
0.067749
0.047379
0.041893
0.052353
0.050188
0.055436
0.068613
0.052769
0.035851
0.022865
0.017283
0.015506
0.023811
0.022382
0.019074
0.020753
0.01751
0.015114
0.0049385
0.002178
0.0074193
0.0078346
0.0064435
0.0043237
0.0018002
0.0016511
0.0017587
0.00078797
0.00040455
0.0015374
0.0025158
0.0014116
0.003081
0.0030443
0.0034604
0.0058104
0.0043916
0.0048619
0.0045229
0.0025998
0.0038501
0.0035375
0
0
0
0
0
0
0
0
0
0
0
0
0
0
0
0
0
0
0
0
0
0
0
0
0
0
0
0
0
0
0
0
0
0
0
0
0
0
0
0
0
0
0
0
0
0
0
0
0
0
0
0
0
0
0
0.0015336
0.032667
0.049811
0.061843
0.065727
0.044938
0.035973
0.030694
0.038235
0.052618
0.049949
0.046256
0.035468
0.017058
0.011357
0.014972
0.013992
0.0164
0.013199
0.0020409
0.0024076
0.0024906
0.0011367
0.0023593
0.009186
0.0087237
0.0082122
0.0072372
0.0023153
0.0019434
0.0019691
0.00063257
0.00040455
0.0026415
0.0025158
0.0025158
0.003081
0.0030443
0.0034604
0.0056157
0.0047051
0.0048619
0.0047068
0.0030539
0.0038501
0.0035375
0
0
0
0
0
0
0
0
0
0
0
0
0
0
0
0
0
0
0
0
0
0
0
0
0
0
0
0
0
0
0
0
0
0
0
0
0
0
0
0
0
0
0
0
0
0
0
0
0
0
0
0
0
0
0
0.0011017
0.0091747
0.03536
0.035594
0.027676
0.0258
0.028866
0.032324
0.032584
0.030288
0.037457
0.035142
0.013362
0.008516
0.0055218
0.0075552
0.0091557
0.010087
0.00862
0.0026696
0.0020691
0.0094385
0.0090314
0.0038166
0.0095945
0.01122
0.011432
0.0035491
0.0019315
0.0011906
0.00074369
0.00012575
0.0015087
0.0032638
0.0036504
0.0025158
0.003508
0.0030443
0.0034604
0.0049774
0.0041654
0.0046721
0.0046871
0.0035965
0.0042938
0.0035375
0
0
0
0
0
0
0
0
0
0
0
0
0
0
0
0
0
0
0
0
0
0
0
0
0
0
0
0
0
0
0
0
0
0
0
0
0
0
0
0
0
0
0
0
0
0
0
0
0
0
0
0
0
0
0
0.00080613
0.0078588
0.013709
0.019966
0.026265
0.023144
0.027847
0.031157
0.026223
0.017975
0.012273
0.0068423
0.0041083
0.0050099
0.0064097
0.0098122
0.010243
0.010869
0.010947
0.010329
0.013819
0.011288
0.011233
0.012491
0.0071593
0.0058227
0.0051167
0.0035458
0.0028073
0.0025197
0.00093249
0.00045329
0.0022388
0.0032638
0.0032638
0.0032638
0.0027516
0.0031722
0.0034604
0.0041611
0.0036211
0.0052582
0.0046871
0.0035965
0.0042938
0.0035375
0
0
0
0
0
0
0
0
0
0
0
0
0
0
0
0
0
0
0
0
0
0
0
0
0
0
0
0
0
0
0
0
0
0
0
0
0
0
0
0
0
0
0
0
0
0
0
0
0
0
0
0
0
0
0
0
0.00034804
0.010607
0.018299
0.019593
0.02
0.019369
0.011522
0.0099507
0.0056758
0.0034258
0.0021628
0.0022555
0.0081035
0.011673
0.01254
0.015238
0.011404
0.013002
0.010051
0.012802
0.01249
0.012985
0.013245
0.0052119
0.0046848
0.0028342
0.0034179
0.0031078
0.0025898
0.0029662
0.0010317
0.0022388
0.0022388
0.002985
0.002985
0.00056151
0.0029564
0.003611
0.0039784
0.0034499
0.0047132
0.0046871
0.0035965
0.0042938
0.0035375
0
0
0
0
0
0
0
0
0
0
0
0
0
0
0
0
0
0
0
0
0
0
0
0
0
0
0
0
0
0
0
0
0
0
0
0
0
0
0
0
0
0
0
0
0
0
0
0
0
0
0
0
0
0
0
0
0.00030254
0.0024961
0.0088569
0.012506
0.010704
0.0027683
0.0016707
0.0028873
0.0036386
0.0046567
0.0049656
0.0029481
0.0047961
0.0082289
0.0091382
0.0069473
0.006524
0.0061841
0.00654
0.0076422
0.0070408
0.0058324
0.005447
0.0036546
0.0019283
0.00092317
0.0015289
0.0029041
0.0042225
0.0045488
0.0026937
0.0015166
0.0026207
0.0022388
0.0021031
0.00015068
0.0018542
0.0032445
0.0029395
0.0028115
0.0046531
0.0045673
0.0035965
0.0043813
0.0035375
0
0
0
0
0
0
0
0
0
0
0
0
0
0
0
0
0
0
0
0
0
0
0
0
0
0
0
0
0
0
0
0
0
0
0
0
0
0
0
0
0
0
0
0
0
0
0
0
0
0
0
0
0
0
0
0
0
0.0012404
0.0058338
0.012103
0.015702
0.014867
0.010433
0.0070291
0.0055988
0.010088
0.014246
0.013626
0.0092352
0.0039891
0.0033365
0.0017546
0.0025974
0.0040212
0.0064236
0.0052581
0.0046071
0.0054815
0.0031511
0.0027384
0.00080359
0.00048815
0.0016481
0.0044147
0.0046266
0.0033993
0.0032435
0.0016911
0.0020576
0.0015166
0.0015502
0.00056631
0.00071219
0.0011283
0.0020129
0.0028115
0.0030296
0.0045073
0.0038792
0.0048844
0.0035375
0
0
0
0
0
0
0
0
0
0
0
0
0
0
0
0
0
0
0
0
0
0
0
0
0
0
0
0
0
0
0
0
0
0
0
0
0
0
0
0
0
0
0
0
0
0
0
0
0
0
0
0
0
0
0
0
0
0
0.0010284
0.0093994
0.012489
0.019106
0.017806
0.012829
0.011066
0.014107
0.013177
0.013679
0.010279
0.0072497
0.0072669
0.006795
0.0054418
0.0052095
0.0055138
0.0048769
0.0041045
0.0040901
0.0035732
0.0018845
0.0011887
0.00045505
0.00073548
0.0027315
0.0032345
0.0027772
0.0035358
0.0015133
0.0026881
0.0019322
0.00041563
0.00056631
0.00015068
0.0012855
0.0020554
0.0028115
0.0028602
0.0045073
0.0040723
0.0041154
0.0035375
0
0
0
0
0
0
0
0
0
0
0
0
0
0
0
0
0
0
0
0
0
0
0
0
0
0
0
0
0
0
0
0
0
0
0
0
0
0
0
0
0
0
0
0
0
0
0
0
0
0
0
0
0
0
0
0
0
0.00025411
0.0039996
0.0045701
0.0080249
0.014187
0.017735
0.016975
0.014889
0.0069272
0.0079282
0.0086939
0.0068104
0.0078799
0.0083617
0.0082324
0.0066522
0.0051417
0.0038179
0.0020055
0.0010365
0.0019478
0.0018249
0.001999
0.0031683
0.0024614
0.0018661
0.002528
0.0023503
0.0024187
0.0038867
0.0024115
0.0021066
0.0011808
0.00041563
0.00056631
0.00025978
0.00030793
0.0020198
0.0027291
0.0028602
0.0037826
0.0040723
0.0040975
0.0035375
0
0
0
0
0
0
0
0
0
0
0
0
0
0
0
0
0
0
0
0
0
0
0
0
0
0
0
0
0
0
0
0
0
0
0
0
0
0
0
0
0
0
0
0
0
0
0
0
0
0
0
0
0
0
0
0
0.0015743
0.0045862
0.0067835
0.0077469
0.0054116
0.0074628
0.011623
0.012657
0.0097972
0.00627
0.0052745
0.004646
0.0051256
0.0053894
0.0070134
0.0048486
0.0026853
0.002673
0.0028731
0.0024356
0.0019512
0.0018616
0.0037026
0.0037551
0.0037675
0.0020301
0.0020658
0.0013626
0.00081681
0.0015593
0.0026078
0.0054811
0.0045303
0.0030118
0.00041563
0.0006754
0.00054488
0.0011672
0.0021161
0.0016556
0.0028602
0.00417
0.0040672
0.0040975
0.0035375
0
0
0
0
0
0
0
0
0
0
0
0
0
0
0
0
0
0
0
0
0
0
0
0
0
0
0
0
0
0
0
0
0
0
0
0
0
0
0
0
0
0
0
0
0
0
0
0
0
0
0
0
0
0
0
0
0.00038279
0.0091773
0.0095895
0.010638
0.0062226
0.0038382
0.0075379
0.009066
0.0094353
0.0085768
0.0070358
0.0094546
0.0049627
0.0030528
0.0028559
0.0024136
0.0051301
0.011118
0.010559
0.010216
0.0034997
0.0016119
0.0018467
0.0016184
0.002374
0.0020068
0.001663
0.00065544
0.0008407
0.0029213
0.0050706
0.005882
0.0051574
0.0031443
0.00054177
0.0006754
0.00041702
0.0011672
0.0021901
0.0031739
0.0025513
0.0030264
0.0046769
0.0040975
0.0035375
0
0
0
0
0
0
0
0
0
0
0
0
0
0
0
0
0
0
0
0
0
0
0
0
0
0
0
0
0
0
0
0
0
0
0
0
0
0
0
0
0
0
0
0
0
0
0
0
0
0
0
0
0
0
0
0
0.00064485
0.0080869
0.011004
0.013637
0.0089462
0.0059673
0.006605
0.0061463
0.0073914
0.010759
0.011271
0.011161
0.010169
0.0063881
0.0036108
0.0029339
0.0060365
0.010626
0.010972
0.0096587
0.0053885
0.002964
0.0016171
0.0016757
0.002264
0.0018137
0.00069032
0.00069032
0.002176
0.0038586
0.0066849
0.0069983
0.0051492
0.0030036
0.00041563
0.00052472
0.00074582
0.0016799
0.0029695
0.0032684
0.0039534
0.0030264
0.0046917
0.0039077
0.0035375
0
0
0
0
0
0
0
0
0
0
0
0
0
0
0
0
0
0
0
0
0
0
0
0
0
0
0
0
0
0
0
0
0
0
0
0
0
0
0
0
0
0
0
0
0
0
0
0
0
0
0
0
0
0
0
0
0.0004812
0.003175
0.0066306
0.011851
0.012073
0.0083983
0.002587
0.0039168
0.0043109
0.0039722
0.0073411
0.0078345
0.0094257
0.015312
0.014711
0.01242
0.0088498
0.004863
0.0057896
0.0055139
0.0050523
0.004249
0.0037532
0.013254
0.014612
0.0056678
0.0038343
0.0025573
0.0025177
0.0036345
0.0065936
0.007078
0.0052543
0.0042893
0.0013625
0.00010909
0.0010165
0.0015292
0.0035543
0.0031387
0.0049738
0.0035904
0.0050881
0.0039077
0.0035375
0
0
0
0
0
0
0
0
0
0
0
0
0
0
0
0
0
0
0
0
0
0
0
0
0
0
0
0
0
0
0
0
0
0
0
0
0
0
0
0
0
0
0
0
0
0
0
0
0
0
0
0
0
0
0
0
0
0.00031633
0.0018871
0.0062865
0.0074446
0.0052022
0.0037482
0.0028734
0.0040344
0.0058728
0.0073462
0.012602
0.011213
0.019371
0.019628
0.015674
0.01213
0.0064925
0.0028523
0.005814
0.0059155
0.005181
0.014863
0.013043
0.014695
0.015471
0.0045045
0.0039079
0.0029768
0.0041911
0.0051185
0.0062368
0.0068185
0.0056921
0.0024121
0.00077991
0.0015517
0.002114
0.0034452
0.0046222
0.0048398
0.0043312
0.0052258
0.0039077
0.0035375
0
0
0
0
0
0
0
0
0
0
0
0
0
0
0
0
0
0
0
0
0
0
0
0
0
0
0
0
0
0
0
0
0
0
0
0
0
0
0
0
0
0
0
0
0
0
0
0
0
0
0
0
0
0
0
0
0
0
0
0
0
0.00059068
0.0018263
0.0081865
0.013406
0.02209
0.023611
0.016265
0.013153
0.0097161
0.0098465
0.011344
0.0052398
0.0043022
0.0025061
0.0023282
0.0029443
0.0024126
0.011787
0.013037
0.014992
0.013822
0.0031439
0.0019127
0.0024686
0.0036052
0.0042449
0.0043132
0.0054413
0.0044178
0.003829
0.0025236
0.0020944
0.0022904
0.0034452
0.0050877
0.0052652
0.0046209
0.0055739
0.0039077
0.0035375
0
0
0
0
0
0
0
0
0
0
0
0
0
0
0
0
0
0
0
0
0
0
0
0
0
0
0
0
0
0
0
0
0
0
0
0
0
0
0
0
0
0
0
0
0
0
0
0
0
0
0
0
0
0
0
0
0
0
0
0
0
0.001586
0.0028974
0.010308
0.019604
0.022043
0.026672
0.020432
0.010785
0.0054112
0.0053806
0.0023576
0.0015965
0.00074527
0.0021301
0.0017057
0.0017057
0.0020763
0.0014005
0.00094595
0.0016227
0.0027868
0.0017839
0.00098231
0.0013814
0.0017717
0.0028536
0.0050799
0.0065719
0.0056701
0.0040282
0.002619
0.0016533
0.0030869
0.0029219
0.0058343
0.0060326
0.0050475
0.0055739
0.0039077
0.0035375
0
0
0
0
0
0
0
0
0
0
0
0
0
0
0
0
0
0
0
0
0
0
0
0
0
0
0
0
0
0
0
0
0
0
0
0
0
0
0
0
0
0
0
0
0
0
0
0
0
0
0
0
0
0
0
0
0
0
0
0
0
0.0028589
0.0073893
0.007589
0.010804
0.010052
0.0091219
0.0097167
0.00607
0.0036894
0.0025592
0.0013194
0.0014806
0.001966
0.0026102
0.0022093
0.0017633
0.0011259
0.0002105
0.0026901
0.004285
0.0047288
0.0046326
0.0022402
0.0016706
0.0011339
0.0018819
0.0039319
0.0058476
0.0051373
0.0044606
0.0015196
0.0014397
0.0029778
0.0043175
0.0067913
0.0064225
0.0052583
0.0055739
0.0039077
0.0035375
0
0
0
0
0
0
0
0
0
0
0
0
0
0
0
0
0
0
0
0
0
0
0
0
0
0
0
0
0
0
0
0
0
0
0
0
0
0
0
0
0
0
0
0
0
0
0
0
0
0
0
0
0
0
0
0
0
0
0
0
0
0.0018195
0.0055134
0.0060797
0.0042723
0.0048968
0.007826
0.0080411
0.0040958
0.0020981
0.00032276
0.001343
0.002764
0.0059674
0.0068883
0.0039391
0.0016989
0.0011954
0.00057819
0.0041511
0.0046582
0.0065124
0.005975
0.0023966
0.0015531
0.0011507
0.0010484
0.003682
0.0045247
0.0053814
0.0044606
0.001058
0.0012154
0.0034134
0.0046904
0.0065511
0.0072447
0.0049573
0.0055739
0.0039077
0.0035375
0
0
0
0
0
0
0
0
0
0
0
0
0
0
0
0
0
0
0
0
0
0
0
0
0
0
0
0
0
0
0
0
0
0
0
0
0
0
0
0
0
0
0
0
0
0
0
0
0
0
0
0
0
0
0
0
0
0
0
0
0
0.0026091
0.0033935
0.0036728
0.00083495
0.0068034
0.0085616
0.0098553
0.0084092
0.0033945
7.8426e-05
0.0012149
0.0070432
0.0091494
0.011125
0.0088566
0.0047249
0.0032067
0.0022076
0.0037708
0.0042722
0.0053121
0.0046645
0.0015824
0.0028452
0.0015412
0
0.0017174
0.0035021
0.0039157
0.0026728
0.001058
0.0012154
0.0027932
0.0051028
0.0065776
0.0067363
0.0059325
0.0055739
0.0039077
0.0035375
0
0
0
0
0
0
0
0
0
0
0
0
0
0
0
0
0
0
0
0
0
0
0
0
0
0
0
0
0
0
0
0
0
0
0
0
0
0
0
0
0
0
0
0
0
0
0
0
0
0
0
0
0
0
0
0
0
0
0
0.00043037
0.0021601
0.0039358
0.0042348
0.0047686
0.0062151
0.0058431
0.0063731
0.0070773
0.004565
0.003897
0.0034055
0.0033962
0.0044898
0.008379
0.010563
0.008101
0.0047472
0.0046643
0.002622
0.0014233
0.00088707
0.00083543
0.0022121
0.0045188
0.0055248
0.0031635
0.0013174
0.00042405
0.0026211
0.003947
0.0028084
0.001968
0.0017455
0.0015675
0.005407
0.0071077
0.0066634
0.0055161
0.0062495
0.0042828
0.0035375
0
0
0
0
0
0
0
0
0
0
0
0
0
0
0
0
0
0
0
0
0
0
0
0
0
0
0
0
0
0
0
0
0
0
0
0
0
0
0
0
0
0
0
0
0
0
0
0
0
0
0
0
0
0
0
0
0
0
0.0018144
0.0057569
0.0057569
0.006098
0.0038402
0.0046169
0.0053025
0.0061216
0.0060855
0.0029523
0.0033359
0.0046511
0.0048362
0.0042727
0.0026941
0.0026607
0.0022565
0.0044541
0.0041837
0.0047994
0.0028651
0.0012058
5.1647e-05
0.0017043
0.0046915
0.0071754
0.007163
0.0050945
0.00239
0.002342
0.0037748
0.0033592
0.0036741
0.0017561
0.00090562
0.0015675
0.0053341
0.0071077
0.0063559
0.0061925
0.0062495
0.0044718
0.0035375
0
0
0
0
0
0
0
0
0
0
0
0
0
0
0
0
0
0
0
0
0
0
0
0
0
0
0
0
0
0
0
0
0
0
0
0
0
0
0
0
0
0
0
0
0
0
0
0
0
0
0
0
0
0
0
0
0
0
0.0007507
0.0033576
0.0044297
0.0043102
0.0016674
0.0021867
0.0050399
0.0048659
0.0036456
0.0040407
0.0064897
0.0085162
0.011335
0.011107
0.0057383
0.00084529
0.00093014
0.0014487
0.0030444
0.0049962
0.0036094
0.002086
0.0018719
0.0040077
0.0096397
0.013091
0.010185
0.0071517
0.0036337
0.0023729
0.003921
0.0035054
0.0033106
0.0017561
0.00090562
0.0015675
0.0046504
0.0067946
0.0068618
0.007142
0.0062495
0.0044718
0.0035375
0
0
0
0
0
0
0
0
0
0
0
0
0
0
0
0
0
0
0
0
0
0
0
0
0
0
0
0
0
0
0
0
0
0
0
0
0
0
0
0
0
0
0
0
0
0
0
0
0
0
0
0
0
0
0
0
0
0
0.00021471
0.00059066
0.0011673
0.002212
0.0023499
0.0027369
0.0027529
0.0044417
0.0052781
0.0048654
0.0053022
0.0088035
0.011674
0.010913
0.0074577
0.0024317
0.0010395
0.0017172
0.0043459
0.004017
0.0034603
0.0022108
0.0022689
0.0054564
0.011736
0.01438
0.012036
0.0068217
0.001778
0.0027343
0.0037022
0.0033614
0.0032152
0.0016607
0.0013454
0.0015179
0.0036279
0.0065599
0.0073795
0.0079811
0.0062495
0.0044718
0.0035375
0
0
0
0
0
0
0
0
0
0
0
0
0
0
0
0
0
0
0
0
0
0
0
0
0
0
0
0
0
0
0
0
0
0
0
0
0
0
0
0
0
0
0
0
0
0
0
0
0
0
0
0
0
0
0
0
0
0
0.0007196
0.0013945
0.0018812
0.0018623
0.0016768
0.00054731
0.0017063
0.0025178
0.0045533
0.0056617
0.0054885
0.0060904
0.0083538
0.005344
0.0023436
0.0015665
0.00084917
0.0011103
0.002662
0.0025149
0.0021893
0.0014228
0.00056453
0.0060453
0.009166
0.0098043
0.0078417
0.0037798
0.0019138
0.0016699
0.0027715
0.0033614
0.0023115
0.0016607
0.0013454
0.0015179
0.0044166
0.0063887
0.006963
0.0089165
0.0066052
0.0044718
0.0035375
0
0
0
0
0
0
0
0
0
0
0
0
0
0
0
0
0
0
0
0
0
0
0
0
0
0
0
0
0
0
0
0
0
0
0
0
0
0
0
0
0
0
0
0
0
0
0
0
0
0
0
0
0
0
0
0
0
0
0
0.00050489
0.00080383
0.00029893
0
0.0012004
0.001559
0.001559
0.0013507
0.0020135
0.0051727
0.0064535
0.005622
0.0037295
0.00055765
0.00035679
0.00061446
0.0016868
0.0027465
0.0016345
0.0017536
0.0010254
0.00035642
0.0015221
0.0043818
0.0064362
0.0053822
0.0021738
0.0029759
0.0021587
0.0021362
0.0017985
0.0016523
0.00081529
0.0013454
0.0015179
0.0046814
0.005918
0.007791
0.0091586
0.0066521
0.0044718
0.0035375
0
0
0
0
0
0
0
0
0
0
0
0
0
0
0
0
0
0
0
0
0
0
0
0
0
0
0
0
0
0
0
0
0
0
0
0
0
0
0
0
0
0
0
0
0
0
0
0
0
0
0
0
0
0
0
0
0
0
0
0.00086034
0.0021783
0.0031362
0.0062183
0.0098073
0.010448
0.0077586
0.0040717
0.0061597
0.007232
0.0045932
0.003463
0.00074579
0.00075557
0.0011079
0.0014181
0.0021813
0.0027701
0.0035388
0.0031318
0.0017137
0.00084865
0.0001324
0
0.0012352
0.0017394
0.0023746
0.0035601
0.0027011
0.0013844
0.00079701
0.00064048
0.0011757
0.00081529
0.0010653
0.0043273
0.0055611
0.0074012
0.0088825
0.0066521
0.0044718
0.0035375
0
0
0
0
0
0
0
0
0
0
0
0
0
0
0
0
0
0
0
0
0
0
0
0
0
0
0
0
0
0
0
0
0
0
0
0
0
0
0
0
0
0
0
0
0
0
0
0
0
0
0
0
0
0
0
0
0
0
0.0013293
0.0027452
0.0035412
0.0033437
0.0071604
0.0098624
0.013256
0.013883
0.013437
0.011622
0.0089483
0.011282
0.015978
0.014021
0.0021706
0.00093991
0.0015044
0.0014661
0.0022756
0.0033705
0.0030105
0.0035766
0.0026789
0.0014343
0.0011516
0.0010898
0.0030257
0.0040262
0.0033921
0.0024317
0.0014069
0.00016867
0.00080915
0.0014591
0.0014591
0.0011627
0.0044354
0.0046834
0.0067646
0.0074441
0.0060155
0.0042828
0.0035375
0
0
0
0
0
0
0
0
0
0
0
0
0
0
0
0
0
0
0
0
0
0
0
0
0
0
0
0
0
0
0
0
0
0
0
0
0
0
0
0
0
0
0
0
0
0
0
0
0
0
0
0
0
0
0
0
0
0
0.0021011
0.0034746
0.0038835
0.0032601
0.00081655
0.0041634
0.011813
0.015305
0.015737
0.016974
0.012949
0.020059
0.018786
0.016192
0.012344
0.00085248
0.00026644
0
0.00078775
0.0015759
0.0019333
0.0026311
0.002174
0.0018136
0.0023181
0.0020567
0.0025147
0.005184
0.0031867
0.002912
0.0015813
0.00070342
0.0012279
0.002197
0.001179
0.0006326
0.003201
0.0038683
0.0056495
0.0064684
0.0060155
0.0036067
0.0035375
0
0
0
0
0
0
0
0
0
0
0
0
0
0
0
0
0
0
0
0
0
0
0
0
0
0
0
0
0
0
0
0
0
0
0
0
0
0
0
0
0
0
0
0
0
0
0
0
0
0
0
0
0
0
0
0
0
0.00016936
0.00081128
0.0017625
0.001967
0.0009481
0.0022943
0.0032408
0.0075139
0.013409
0.016599
0.015401
0.011913
0.01207
0.019902
0.016114
0.004156
0.0014289
0.0016442
0.0031622
0.0033762
0.0018538
0.0014164
0.0022592
0.0026773
0.0019386
0.00219
0.0027845
0.0028718
0.0027475
0.0025877
0.002465
0.0010388
0.0027472
0.0037833
0.0030348
0.0021399
0.00091598
0.003201
0.0040858
0.0048672
0.0057732
0.0052884
0.0035375
0.0035375
0
0
0
0
0
0
0
0
0
0
0
0
0
0
0
0
0
0
0
0
0
0
0
0
0
0
0
0
0
0
0
0
0
0
0
0
0
0
0
0
0
0
0
0
0
0
0
0
0
0
0
0
0
0
0
0
0
0
0.00061129
0
0
0.00031985
0.001224
0.0019818
0.0040629
0.0075576
0.011304
0.015061
0.01628
0.016063
0.012739
0.0099219
0.007854
0.0048263
0.005701
0.0047164
0.0049301
0.0082934
0.0072282
0.0051372
0.0036424
0.0020735
0.0017965
0.002166
0.0028563
0.0027856
0.001655
0.001464
0.0016487
0.0036743
0.0037833
0.0034595
0.0028655
0.00091598
0.002108
0.0044134
0.005092
0.005813
0.0051117
0.0035375
0.0035375
0
0
0
0
0
0
0
0
0
0
0
0
0
0
0
0
0
0
0
0
0
0
0
0
0
0
0
0
0
0
0
0
0
0
0
0
0
0
0
0
0
0
0
0
0
0
0
0
0
0
0
0
0
0
0
0
0
0.00061129
0.00061129
0.00061129
0.00061129
0
0.00031516
0.00083152
0.0038578
0.0057514
0.01224
0.015211
0.013304
0.012056
0.0097658
0.0094704
0.0098216
0.0077216
0.008351
0.0079458
0.0050967
0.0078903
0.0075728
0.006706
0.0056612
0.0014532
0.0020086
0.0022156
0.0026848
0.0017706
0.0011679
0.00057376
0.0014045
0.0038989
0.0045407
0.0046064
0.0025532
0.00091598
0.002364
0.0041393
0.005012
0.0058627
0.0058585
0.0035375
0.0035375
0
0
0
0
0
0
0
0
0
0
0
0
0
0
0
0
0
0
0
0
0
0
0
0
0
0
0
0
0
0
0
0
0
0
0
0
0
0
0
0
0
0
0
0
0
0
0
0
0
0
0
0
0
0
0
0
0
0
0.00061129
0
0
0.00044262
0.0019524
0.0068869
0.0090152
0.011182
0.012027
0.0083374
0.0083399
0.0050036
0.0052055
0.004918
0.0065906
0.0056205
0.0056207
0.0029373
0.0022523
0.0042535
0.0058321
0.0067007
0.0042032
0.0016996
0.0034105
0.0042178
0.0039485
0.0020101
0.0008525
0.00017436
0.0016359
0.0037935
0.0054517
0.0052276
0.0031548
0.00038077
0.002364
0.0035405
0.0039305
0.0065556
0.0058585
0.0035375
0.0035375
0
0
0
0
0
0
0
0
0
0
0
0
0
0
0
0
0
0
0
0
0
0
0
0
0
0
0
0
0
0
0
0
0
0
0
0
0
0
0
0
0
0
0
0
0
0
0
0
0
0
0
0
0
0
0
0
0
0
0
0
0.0014389
0.0014389
0.0026782
0.0087023
0.0099902
0.011687
0.0078261
0.0038413
0.0022411
0.0017214
0.0012922
0.0041412
0.0045905
0.0042828
0.0037395
0.0058678
0.0042515
0.0028003
0.0031915
0.0026207
0.0015596
0.0033262
0.0046928
0.0043558
0.0040027
0.0026504
0.00057337
0
0.0015305
0.004311
0.0050913
0.0049361
0.0025231
0
0.0022889
0.0035405
0.0041727
0.0065556
0.0058585
0.0035375
0.0035375
