0
0
0
0
0
0
0
0
0
0
0
0
0
0
0
0
0
0
0
0
0
0
0
0
0
0
0
0
0
0
0
0
0
0
0
0
0
0
0
0
0
0
0
0
0
0
0
0
0
0
0
0
0
0
0
0
0
0
0
0
1.4389e-05
1.4389e-05
2.6782e-05
8.7023e-05
9.9902e-05
0.00011687
7.8261e-05
3.8413e-05
2.2411e-05
1.7214e-05
1.2922e-05
4.1412e-05
4.5905e-05
4.2828e-05
3.7395e-05
5.8678e-05
4.2515e-05
2.8003e-05
3.1915e-05
2.6207e-05
1.5596e-05
3.3262e-05
4.6928e-05
4.3558e-05
4.0027e-05
2.6504e-05
5.7337e-06
0
1.5305e-05
4.311e-05
5.0913e-05
4.9361e-05
2.5231e-05
0
2.2889e-05
3.5405e-05
4.1727e-05
6.5556e-05
5.8585e-05
3.5375e-05
3.5375e-05
0
0
0
0
0
0
0
0
0
0
0
0
0
0
0
0
0
0
0
0
0
0
0
0
0
0
0
0
0
0
0
0
0
0
0
0
0
0
0
0
0
0
0
0
0
0
0
0
0
0
0
0
0
0
0
0
0
0
0
0
0
1.4389e-05
1.4389e-05
1.561e-05
5.4494e-05
7.7313e-05
7.3855e-05
5.8504e-05
2.363e-05
0
0
1.7149e-05
1.9353e-05
3.5464e-05
4.4499e-05
5.6497e-05
5.4232e-05
5.0664e-05
2.5444e-05
2.1755e-05
2.8278e-05
3.4948e-05
4.0336e-05
4.6219e-05
3.7787e-05
3.3388e-05
1.3383e-05
1.3809e-05
1.85e-05
3.7861e-05
4.3924e-05
4.1394e-05
2.4402e-05
0
1.8807e-05
3.5405e-05
3.9553e-05
6.4179e-05
5.8585e-05
3.5375e-05
3.5375e-05
0
0
0
0
0
0
0
0
0
0
0
0
0
0
0
0
0
0
0
0
0
0
0
0
0
0
0
0
0
0
0
0
0
0
0
0
0
0
0
0
0
0
0
0
0
0
0
0
0
0
0
0
0
0
0
0
0
0
0
0
0
0
0
1.4015e-05
4.656e-05
6.6587e-05
8.4956e-05
7.4554e-05
4.3027e-05
2.163e-05
5.1771e-06
5.1771e-06
3.1166e-06
4.6914e-06
3.6241e-05
4.9382e-05
5.9308e-05
4.3724e-05
2.241e-05
3.02e-05
3.1298e-05
3.6752e-05
4.4537e-05
2.9287e-05
3.7712e-05
3.7849e-05
3.5466e-05
2.7383e-05
2.0174e-05
2.79e-05
2.1253e-05
2.3272e-05
1.183e-05
3.5241e-06
1.3897e-05
2.9734e-05
5.0105e-05
5.3814e-05
5.2661e-05
3.5375e-05
3.5375e-05
0
0
0
0
0
0
0
0
0
0
0
0
0
0
0
0
0
0
0
0
0
0
0
0
0
0
0
0
0
0
0
0
0
0
0
0
0
0
0
0
0
0
0
0
0
0
0
0
0
0
0
0
0
0
0
0
0
0
0
0
0
0
0
8.5463e-06
1.1388e-05
2.8256e-05
3.8913e-05
3.4632e-05
2.2007e-05
1.5834e-05
1.3064e-05
2.9919e-05
3.6538e-05
2.6441e-05
2.4029e-05
2.8086e-05
2.6219e-05
2.2457e-05
7.1098e-06
2.5832e-05
2.461e-05
2.2816e-05
3.0419e-05
1.4492e-05
2.6736e-05
4.5591e-05
4.4551e-05
3.9706e-05
1.9649e-05
2.4246e-05
2.2564e-05
1.6966e-05
1.183e-05
3.5241e-06
1.0941e-05
3.3054e-05
4.4102e-05
4.8815e-05
5.0771e-05
3.5375e-05
3.5375e-05
0
0
0
0
0
0
0
0
0
0
0
0
0
0
0
0
0
0
0
0
0
0
0
0
0
0
0
0
0
0
0
0
0
0
0
0
0
0
0
0
0
0
0
0
0
0
0
0
0
0
0
0
0
0
0
0
0
0
0
0
0
0
1.022e-05
1.4105e-05
2.5215e-05
3.798e-05
2.9832e-05
2.717e-05
1.0657e-05
0
1.6598e-05
3.2441e-05
4.8566e-05
5.4517e-05
3.8798e-05
2.9975e-05
2.5587e-05
9.9673e-06
4.9236e-06
1.3483e-05
2.0212e-05
3.0488e-05
1.9363e-05
2.1096e-05
3.2625e-05
3.8929e-05
5.2531e-05
5.2561e-05
3.1977e-05
1.4104e-05
1.5403e-05
1.4188e-05
7.8964e-06
5.1988e-06
1.0941e-05
2.3441e-05
3.9378e-05
4.5796e-05
5.0771e-05
3.5375e-05
3.5375e-05
0
0
0
0
0
0
0
0
0
0
0
0
0
0
0
0
0
0
0
0
0
0
0
0
0
0
0
0
0
0
0
0
0
0
0
0
0
0
0
0
0
0
0
0
0
0
0
0
0
0
0
0
0
0
0
0
0
0
0
0
0
9.1522e-06
3.3667e-05
6.7257e-05
0.00012512
0.00011535
9.4685e-05
5.3469e-05
2.7848e-05
1.4448e-05
1.2413e-05
4.0306e-05
5.3204e-05
5.1818e-05
4.02e-05
3.5823e-05
2.5876e-05
5.513e-06
6.9667e-06
4.6152e-06
1.8178e-05
1.4429e-05
1.1984e-05
1.9745e-05
2.6361e-05
3.6538e-05
4.8097e-05
4.4025e-05
4.2533e-05
2.5187e-05
5.093e-06
4.5674e-06
1.6747e-06
8.0886e-06
1.3847e-05
2.2672e-05
3.767e-05
4.2047e-05
5.0771e-05
3.9115e-05
3.5375e-05
0
0
0
0
0
0
0
0
0
0
0
0
0
0
0
0
0
0
0
0
0
0
0
0
0
0
0
0
0
0
0
0
0
0
0
0
0
0
0
0
0
0
0
0
0
0
0
0
0
0
0
0
0
0
0
0
0
0
0
0
0
6.309e-06
5.4786e-05
9.0515e-05
0.00014892
0.0001525
0.00014972
8.9478e-05
5.6159e-05
3.4803e-05
3.0417e-05
3.3874e-05
4.5051e-05
4.6249e-05
4.4097e-05
3.1074e-05
3.395e-05
3.0025e-05
2.3068e-05
2.0716e-05
4.1854e-06
8.4609e-06
1.0076e-05
1.0076e-05
4.8054e-06
2.2464e-05
3.1205e-05
2.6659e-05
3.9758e-05
1.995e-05
1.6865e-05
0
4.5646e-06
4.5646e-06
1.5505e-05
2.2672e-05
3.392e-05
4.2047e-05
5.0771e-05
3.9115e-05
3.5375e-05
0
0
0
0
0
0
0
0
0
0
0
0
0
0
0
0
0
0
0
0
0
0
0
0
0
0
0
0
0
0
0
0
0
0
0
0
0
0
0
0
0
0
0
0
0
0
0
0
0
0
0
0
0
0
0
0
0
0
0
0
0
0
4.5714e-05
9.9601e-05
0.0001383
0.00016259
0.0001422
0.0001089
8.2435e-05
5.6535e-05
2.3372e-05
2.9654e-05
2.1467e-05
8.7702e-06
2.495e-05
3.1628e-05
6.1059e-05
7.4396e-05
6.6019e-05
2.6011e-05
1.7326e-05
7.8838e-07
7.8838e-07
1.6154e-06
4.8054e-06
3.19e-06
2.3624e-05
3.0709e-05
3.1234e-05
2.7599e-05
2.198e-05
2.5194e-07
4.5646e-06
4.5646e-06
1.3009e-05
2.0947e-05
3.392e-05
3.4653e-05
5.0771e-05
3.9115e-05
3.5375e-05
0
0
0
0
0
0
0
0
0
0
0
0
0
0
0
0
0
0
0
0
0
0
0
0
0
0
0
0
0
0
0
0
0
0
0
0
0
0
0
0
0
0
0
0
0
0
0
0
0
0
0
0
0
0
0
0
0
0
0
0
0
0
4.404e-05
6.0915e-05
9.1195e-05
0.00010048
7.6199e-05
6.7926e-05
4.1719e-05
3.5608e-05
1.3483e-05
1.3221e-05
7.949e-06
4.9557e-06
4.1975e-06
2.4242e-05
5.5397e-05
7.628e-05
8.6399e-05
6.1084e-05
2.6774e-05
2.9257e-06
0
0
0
0
1.8129e-05
3.7524e-05
3.7877e-05
2.4367e-05
1.9098e-05
8.4485e-06
4.5646e-06
4.5646e-06
8.0886e-06
2.0947e-05
3.0963e-05
3.3382e-05
5.5397e-05
3.9115e-05
3.5375e-05
0
0
0
0
0
0
0
0
0
0
0
0
0
0
0
0
0
0
0
0
0
0
0
0
0
0
0
0
0
0
0
0
0
0
0
0
0
0
0
0
0
0
0
0
0
0
0
0
0
0
0
0
0
0
0
0
0
0
0
0
0
0
1.0124e-05
3.3154e-05
3.6897e-05
1.6255e-05
9.2795e-06
1.3321e-05
1.8523e-05
1.8523e-05
1.6098e-05
5.829e-06
1.3387e-06
0
6.9369e-07
1.6762e-05
4.8657e-05
7.499e-05
8.669e-05
6.9442e-05
4.0542e-05
7.9774e-06
0
3.3056e-07
4.747e-06
4.4228e-06
1.1676e-05
2.6072e-05
2.9785e-05
2.4367e-05
1.9098e-05
8.4485e-06
4.5646e-06
4.5646e-06
4.5646e-06
2.0947e-05
2.3091e-05
3.1627e-05
5.1048e-05
4.2274e-05
3.5375e-05
0
0
0
0
0
0
0
0
0
0
0
0
0
0
0
0
0
0
0
0
0
0
0
0
0
0
0
0
0
0
0
0
0
0
0
0
0
0
0
0
0
0
0
0
0
0
0
0
0
0
0
0
0
0
0
0
0
0
0
0
0
6.8251e-06
1.1724e-05
3.4565e-05
4.1758e-05
3.6278e-05
1.8862e-05
1.4378e-05
1.0154e-05
2.3738e-05
3.8471e-05
0.0001255
0.0001242
9.3929e-05
6.8757e-05
1.0345e-05
2.647e-05
5.4346e-05
6.4612e-05
4.9957e-05
4.0542e-05
0
6.4917e-07
5.0656e-06
5.5843e-06
7.5987e-06
1.1836e-05
1.8153e-05
3.6732e-05
3.244e-05
5.1158e-06
6.7738e-06
4.5646e-06
4.5646e-06
9.4109e-06
1.7423e-05
2.3091e-05
2.01e-05
5.1048e-05
4.2274e-05
3.5375e-05
0
0
0
0
0
0
0
0
0
0
0
0
0
0
0
0
0
0
0
0
0
0
0
0
0
0
0
0
0
0
0
0
0
0
0
0
0
0
0
0
0
0
0
0
0
0
0
0
0
0
0
0
0
0
0
0
0
0
0
0
0
0
1.9376e-05
4.2903e-05
4.4729e-05
3.6751e-05
1.9106e-05
2.3412e-05
2.7257e-05
4.2849e-05
6.2273e-05
0.00014191
0.00014581
0.00011755
9.518e-05
1.8253e-05
3.4293e-05
5.2493e-05
6.8023e-05
3.2521e-05
2.2312e-05
0
2.0455e-06
5.0656e-06
6.5147e-06
7.9173e-06
1.7353e-05
1.4281e-05
1.7994e-05
1.4586e-05
5.1158e-06
6.7738e-06
4.5646e-06
9.4109e-06
9.4109e-06
1.0704e-05
1.8171e-05
1.8792e-05
4.8298e-05
3.9527e-05
3.5375e-05
0
0
0
0
0
0
0
0
0
0
0
0
0
0
0
0
0
0
0
0
0
0
0
0
0
0
0
0
0
0
0
0
0
0
0
0
0
0
0
0
0
0
0
0
0
0
0
0
0
0
0
0
0
0
0
0
0
0
0
0
0
1.114e-05
1.5435e-05
1.9817e-05
2.5409e-05
3.0348e-05
4.5153e-05
4.2135e-05
5.3373e-05
4.1688e-05
4.7915e-05
5.4886e-05
3.8942e-05
4.5302e-05
1.2626e-05
1.9609e-05
3.5618e-05
3.9127e-05
3.7465e-05
3.0327e-05
2.7226e-06
0
3.1861e-07
4.1248e-06
6.5147e-06
7.9173e-06
1.8785e-05
1.4879e-05
1.2878e-05
2.9506e-05
2.2045e-05
1.0333e-05
9.9895e-06
1.5266e-05
1.3509e-05
1.3571e-05
1.5674e-05
1.6295e-05
2.9455e-05
4.1221e-05
3.5375e-05
0
0
0
0
0
0
0
0
0
0
0
0
0
0
0
0
0
0
0
0
0
0
0
0
0
0
0
0
0
0
0
0
0
0
0
0
0
0
0
0
0
0
0
0
0
0
0
0
0
0
0
0
0
0
0
0
0
0
0
3.0228e-06
1.3978e-05
4.1327e-05
6.6534e-05
7.7975e-05
7.6126e-05
6.1888e-05
7.7536e-05
8.9824e-05
8.079e-05
8.0001e-05
7.2784e-05
6.73e-05
4.7541e-05
3.1095e-05
1.1112e-05
1.3439e-05
4.4318e-05
4.1277e-05
3.9239e-05
1.4699e-05
2.7226e-06
2.7226e-06
0
3.1861e-07
1.7677e-06
2.8816e-06
8.9448e-06
7.4957e-06
1.7201e-05
2.2993e-05
2.155e-05
2.2354e-05
2.1287e-05
3.0876e-05
1.7689e-05
1.3571e-05
1.5674e-05
1.6295e-05
2.9455e-05
4.1221e-05
3.5375e-05
0
0
0
0
0
0
0
0
0
0
0
0
0
0
0
0
0
0
0
0
0
0
0
0
0
0
0
0
0
0
0
0
0
0
0
0
0
0
0
0
0
0
0
0
0
0
0
0
0
0
0
0
0
0
0
1.3018e-05
3.6455e-05
3.6455e-05
3.6455e-05
2.5211e-05
4.2864e-05
8.6555e-05
0.00014441
0.00012058
8.6951e-05
9.4153e-05
6.7415e-05
9.6463e-05
0.00010111
9.4632e-05
9.7106e-05
7.6393e-05
3.5033e-05
3.0092e-05
1.6914e-05
3.6194e-05
5.4127e-05
5.2425e-05
3.5379e-05
2.3557e-05
1.459e-05
3.3212e-06
2.2036e-06
0
0
5.1911e-05
5.528e-05
5.878e-05
2.816e-05
2.0396e-05
2.2354e-05
2.2354e-05
2.2465e-05
2.6563e-05
2.1138e-05
1.3571e-05
1.9772e-05
1.6295e-05
2.906e-05
4.1221e-05
3.5375e-05
0
0
0
0
0
0
0
0
0
0
0
0
0
0
0
0
0
0
0
0
0
0
0
0
0
0
0
0
0
0
0
0
0
0
0
0
0
0
0
0
0
0
0
0
0
0
0
0
0
0
0
0
0
0
0
3.2816e-05
4.3406e-05
5.0267e-05
4.6186e-05
3.6195e-05
6.7942e-05
9.2148e-05
0.00013254
0.00013371
0.00010925
9.0431e-05
7.7154e-05
0.00010033
0.00011617
0.00010491
3.3241e-05
3.7557e-05
1.911e-05
1.8077e-05
3.1757e-05
5.1464e-05
6.7544e-05
7.2673e-05
5.4794e-05
3.8615e-05
2.4348e-05
1.0943e-05
6.7041e-06
2.8217e-06
4.6037e-05
5.2977e-05
5.6712e-05
5.8585e-05
2.4733e-05
1.9914e-05
2.3907e-05
3.4548e-05
2.2465e-05
2.6563e-05
2.1138e-05
1.3571e-05
1.9772e-05
1.6295e-05
2.5853e-05
3.748e-05
3.5375e-05
0
0
0
0
0
0
0
0
0
0
0
0
0
0
0
0
0
0
0
0
0
0
0
0
0
0
0
0
0
0
0
0
0
0
0
0
0
0
0
0
0
0
0
0
0
0
0
0
0
0
0
0
0
0
0
1.2584e-05
1.3812e-05
1.7458e-05
1.7605e-05
1.3528e-05
9.6691e-05
0.00021773
0.00027314
0.00022744
0.00019192
0.00012293
0.00014953
0.00015061
0.00013319
8.3345e-05
4.0094e-05
2.3481e-05
1.9866e-05
1.8831e-05
3.8125e-05
4.1085e-05
5.2995e-05
4.7016e-05
4.8404e-05
3.5775e-05
2.4788e-05
1.236e-05
6.9812e-06
6.9812e-06
5.1851e-05
5.2977e-05
5.8585e-05
5.8585e-05
2.607e-05
2.2218e-05
2.6622e-05
3.7263e-05
2.2465e-05
2.6563e-05
2.5818e-05
8.9446e-06
1.5624e-05
1.6295e-05
2.5853e-05
3.748e-05
3.5375e-05
0
0
0
0
0
0
0
0
0
0
0
0
0
0
0
0
0
0
0
0
0
0
0
0
0
0
0
0
0
0
0
0
0
0
0
0
0
0
0
0
0
0
0
0
0
0
0
0
0
0
0
0
0
0
0
9.6029e-06
2.493e-05
3.0402e-05
3.3401e-05
5.1402e-05
0.00017752
0.00026627
0.00032848
0.00028243
0.00020813
0.00018881
0.00019662
0.0001736
0.00017358
0.00012351
0.00010996
5.961e-05
3.3199e-05
3.7696e-05
1.792e-05
2.324e-05
2.1207e-05
2.0414e-05
1.541e-05
1.8122e-05
1.8514e-05
7.8999e-06
6.9812e-06
6.9812e-06
9.2973e-06
5.3417e-05
6.6513e-05
7.2439e-05
2.6728e-05
3.0319e-05
2.6622e-05
2.6125e-05
2.4558e-05
3.1243e-05
2.5818e-05
1.2749e-05
1.5624e-05
1.6295e-05
2.0531e-05
3.748e-05
3.5375e-05
0
0
0
0
0
0
0
0
0
0
0
0
0
0
0
0
0
0
0
0
0
0
0
0
0
0
0
0
0
0
0
0
0
0
0
0
0
0
0
0
0
0
0
0
0
0
0
0
0
0
0
0
0
0
0
9.7959e-06
3.8317e-05
9.7062e-05
0.00011782
0.00018899
0.00022547
0.00022219
0.00027059
0.00019782
0.00021024
0.00014603
0.0001449
0.00015641
0.00014427
0.00016097
0.00014223
0.00010994
6.7329e-05
4.9934e-05
5.3054e-05
3.3576e-05
2.3735e-05
1.0265e-05
7.3202e-06
6.3783e-06
1.1591e-05
1.4071e-05
1.5455e-05
7.8241e-06
1.4726e-05
1.8376e-05
7.3305e-05
2.5175e-05
2.4213e-05
1.8114e-05
9.2098e-06
2.0333e-05
2.0333e-05
3.0007e-05
2.6896e-05
1.3624e-05
4.0983e-06
6.8996e-06
1.9963e-05
3.748e-05
3.5375e-05
0
0
0
0
0
0
0
0
0
0
0
0
0
0
0
0
0
0
0
0
0
0
0
0
0
0
0
0
0
0
0
0
0
0
0
0
0
0
0
0
0
0
0
0
0
0
0
0
0
0
0
0
0
0
0
0
3.1508e-05
8.821e-05
0.0001647
0.00019975
0.00019471
0.00019886
0.0001884
0.0001988
0.00018713
0.00015057
0.00014458
0.00011363
0.00011931
0.00014159
0.00011544
8.4877e-05
5.6801e-05
4.4993e-05
4.358e-05
3.9302e-05
1.6234e-05
1.0121e-05
1.1874e-05
2.2162e-05
1.7712e-05
1.7712e-05
1.3396e-05
1.1669e-05
3.5112e-05
3.5241e-05
5.7856e-05
3.4012e-05
3.3006e-05
1.8114e-05
9.2098e-06
1.0677e-05
2.4799e-05
3.5541e-05
3.4141e-05
1.0106e-05
4.0983e-06
6.8996e-06
1.6383e-05
3.7085e-05
3.5375e-05
0
0
0
0
0
0
0
0
0
0
0
0
0
0
0
0
0
0
0
0
0
0
0
0
0
0
0
0
0
0
0
0
0
0
0
0
0
0
0
0
0
0
0
0
0
0
0
0
0
0
0
0
0
0
0
0
0
3.4128e-05
6.0275e-05
0.00012051
9.4464e-05
9.7558e-05
0.000117
0.00014084
0.00017806
0.00021731
0.000162
0.00012231
8.415e-05
6.1938e-05
4.4178e-05
1.8497e-05
7.3261e-06
1.655e-05
1.9401e-05
1.7564e-05
1.0121e-05
1.4756e-05
2.3806e-05
2.4828e-05
3.6939e-05
3.8403e-05
2.9713e-05
2.0875e-05
3.5241e-05
5.2727e-05
7.2992e-05
6.2159e-05
3.6354e-05
1.6802e-05
7.6567e-06
4.3385e-06
3.2758e-05
3.5001e-05
3.4461e-05
1.5501e-05
0
9.0054e-06
1.6383e-05
3.5154e-05
3.5375e-05
0
0
0
0
0
0
0
0
0
0
0
0
0
0
0
0
0
0
0
0
0
0
0
0
0
0
0
0
0
0
0
0
0
0
0
0
0
0
0
0
0
0
0
0
0
0
0
0
0
0
0
0
0
0
0
0
1.1667e-05
3.8183e-05
5.1123e-05
6.9248e-05
7.5371e-05
5.0131e-05
6.19e-05
0.00011507
0.00014041
0.00016208
0.00013797
0.00012483
8.3257e-05
5.1072e-05
1.1536e-05
2.1023e-05
2.5973e-05
2.7309e-05
2.3274e-05
4.2277e-06
1.8246e-05
3.968e-05
5.6894e-05
6.2417e-05
5.2862e-05
3.1411e-05
1.905e-05
1.4453e-05
5.4045e-05
6.0137e-05
8.0409e-05
8.3142e-05
4.0747e-05
2.2766e-05
9.6913e-06
2.5001e-05
3.4831e-05
3.7436e-05
2.6748e-05
1.5501e-05
0
2.1058e-06
1.3224e-05
3.1453e-05
3.5375e-05
0
0
0
0
0
0
0
0
0
0
0
0
0
0
0
0
0
0
0
0
0
0
0
0
0
0
0
0
0
0
0
0
0
0
0
0
0
0
0
0
0
0
0
0
0
0
0
0
0
0
0
0
0
0
0
0
2.5777e-05
4.7437e-05
0.00012335
0.00015414
0.00011951
9.9054e-05
0.00010923
0.00017416
0.00019036
0.00018046
0.00016368
0.00015747
0.00013178
4.2636e-05
3.2546e-05
5.618e-05
6.0339e-05
6.2207e-05
4.1543e-05
4.3421e-05
9.0274e-05
0.00010707
0.00010645
7.0364e-05
4.9276e-05
2.7108e-05
1.9525e-05
9.9473e-06
3.5037e-05
6.1256e-05
7.5939e-05
6.5002e-05
4.653e-05
2.4337e-05
1.9755e-05
3.2256e-05
5.5773e-05
6.1449e-05
3.0052e-05
1.1403e-05
7.0672e-07
2.1058e-06
9.4834e-06
3.1453e-05
3.5375e-05
0
0
0
0
0
0
0
0
0
0
0
0
0
0
0
0
0
0
0
0
0
0
0
0
0
0
0
0
0
0
0
0
0
0
0
0
0
0
0
0
0
0
0
0
0
0
0
0
0
0
0
0
0
0
0
0
2.5245e-05
0.00010162
0.00018881
0.00021464
0.00022991
0.00017941
0.00016609
0.00019198
0.0001683
0.00021072
0.00016306
0.00013565
0.00012896
5.4695e-05
4.1238e-05
5.3322e-05
5.2512e-05
5.7169e-05
4.9151e-05
6.0874e-05
8.2388e-05
0.00010354
0.00010752
6.2758e-05
2.6214e-05
3.1611e-06
2.0633e-06
0
1.1435e-05
3.7144e-05
6.5938e-05
6.6912e-05
4.4906e-05
2.1117e-05
1.9755e-05
4.0732e-05
6.6426e-05
6.9979e-05
5.1288e-05
1.7961e-05
4.7861e-06
2.1058e-06
9.4834e-06
2.7015e-05
3.5375e-05
0
0
0
0
0
0
0
0
0
0
0
0
0
0
0
0
0
0
0
0
0
0
0
0
0
0
0
0
0
0
0
0
0
0
0
0
0
0
0
0
0
0
0
0
0
0
0
0
0
0
0
0
0
0
0
0
3.2833e-05
0.00012097
0.00021598
0.00026775
0.00028355
0.00026703
0.00012058
7.0963e-05
3.8711e-05
4.6751e-05
6.3668e-05
7.9522e-05
0.00010622
0.00010676
0.00010156
4.4406e-05
4.9594e-05
5.4099e-05
3.371e-05
3.0816e-05
6.4803e-05
7.1722e-05
4.6769e-05
2.3504e-05
1.5438e-05
9.6039e-06
1.8298e-06
3.0517e-06
4.3696e-06
2.5537e-05
5.0474e-05
4.1752e-05
3.9049e-05
1.7371e-05
1.8132e-05
5.1804e-05
6.1746e-05
6.9979e-05
5.5884e-05
2.0522e-05
5.6453e-06
2.1058e-06
9.4834e-06
2.1694e-05
3.5375e-05
0
0
0
0
0
0
0
0
0
0
0
0
0
0
0
0
0
0
0
0
0
0
0
0
0
0
0
0
0
0
0
0
0
0
0
0
0
0
0
0
0
0
0
0
0
0
0
0
0
0
0
0
0
0
0
0
6.8587e-06
5.6245e-05
0.0001266
0.00020249
0.00025426
0.00021083
0.00011075
7.5443e-05
3.1646e-05
3.0617e-05
3.8468e-05
5.5261e-05
9.2264e-05
9.7805e-05
0.00010603
0.00012668
0.00010906
3.2298e-05
2.8131e-05
4.3316e-05
4.2646e-05
4.2043e-05
4.5644e-05
3.0083e-05
2.5468e-05
1.4658e-05
9.8689e-06
4.5264e-06
5.6473e-06
1.2236e-05
2.9447e-05
3.5475e-05
3.0067e-05
1.5012e-05
2.1218e-05
5.4949e-05
6.7452e-05
6.9979e-05
6e-05
1.8568e-05
4.7861e-06
2.1058e-06
9.4834e-06
2.1694e-05
3.5375e-05
0
0
0
0
0
0
0
0
0
0
0
0
0
0
0
0
0
0
0
0
0
0
0
0
0
0
0
0
0
0
0
0
0
0
0
0
0
0
0
0
0
0
0
0
0
0
0
0
0
0
0
0
0
0
0
0
4.5364e-05
0.00012196
0.00013648
0.00019628
0.00011963
0.00015242
9.7075e-05
5.4189e-05
7.2605e-05
8.2871e-05
7.3886e-05
3.6789e-05
5.2826e-05
6.3297e-05
0.00017077
0.00016315
0.00015517
0.00015478
6.6556e-05
6.8089e-05
6.1606e-05
7.1624e-05
4.7005e-05
3.4707e-05
3.0266e-05
2.3113e-05
2.2703e-05
1.6704e-05
1.6841e-05
1.4939e-05
1.4939e-05
2.3181e-05
2.2105e-05
1.2592e-05
2.8305e-05
5.0012e-05
6.6374e-05
5.4966e-05
6e-05
1.8879e-05
4.7861e-06
2.1058e-06
9.4834e-06
2.1694e-05
3.5375e-05
0
0
0
0
0
0
0
0
0
0
0
0
0
0
0
0
0
0
0
0
0
0
0
0
0
0
0
0
0
0
0
0
0
0
0
0
0
0
0
0
0
0
0
0
0
0
0
0
0
0
0
0
0
0
0
0
1.7092e-05
0.00010058
0.00011487
0.00016184
7.0741e-05
8.2481e-05
8.2779e-05
0.00011147
0.00011749
9.2092e-05
0.0001049
8.5053e-05
5.8801e-05
4.7187e-05
9.5777e-05
0.00015687
0.00015995
0.00015141
9.775e-05
8.6551e-05
5.3185e-05
4.774e-05
3.2265e-05
1.8677e-05
2.1297e-05
2.4273e-05
2.3e-05
2.9663e-05
2.0452e-05
1.1824e-05
1.9809e-05
2.3939e-05
3.0509e-05
2.3446e-05
2.5723e-05
5.0507e-05
6.547e-05
5.8003e-05
4.215e-05
1.8879e-05
7.0672e-07
2.1058e-06
9.4834e-06
2.1694e-05
3.5375e-05
0
0
0
0
0
0
0
0
0
0
0
0
0
0
0
0
0
0
0
0
0
0
0
0
0
0
0
0
0
0
0
0
0
0
0
0
0
0
0
0
0
0
0
0
0
0
0
0
0
0
0
0
0
0
0
0
0
0
3.4256e-05
9.6741e-05
0.00012321
0.00016004
0.00016284
0.000138
0.00018074
0.00017619
0.00015737
0.00011615
8.543e-05
6.7111e-05
8.1078e-05
7.8164e-05
9.9401e-05
0.00010345
9.5504e-05
5.7579e-05
4.7341e-05
1.2382e-05
5.2687e-06
8.1288e-06
1.5733e-05
2.5389e-05
3.3037e-05
2.5073e-05
1.9026e-05
1.7453e-05
1.9658e-05
3.3381e-05
3.9891e-05
3.8887e-05
2.6782e-05
4.9409e-05
4.5885e-05
4.8514e-05
4.0032e-05
2.0925e-05
7.0672e-07
2.1058e-06
9.4834e-06
2.1694e-05
3.5375e-05
0
0
0
0
0
0
0
0
0
0
0
0
0
0
0
0
0
0
0
0
0
0
0
0
0
0
0
0
0
0
0
0
0
0
0
0
0
0
0
0
0
0
0
0
0
0
0
0
0
0
0
0
0
0
0
0
1.5305e-05
5.7299e-05
0.00015201
0.00021616
0.00026127
0.0002719
0.00020303
0.00017969
0.00020344
0.00019834
0.00019963
0.00017677
9.2712e-05
5.8366e-05
8.3935e-05
8.7714e-05
0.00010449
0.0001244
0.00010237
7.9589e-05
3.8594e-05
3.1908e-05
1.3508e-05
1.1563e-05
1.6359e-05
1.5408e-05
2.2071e-05
2.6281e-05
2.3851e-05
1.7949e-05
3.1557e-05
2.8583e-05
4.7391e-05
4.5104e-05
3.6889e-05
2.8472e-05
4.633e-05
4.8802e-05
2.6565e-05
1.7746e-05
6.2211e-06
2.1058e-06
9.4834e-06
2.1694e-05
3.5375e-05
0
0
0
0
0
0
0
0
0
0
0
0
0
0
0
0
0
0
0
0
0
0
0
0
0
0
0
0
0
0
0
0
0
0
0
0
0
0
0
0
0
0
0
0
0
0
0
0
0
0
0
0
0
0
0
9.263e-06
5.3604e-05
0.00010474
0.00017468
0.00024986
0.00032133
0.00033986
0.00032214
0.00027198
0.00023153
0.00024751
0.00023372
0.00013492
0.00011856
7.9284e-05
3.5513e-05
5.8174e-05
7.7833e-05
8.1374e-05
8.991e-05
7.5664e-05
5.2726e-05
3.0659e-05
2.4067e-05
1.1403e-05
1.3829e-05
1.9251e-05
2.7336e-05
3.279e-05
2.9473e-05
3.1935e-05
3.6916e-05
3.1414e-05
4.5633e-05
4.6769e-05
4.2483e-05
3.3441e-05
2.1696e-05
4.2671e-05
1.6824e-05
1.0973e-05
6.2211e-06
2.1058e-06
9.4834e-06
2.1694e-05
3.5375e-05
0
0
0
0
0
0
0
0
0
0
0
0
0
0
0
0
0
0
0
0
0
0
0
0
0
0
0
0
0
0
0
0
0
0
0
0
0
0
0
0
0
0
0
0
0
0
0
0
0
0
0
0
0
0
0
1.2163e-05
6.6178e-05
0.00012861
0.00021982
0.00024016
0.00027
0.00034207
0.00033729
0.00035234
0.00037254
0.00025974
0.00025605
0.00017307
9.6524e-05
8.2403e-05
4.0808e-05
2.3936e-05
2.8419e-05
6.5397e-05
7.0596e-05
8.6815e-05
6.4684e-05
4.9269e-05
3.9404e-05
2.2641e-05
1.1818e-05
1.0972e-05
1.4606e-05
2.6126e-05
3.2618e-05
2.87e-05
3.0499e-05
3.3387e-05
4.0893e-05
4.3683e-05
4.3077e-05
3.3086e-05
2.2206e-05
2.1896e-05
1.5875e-05
1.0871e-05
8.2665e-06
2.1058e-06
8.862e-06
2.1694e-05
3.5375e-05
0
0
0
0
0
0
0
0
0
0
0
0
0
0
0
0
0
0
0
0
0
0
0
0
0
0
0
0
0
0
0
0
0
0
0
0
0
0
0
0
0
0
0
0
0
0
0
0
0
0
0
0
0
0
0
5.4965e-06
5.639e-05
0.00016454
0.00033052
0.00042896
0.0004289
0.00032183
0.00035041
0.00024435
0.00028691
0.00029471
0.00024284
0.00014481
0.00018259
0.00013693
9.5003e-05
6.7275e-05
3.48e-05
7.0765e-05
8.7181e-05
9.7204e-05
0.00010302
9.059e-05
7.4076e-05
5.4825e-05
2.5845e-05
1.4341e-05
1.7982e-05
2.6464e-05
3.791e-05
2.4992e-05
2.4598e-05
2.056e-05
2.36e-05
2.8388e-05
4.0979e-05
2.89e-05
2.403e-05
2.1204e-05
1.6729e-05
1.0871e-05
4.593e-06
2.1058e-06
8.862e-06
2.1694e-05
3.5375e-05
0
0
0
0
0
0
0
0
0
0
0
0
0
0
0
0
0
0
0
0
0
0
0
0
0
0
0
0
0
0
0
0
0
0
0
0
0
0
0
0
0
0
0
0
0
0
0
0
0
0
0
0
0
0
0
6.9069e-06
7.2962e-05
0.00019684
0.00035435
0.00041463
0.00053133
0.00039682
0.00036196
0.00032384
0.00028453
0.0002562
0.00025208
0.0002557
0.00027487
0.00025554
0.00018708
0.00010899
8.9532e-05
0.00012476
0.0001286
0.00012453
0.00010753
0.00010991
9.4735e-05
7.4085e-05
4.4857e-05
2.8415e-05
3.031e-05
2.4709e-05
2.9001e-05
2.495e-05
1.3467e-05
1.6977e-05
9.5366e-06
2.3016e-05
3.1794e-05
2.8314e-05
2.7837e-05
2.3719e-05
1.6241e-05
1.0871e-05
6.9921e-06
2.1058e-06
5.1894e-06
2.1694e-05
3.5375e-05
0
0
0
0
0
0
0
0
0
0
0
0
0
0
0
0
0
0
0
0
0
0
0
0
0
0
0
0
0
0
0
0
0
0
0
0
0
0
0
0
0
0
0
0
0
0
0
0
0
0
0
0
0
0
0
1.5121e-05
0.00010237
0.00025816
0.00051916
0.00065252
0.00063455
0.00071061
0.00085312
0.00078021
0.00079237
0.00061502
0.00049243
0.00037687
0.00038159
0.00027734
0.00021155
0.00017612
0.00019694
0.00018405
0.00019582
0.00014918
9.7616e-05
0.00010338
8.0125e-05
7.4035e-05
6.6821e-05
4.3398e-05
6.1907e-05
4.5342e-05
3.7221e-05
3.6937e-05
1.5019e-05
7.4119e-06
9.2853e-06
1.5349e-05
2.9356e-05
2.9084e-05
2.8639e-05
2.2076e-05
1.6241e-05
1.0871e-05
8.4494e-06
2.1058e-06
2.1058e-06
2.1694e-05
3.5375e-05
0
0
0
0
0
0
0
0
0
0
0
0
0
0
0
0
0
0
0
0
0
0
0
0
0
0
0
0
0
0
0
0
0
0
0
0
0
0
0
0
0
0
0
0
0
0
0
0
0
0
0
0
0
0
0
3.9584e-05
0.00018105
0.00049855
0.00082219
0.00094019
0.00085145
0.00075156
0.0011443
0.0015729
0.0016599
0.0013206
0.0010304
0.00091077
0.00069301
0.00040681
0.00026805
0.00019146
0.00025492
0.00023607
0.00021113
0.00013415
4.2074e-05
4.733e-05
4.6095e-05
4.0797e-05
5.5457e-05
6.1172e-05
8.187e-05
5.7334e-05
5.9125e-05
3.6435e-05
1.4907e-05
1.6329e-05
1.3833e-05
3.6054e-05
3.6879e-05
3.494e-05
2.3005e-05
1.8582e-05
1.6754e-05
1.2944e-05
6.7558e-06
2.1058e-06
2.1058e-06
2.1694e-05
3.5375e-05
0
0
0
0
0
0
0
0
0
0
0
0
0
0
0
0
0
0
0
0
0
0
0
0
0
0
0
0
0
0
0
0
0
0
0
0
0
0
0
0
0
0
0
0
0
0
0
0
0
0
0
0
0
0
0
5.4216e-05
0.00019599
0.0006148
0.00087707
0.0010521
0.00086928
0.00078147
0.0014673
0.0015115
0.0018205
0.0020388
0.0015672
0.0012736
0.00088853
0.00061529
0.00036102
0.0002477
0.00019779
0.00015638
0.00013029
9.022e-05
2.064e-05
1.1317e-05
1.5757e-05
2.6058e-05
4.4269e-05
4.8636e-05
7.4262e-05
7.202e-05
7.6516e-05
6.609e-05
3.156e-05
1.8133e-05
2.6553e-05
2.3263e-05
3.3281e-05
3.5157e-05
1.7411e-05
1.9096e-05
1.2639e-05
1.3876e-05
3.1657e-06
2.1058e-06
2.1058e-06
2.1694e-05
3.5375e-05
0
0
0
0
0
0
0
0
0
0
0
0
0
0
0
0
0
0
0
0
0
0
0
0
0
0
0
0
0
0
0
0
0
0
0
0
0
0
0
0
0
0
0
0
0
0
0
0
0
0
0
0
0
0
0
0
0.00016971
0.00058147
0.0013124
0.0015999
0.0019622
0.002095
0.0022495
0.0021978
0.002136
0.0018851
0.0017203
0.0013324
0.0008193
0.00068638
0.00046117
0.00029486
0.00018486
0.00015218
0.0001536
0.00014096
9.6179e-05
4.549e-05
2.8314e-05
2.8936e-05
2.9593e-05
2.337e-05
5.0369e-05
7.0603e-05
8.2575e-05
7.5279e-05
7.1751e-05
3.9647e-05
3.3184e-05
2.7133e-05
2.7755e-05
3.8239e-05
1.7505e-05
2.1634e-05
2.4609e-05
1.3876e-05
3.1657e-06
2.1058e-06
2.1058e-06
1.5666e-05
3.5375e-05
0
0
0
0
0
0
0
0
0
0
0
0
0
0
0
0
0
0
0
0
0
0
0
0
0
0
0
0
0
0
0
0
0
0
0
0
0
0
0
0
0
0
0
0
0
0
0
0
0
0
0
0
0
0
0
3.0336e-05
0.00018951
0.00057481
0.0015098
0.0025846
0.0031299
0.0031182
0.0028363
0.0029029
0.002725
0.0024939
0.0020765
0.0014264
0.00094355
0.00070025
0.00059308
0.00041985
0.00032202
0.00019966
0.00017842
0.00015177
0.00012467
0.0001039
6.2807e-05
5.6074e-05
4.4508e-05
3.3892e-05
8.0208e-05
0.00010243
0.00010663
0.00011374
7.5368e-05
6.0371e-05
4.6879e-05
5.0487e-05
4.9142e-05
3.7594e-05
1.9744e-05
2.9843e-05
2.4887e-05
2.4887e-05
5.8299e-06
2.1058e-06
2.1058e-06
1.5666e-05
3.5375e-05
0
0
0
0
0
0
0
0
0
0
0
0
0
0
0
0
0
0
0
0
0
0
0
0
0
0
0
0
0
0
0
0
0
0
0
0
0
0
0
0
0
0
0
0
0
0
0
0
0
0
0
0
0
0
0
6.7783e-05
0.00028628
0.0011256
0.0024984
0.0034015
0.0036909
0.0042582
0.0051892
0.0052285
0.0049674
0.0034563
0.0023758
0.0015775
0.0011129
0.00082433
0.00070848
0.00052276
0.00041773
0.00024833
0.00019665
0.00019059
0.00017172
0.00016236
0.00013416
9.4602e-05
8.5543e-05
3.7039e-05
7.2194e-05
9.7952e-05
0.00013389
0.00011525
8.5175e-05
8.6364e-05
6.8835e-05
6.2736e-05
6.7012e-05
6.1585e-05
2.3615e-05
3.4729e-05
3.3533e-05
2.8525e-05
5.8299e-06
2.1058e-06
2.1058e-06
1.5666e-05
3.5375e-05
0
0
0
0
0
0
0
0
0
0
0
0
0
0
0
0
0
0
0
0
0
0
0
0
0
0
0
0
0
0
0
0
0
0
0
0
0
0
0
0
0
0
0
0
0
0
0
0
0
0
0
0
0
0
0
7.2844e-05
0.00054643
0.0013922
0.0024559
0.0031497
0.0033152
0.0043206
0.005985
0.0063526
0.006311
0.0043522
0.0031192
0.0022066
0.0015646
0.0011148
0.00076325
0.00052981
0.00045735
0.00035149
0.00023158
0.00022619
0.00029109
0.00025533
0.00017842
0.00016054
0.00010531
8.832e-05
0.00011794
0.00012551
0.00010513
0.00012669
0.00010761
0.00010084
8.4554e-05
7.318e-05
7.1234e-05
5.8664e-05
4.3874e-05
4.3584e-05
4.254e-05
2.698e-05
9.4048e-06
2.1058e-06
2.1058e-06
1.5666e-05
3.5375e-05
0
0
0
0
0
0
0
0
0
0
0
0
0
0
0
0
0
0
0
0
0
0
0
0
0
0
0
0
0
0
0
0
0
0
0
0
0
0
0
0
0
0
0
0
0
0
0
0
0
0
0
0
0
0
0
4.6037e-05
0.00034201
0.00091836
0.0016778
0.002519
0.0030786
0.003394
0.0039927
0.0043907
0.0042481
0.0043421
0.0038211
0.003228
0.0022878
0.0016605
0.0010699
0.00079177
0.00064143
0.00047049
0.00042321
0.00042526
0.00038973
0.00036085
0.00030724
0.00018438
0.00015841
9.6061e-05
0.00011124
0.00011179
9.1256e-05
8.4175e-05
9.4264e-05
8.6194e-05
8.8826e-05
0.00010519
0.00010481
7.7175e-05
5.315e-05
5.0468e-05
4.6014e-05
3.3056e-05
8.1086e-06
2.1058e-06
2.1058e-06
1.5666e-05
3.5375e-05
0
0
0
0
0
0
0
0
0
0
0
0
0
0
0
0
0
0
0
0
0
0
0
0
0
0
0
0
0
0
0
0
0
0
0
0
0
0
0
0
0
0
0
0
0
0
0
0
0
0
0
0
0
0
0
3.1686e-05
0.00035669
0.0011861
0.0024747
0.0030652
0.0035574
0.0036087
0.0032648
0.003575
0.0037054
0.00383
0.0033469
0.0030914
0.0028519
0.0022212
0.0014579
0.001113
0.00080949
0.0006049
0.00047594
0.00049562
0.00042923
0.00039744
0.0003076
0.00019241
0.00015764
0.00013948
0.00013199
0.00010706
7.9368e-05
5.9965e-05
6.8086e-05
6.4871e-05
0.00010957
0.00013
0.00012166
0.0001033
7.0749e-05
6.014e-05
4.8902e-05
3.5228e-05
8.1086e-06
2.1058e-06
2.1058e-06
1.5666e-05
3.5375e-05
0
0
0
0
0
0
0
0
0
0
0
0
0
0
0
0
0
0
0
0
0
0
0
0
0
0
0
0
0
0
0
0
0
0
0
0
0
0
0
0
0
0
0
0
0
0
0
0
0
0
0
0
0
0
0
6.7079e-05
0.00059972
0.0015309
0.0024765
0.003202
0.0030517
0.0026226
0.002464
0.0028479
0.0034469
0.0040291
0.0042207
0.0038953
0.0032389
0.0024998
0.0018514
0.0011284
0.00079116
0.00061251
0.00046083
0.00040079
0.00033815
0.00028851
0.00028733
0.0002169
0.00018932
0.00014811
9.6236e-05
6.5197e-05
5.1479e-05
3.8473e-05
3.909e-05
5.9723e-05
8.2598e-05
0.00011508
0.0001159
0.00010694
8.5529e-05
6.1406e-05
5.1548e-05
3.8812e-05
1.0915e-05
0
2.1058e-06
1.5666e-05
3.5375e-05
0
0
0
0
0
0
0
0
0
0
0
0
0
0
0
0
0
0
0
0
0
0
0
0
0
0
0
0
0
0
0
0
0
0
0
0
0
0
0
0
0
0
0
0
0
0
0
0
0
0
0
0
0
0
0
8.7847e-05
0.00036818
0.00092119
0.002
0.0027086
0.0029368
0.0028744
0.0027493
0.0034221
0.0044656
0.0052714
0.0053556
0.0049572
0.0041596
0.0030855
0.0018197
0.0011488
0.00090519
0.0005903
0.00053669
0.00050872
0.00047825
0.00035987
0.00024702
0.0002234
0.00025244
0.00018598
0.00011984
7.6122e-05
9.848e-05
6.4167e-05
3.1227e-05
3.328e-05
6.3787e-05
9.3742e-05
0.00011859
0.00010248
8.0278e-05
6.6126e-05
5.7573e-05
3.9973e-05
1.3792e-05
0
2.1058e-06
1.8417e-05
3.5375e-05
0
0
0
0
0
0
0
0
0
0
0
0
0
0
0
0
0
0
0
0
0
0
0
0
0
0
0
0
0
0
0
0
0
0
0
0
0
0
0
0
0
0
0
0
0
0
0
0
0
0
0
0
0
0
0
0.00011858
0.00028381
0.00093584
0.0019996
0.0028665
0.0038689
0.0042925
0.0047633
0.0058362
0.0057751
0.0058492
0.0053429
0.0042996
0.0035649
0.0028253
0.0016856
0.001209
0.00076226
0.00064402
0.00061951
0.00062887
0.00055476
0.00037509
0.00032883
0.00027443
0.00026481
0.00020316
0.00016921
0.00014016
0.00010954
7.9296e-05
5.0161e-05
2.5236e-05
5.4069e-05
8.5562e-05
0.00010749
7.455e-05
7.5411e-05
6.9935e-05
6.1675e-05
4.5185e-05
1.4721e-05
0
2.1058e-06
2.1694e-05
3.5375e-05
0
0
0
0
0
0
0
0
0
0
0
0
0
0
0
0
0
0
0
0
0
0
0
0
0
0
0
0
0
0
0
0
0
0
0
0
0
0
0
0
0
0
0
0
0
0
0
0
0
0
0
0
0
0
0
7.9558e-05
0.00028198
0.00084446
0.0014717
0.0021745
0.0028746
0.0038164
0.0045514
0.0057543
0.0064655
0.0063943
0.0053224
0.0042726
0.0030936
0.0022928
0.0016895
0.0010772
0.00075432
0.00063389
0.00061808
0.00065745
0.00053254
0.00032831
0.0003005
0.0002696
0.00026728
0.00025813
0.00017657
0.00015504
0.00014153
9.9555e-05
8.1975e-05
3.2288e-05
3.7273e-05
9.7485e-05
9.1346e-05
7.5669e-05
6.8805e-05
7.2222e-05
7.9984e-05
5.8663e-05
7.3815e-06
2.995e-06
2.1058e-06
2.1694e-05
3.5375e-05
0
0
0
0
0
0
0
0
0
0
0
0
0
0
0
0
0
0
0
0
0
0
0
0
0
0
0
0
0
0
0
0
0
0
0
0
0
0
0
0
0
0
0
0
0
0
0
0
0
0
0
0
0
0
0
4.263e-05
0.00025474
0.00073
0.001455
0.0019763
0.0025084
0.0036218
0.0046809
0.0064213
0.0076948
0.0081171
0.0072191
0.0050833
0.003838
0.0027627
0.0017526
0.0012919
0.00087109
0.00068924
0.00070298
0.00059214
0.00052393
0.00045443
0.00039102
0.00030141
0.00030613
0.0002106
0.0001123
0.00017389
0.00014358
0.00012416
7.9614e-05
4.5576e-05
4.8727e-05
5.6381e-05
7.3765e-05
6.0775e-05
5.4072e-05
6.1105e-05
7.1578e-05
5.8606e-05
7.6173e-06
2.995e-06
2.1058e-06
2.1694e-05
3.5375e-05
0
0
0
0
0
0
0
0
0
0
0
0
0
0
0
0
0
0
0
0
0
0
0
0
0
0
0
0
0
0
0
0
0
0
0
0
0
0
0
0
0
0
0
0
0
0
0
0
0
0
0
0
0
0
0
5.8754e-05
0.00026739
0.00070721
0.0014305
0.0024256
0.0029977
0.003972
0.0056202
0.0080928
0.0094918
0.0097162
0.0081401
0.006535
0.0043177
0.0030788
0.0022748
0.001573
0.00097933
0.00068452
0.00061806
0.00060017
0.00052294
0.00049112
0.00047755
0.00037727
0.00029809
0.00017147
9.2681e-05
8.9231e-05
0.00011273
9.4302e-05
6.8945e-05
3.9165e-05
5.7903e-05
7.2856e-05
7.8493e-05
6.6933e-05
5.2436e-05
6.4274e-05
6.2279e-05
4.8592e-05
1.4857e-05
4.2325e-06
0
2.1072e-05
3.5375e-05
0
0
0
0
0
0
0
0
0
0
0
0
0
0
0
0
0
0
0
0
0
0
0
0
0
0
0
0
0
0
0
0
0
0
0
0
0
0
0
0
0
0
0
0
0
0
0
0
0
0
0
0
0
0
0
5.1987e-05
0.00025877
0.00069233
0.0013919
0.0021181
0.0027176
0.0035155
0.006805
0.0086041
0.0097353
0.01
0.0074033
0.006497
0.0051611
0.0031992
0.0018881
0.001334
0.0009954
0.00082641
0.00062182
0.00056213
0.0004563
0.00048877
0.00047342
0.00034061
0.00026858
0.00013918
5.1844e-05
5.4874e-05
8.8422e-05
8.7479e-05
6.9215e-05
4.4712e-05
6.4266e-05
7.9358e-05
7.1634e-05
5.687e-05
3.8163e-05
4.9e-05
5.5668e-05
4.4105e-05
1.4857e-05
4.2325e-06
3.1357e-06
2.297e-05
3.5375e-05
0
0
0
0
0
0
0
0
0
0
0
0
0
0
0
0
0
0
0
0
0
0
0
0
0
0
0
0
0
0
0
0
0
0
0
0
0
0
0
0
0
0
0
0
0
0
0
0
0
0
0
0
0
0
0
4.3572e-05
0.00022628
0.00055142
0.0010265
0.0015441
0.0020016
0.0034871
0.0062694
0.0089841
0.0097793
0.0088016
0.0077995
0.0062649
0.0050575
0.0034111
0.0021196
0.0013583
0.0010475
0.00073569
0.00060378
0.00049218
0.00048477
0.00042153
0.00041509
0.00031131
0.00023291
0.00011327
3.8634e-05
5.6047e-05
6.0291e-05
9.0513e-05
8.0191e-05
7.0616e-05
5.5765e-05
7.3652e-05
7.9373e-05
6.2048e-05
4.5092e-05
4.6381e-05
4.4276e-05
3.6166e-05
2.0051e-05
4.2325e-06
3.1357e-06
2.297e-05
3.5375e-05
0
0
0
0
0
0
0
0
0
0
0
0
0
0
0
0
0
0
0
0
0
0
0
0
0
0
0
0
0
0
0
0
0
0
0
0
0
0
0
0
0
0
0
0
0
0
0
0
0
0
0
0
0
0
0
1.5837e-05
0.00026423
0.00063813
0.0010589
0.0013485
0.0020419
0.0036464
0.0060196
0.0084553
0.0096395
0.0086402
0.0079424
0.0066406
0.0049615
0.0038863
0.0024581
0.0017859
0.0013305
0.00093224
0.00059019
0.00054111
0.00049594
0.00042251
0.00036708
0.00028119
0.00019176
0.00012517
7.6607e-05
6.5696e-05
7.5481e-05
8.767e-05
9.2791e-05
5.8702e-05
5.8888e-05
6.6533e-05
6.5573e-05
5.2222e-05
4.5656e-05
4.5827e-05
4.3393e-05
2.9747e-05
2.0051e-05
4.2325e-06
3.1357e-06
2.297e-05
3.5375e-05
0
0
0
0
0
0
0
0
0
0
0
0
0
0
0
0
0
0
0
0
0
0
0
0
0
0
0
0
0
0
0
0
0
0
0
0
0
0
0
0
0
0
0
0
0
0
0
0
0
0
0
0
0
0
0
6.1574e-05
0.0002893
0.00066333
0.0011749
0.0015071
0.0024944
0.0040509
0.0059561
0.0079401
0.0083868
0.0079804
0.0065801
0.0051011
0.0042
0.0032522
0.0026641
0.0017918
0.0013332
0.0008828
0.00061195
0.00039841
0.00039235
0.00037061
0.00029135
0.00027712
0.00021159
0.0001667
0.00012011
7.053e-05
7.6335e-05
7.9478e-05
8.1327e-05
6.5962e-05
5.787e-05
6.3098e-05
6.1649e-05
4.8633e-05
3.7007e-05
4.4667e-05
3.7674e-05
2.5027e-05
2.0051e-05
4.2325e-06
3.1357e-06
2.0865e-05
3.5375e-05
0
0
0
0
0
0
0
0
0
0
0
0
0
0
0
0
0
0
0
0
0
0
0
0
0
0
0
0
0
0
0
0
0
0
0
0
0
0
0
0
0
0
0
0
0
0
0
0
0
0
0
0
0
0
0
2.8497e-05
0.00024728
0.00054848
0.0012511
0.001667
0.0023724
0.0038635
0.0058858
0.0074799
0.0073094
0.0064926
0.0053693
0.0044551
0.0036111
0.0024783
0.0020125
0.0015444
0.0012429
0.00095111
0.00061378
0.00040001
0.00029637
0.00022883
0.00022669
0.0002217
0.00021679
0.00017521
0.0001106
6.7482e-05
3.2587e-05
5.1175e-05
5.4788e-05
7.3565e-05
5.8444e-05
7.1516e-05
5.3819e-05
3.2042e-05
2.7121e-05
3.7908e-05
2.71e-05
2.448e-05
2.1736e-05
6.1307e-06
5.4044e-06
2.0865e-05
3.5375e-05
0
0
0
0
0
0
0
0
0
0
0
0
0
0
0
0
0
0
0
0
0
0
0
0
0
0
0
0
0
0
0
0
0
0
0
0
0
0
0
0
0
0
0
0
0
0
0
0
0
0
0
0
0
0
0
1.3989e-05
0.00018844
0.00060411
0.0011185
0.0015535
0.0024849
0.0049047
0.0068368
0.0079437
0.0075257
0.0059182
0.0049403
0.003767
0.0026438
0.0019116
0.0016286
0.0014966
0.0012248
0.0009544
0.00054949
0.00035265
0.00025838
0.00024351
0.00021617
0.00021517
0.0001847
0.00012421
0.00010293
6.0307e-05
2.9477e-05
2.6936e-05
4.087e-05
4.5546e-05
5.3723e-05
4.7127e-05
5.2293e-05
1.8885e-05
1.8885e-05
3.0872e-05
2.71e-05
2.5159e-05
2.1736e-05
7.8156e-06
1.2312e-05
2.0865e-05
3.5375e-05
0
0
0
0
0
0
0
0
0
0
0
0
0
0
0
0
0
0
0
0
0
0
0
0
0
0
0
0
0
0
0
0
0
0
0
0
0
0
0
0
0
0
0
0
0
0
0
0
0
0
0
0
0
0
0
3.7855e-05
0.0003062
0.00078156
0.001308
0.0020086
0.0035961
0.0052751
0.0075948
0.0091497
0.0078424
0.0064789
0.0041949
0.0029982
0.0021221
0.0016403
0.0014209
0.0012356
0.0010382
0.00077548
0.00042041
0.00036499
0.00029519
0.00029614
0.00025878
0.00021128
0.00019689
0.00012607
6.6374e-05
3.6277e-05
2.8507e-05
2.3897e-05
2.9915e-05
5.4786e-05
5.7942e-05
4.4161e-05
3.5292e-05
2.2048e-05
1.7934e-05
1.8652e-05
2.4309e-05
2.1736e-05
2.1736e-05
1.6992e-05
1.2312e-05
2.0865e-05
3.5375e-05
0
0
0
0
0
0
0
0
0
0
0
0
0
0
0
0
0
0
0
0
0
0
0
0
0
0
0
0
0
0
0
0
0
0
0
0
0
0
0
0
0
0
0
0
0
0
0
0
0
0
0
0
0
0
0
4.0727e-05
0.00025645
0.00077411
0.0014342
0.0023224
0.003183
0.0041089
0.0056312
0.0065074
0.0058935
0.0052427
0.0034612
0.0025309
0.0020691
0.0017032
0.0013302
0.00097084
0.00077302
0.00063136
0.00045517
0.00035216
0.00026301
0.00025939
0.00019299
0.00017751
0.00015294
9.3717e-05
0.0001012
6.8456e-05
6.4784e-05
4.2659e-05
3.4113e-05
4.8995e-05
5.2308e-05
4.8977e-05
2.6216e-05
2.4885e-05
1.5464e-05
1.6365e-05
1.708e-05
2.1736e-05
6.7291e-06
2.2989e-05
1.7709e-05
2.0865e-05
3.5375e-05
0
0
0
0
0
0
0
0
0
0
0
0
0
0
0
0
0
0
0
0
0
0
0
0
0
0
0
0
0
0
0
0
0
0
0
0
0
0
0
0
0
0
0
0
0
0
0
0
0
0
0
0
0
0
0
1.6646e-05
0.00029692
0.00064382
0.0011654
0.0017001
0.0024741
0.003158
0.0032205
0.0033813
0.0037553
0.0037231
0.0030925
0.0026816
0.0019372
0.0014154
0.0010919
0.00081126
0.00059165
0.00040465
0.00037914
0.00033017
0.00019219
0.00014243
9.9872e-05
0.00011228
0.00011281
9.3019e-05
9.9966e-05
7.5782e-05
7.5008e-05
6.7839e-05
6.1974e-05
4.2204e-05
4.5934e-05
3.9801e-05
3.0443e-05
2.1138e-05
2.2349e-05
8.0176e-06
6.9608e-06
2.0925e-05
7.1932e-06
2.2989e-05
1.7709e-05
2.3133e-05
3.5375e-05
0
0
0
0
0
0
0
0
0
0
0
0
0
0
0
0
0
0
0
0
0
0
0
0
0
0
0
0
0
0
0
0
0
0
0
0
0
0
0
0
0
0
0
0
0
0
0
0
0
0
0
0
0
0
0
1.9091e-05
0.00029173
0.00071473
0.001489
0.0020481
0.0025919
0.0028988
0.0030052
0.0040461
0.0040086
0.0038718
0.0032183
0.0023519
0.0018395
0.0014444
0.0010981
0.00081464
0.00058536
0.00052085
0.00041432
0.00028847
0.00021879
0.00010255
9.9612e-05
6.5204e-05
8.1707e-05
7.6217e-05
7.0768e-05
8.7469e-05
9.4238e-05
9.1227e-05
7.4823e-05
5.4897e-05
5.0595e-05
5.7477e-05
5.3045e-05
3.2695e-05
2.3764e-05
6.8796e-06
1.6849e-06
1.0761e-05
1.9331e-05
2.067e-05
1.7709e-05
3.0041e-05
3.5375e-05
0
0
0
0
0
0
0
0
0
0
0
0
0
0
0
0
0
0
0
0
0
0
0
0
0
0
0
0
0
0
0
0
0
0
0
0
0
0
0
0
0
0
0
0
0
0
0
0
0
0
0
0
0
0
0
5.3987e-05
0.00024394
0.00058101
0.0011432
0.0015941
0.0019572
0.0020771
0.0026168
0.0033837
0.0040766
0.0042274
0.0035556
0.0025966
0.0020344
0.001719
0.0014637
0.0010423
0.0006519
0.00051494
0.00042459
0.00029119
0.00023394
0.00016088
0.0001316
8.6358e-05
3.0963e-05
4.9489e-05
4.2034e-05
6.2697e-05
8.473e-05
8.7368e-05
6.8031e-05
7.9335e-05
5.0617e-05
5.5385e-05
5.9225e-05
4.4793e-05
2.8286e-05
1.5597e-05
1.6849e-06
1.0593e-05
3.6443e-05
2.067e-05
1.7709e-05
3.0041e-05
3.5375e-05
0
0
0
0
0
0
0
0
0
0
0
0
0
0
0
0
0
0
0
0
0
0
0
0
0
0
0
0
0
0
0
0
0
0
0
0
0
0
0
0
0
0
0
0
0
0
0
0
0
0
0
0
0
0
0
3.177e-05
0.00014996
0.00056588
0.0011384
0.0019376
0.0023293
0.0024597
0.0025174
0.0031492
0.0039051
0.0042569
0.0038697
0.0027633
0.0022796
0.0018852
0.0014641
0.0011027
0.00072039
0.000517
0.00036525
0.00028917
0.00022002
0.00018766
0.00013172
9.1251e-05
6.7915e-05
1.4293e-05
2.7618e-05
5.7768e-05
7.8451e-05
7.6675e-05
7.8887e-05
6.4591e-05
6.5186e-05
6.5046e-05
6.8698e-05
5.2229e-05
3.754e-05
2.3997e-05
6.5282e-06
1.6976e-05
3.3448e-05
3.1896e-05
1.7709e-05
3.0041e-05
3.5375e-05
0
0
0
0
0
0
0
0
0
0
0
0
0
0
0
0
0
0
0
0
0
0
0
0
0
0
0
0
0
0
0
0
0
0
0
0
0
0
0
0
0
0
0
0
0
0
0
0
0
0
0
0
0
0
0
5.0766e-05
0.00029057
0.00088316
0.0018527
0.0028598
0.0036662
0.0038453
0.0036169
0.0039795
0.0038672
0.0038908
0.0032666
0.0025556
0.0019503
0.0015615
0.0012721
0.0011223
0.0011196
0.00092408
0.00068387
0.00029313
0.00021293
0.00017915
0.00010754
9.1765e-05
6.1785e-05
2.7713e-05
4.9934e-05
6.6583e-05
8.5553e-05
9.593e-05
8.0292e-05
5.5262e-05
5.2935e-05
6.3118e-05
7.4248e-05
7.4331e-05
3.519e-05
2.2847e-05
1.576e-05
1.6976e-05
3.3448e-05
3.1896e-05
1.8309e-05
3.0041e-05
3.5375e-05
0
0
0
0
0
0
0
0
0
0
0
0
0
0
0
0
0
0
0
0
0
0
0
0
0
0
0
0
0
0
0
0
0
0
0
0
0
0
0
0
0
0
0
0
0
0
0
0
0
0
0
0
0
0
0
2.7881e-05
0.00031449
0.00090787
0.0019628
0.0034738
0.0045144
0.0051065
0.0057374
0.0068228
0.0065705
0.0057131
0.0040842
0.0022476
0.0017735
0.0013223
0.0011183
0.0011738
0.001091
0.00092161
0.00078744
0.00048367
0.00027225
0.00018717
0.00014827
9.1689e-05
6.0482e-05
4.6595e-05
7.5205e-05
8.1766e-05
7.5922e-05
7.8703e-05
5.9684e-05
3.9661e-05
5.6749e-05
6.5386e-05
6.943e-05
6.147e-05
2.6271e-05
1.9791e-05
2.1646e-05
1.6976e-05
4.0059e-05
3.8507e-05
1.8309e-05
3.0041e-05
3.5375e-05
0
0
0
0
0
0
0
0
0
0
0
0
0
0
0
0
0
0
0
0
0
0
0
0
0
0
0
0
0
0
0
0
0
0
0
0
0
0
0
0
0
0
0
0
0
0
0
0
0
0
0
0
0
0
0
0
0.00012269
0.00080713
0.001604
0.0028155
0.0046265
0.0048578
0.0055777
0.0061729
0.0055759
0.0046601
0.0029264
0.0016669
0.0013226
0.0011257
0.00080269
0.00067595
0.00069846
0.00062388
0.00058327
0.00039636
0.00031579
0.00026204
0.00016607
0.00013542
0.00011863
7.7389e-05
8.4531e-05
8.695e-05
7.4899e-05
4.006e-05
3.2699e-05
1.129e-05
2.8397e-05
4.8684e-05
6.251e-05
5.5179e-05
2.6691e-05
1.5319e-05
2.8029e-05
2.5095e-05
4.7067e-05
3.9847e-05
1.8309e-05
3.0041e-05
3.5375e-05
0
0
0
0
0
0
0
0
0
0
0
0
0
0
0
0
0
0
0
0
0
0
0
0
0
0
0
0
0
0
0
0
0
0
0
0
0
0
0
0
0
0
0
0
0
0
0
0
0
0
0
0
0
0
0
2.4375e-05
0.00019959
0.00059483
0.0010935
0.0018194
0.0029485
0.0032609
0.0030529
0.0026315
0.0020891
0.0019211
0.0020366
0.0016362
0.0012448
0.00088678
0.00064895
0.00043141
0.00033567
0.00026405
0.00024494
0.00029079
0.00028662
0.00022119
0.00015519
0.00010243
9.4488e-05
7.3066e-05
5.2197e-05
4.8926e-05
4.5558e-05
2.4666e-05
1.3341e-05
4.458e-06
1.2188e-05
3.156e-05
2.9092e-05
3.4192e-05
2.5883e-05
1.8984e-05
2.1854e-05
3.4754e-05
4.8406e-05
4.1398e-05
1.9649e-05
3.0041e-05
3.5375e-05
0
0
0
0
0
0
0
0
0
0
0
0
0
0
0
0
0
0
0
0
0
0
0
0
0
0
0
0
0
0
0
0
0
0
0
0
0
0
0
0
0
0
0
0
0
0
0
0
0
0
0
0
0
0
0
3.728e-05
0.00020771
0.00043964
0.00090636
0.0012535
0.0013967
0.0017599
0.0019181
0.0019579
0.0021714
0.0021859
0.0024753
0.0023238
0.0017154
0.001019
0.00061975
0.00049176
0.00040913
0.00027821
0.00017237
0.00013692
0.00011794
8.6903e-05
8.6005e-05
7.3135e-05
7.568e-05
5.9744e-05
4.1326e-05
3.5927e-05
2.4213e-05
1.6035e-05
6.9404e-06
1.3118e-06
1.9612e-06
1.1378e-05
1.9588e-05
2.1519e-05
2.8931e-05
3.8394e-05
3.0865e-05
3.4754e-05
4.8406e-05
4.9703e-05
1.9649e-05
3.2868e-05
3.5375e-05
0
0
0
0
0
0
0
0
0
0
0
0
0
0
0
0
0
0
0
0
0
0
0
0
0
0
0
0
0
0
0
0
0
0
0
0
0
0
0
0
0
0
0
0
0
0
0
0
0
0
0
0
0
0
0
9.9445e-06
7.2767e-05
0.00049837
0.00095791
0.0011969
0.0012929
0.0012616
0.0019819
0.0021449
0.0020938
0.0022506
0.0019588
0.0018668
0.0014662
0.00079158
0.00054553
0.00042169
0.00036585
0.00029974
0.00023554
0.0002123
0.00019399
6.2542e-05
5.6568e-05
4.6456e-05
3.5152e-05
3.2275e-05
1.9096e-05
1.915e-05
1.9263e-05
1.5421e-05
9.1261e-06
1.2575e-06
1.9942e-06
1.2854e-05
1.0066e-05
2.2132e-05
4.0982e-05
3.7105e-05
4.7804e-05
3.4754e-05
4.8466e-05
4.9703e-05
1.8411e-05
3.4798e-05
3.5375e-05
0
0
0
0
0
0
0
0
0
0
0
0
0
0
0
0
0
0
0
0
0
0
0
0
0
0
0
0
0
0
0
0
0
0
0
0
0
0
0
0
0
0
0
0
0
0
0
0
0
0
0
0
0
0
0
1.537e-05
0.00018517
0.00074518
0.0011436
0.0011855
0.00097166
0.00061829
0.00075672
0.0012287
0.0012455
0.00086086
0.00077232
0.0006271
0.00063109
0.00036508
0.00020544
0.00025509
0.00028494
0.00027456
0.0002612
0.00022768
0.00022025
0.00015289
5.0688e-05
5.4099e-05
3.8816e-05
2.1879e-05
1.5135e-05
2.1413e-05
2.2753e-05
1.8898e-05
1.068e-05
1.2575e-06
7.9119e-06
1.4766e-05
2.0316e-05
1.6592e-05
3.3228e-05
3.8843e-05
4.8774e-05
4.2576e-05
4.8466e-05
4.8152e-05
2.2114e-05
3.7809e-05
3.5375e-05
0
0
0
0
0
0
0
0
0
0
0
0
0
0
0
0
0
0
0
0
0
0
0
0
0
0
0
0
0
0
0
0
0
0
0
0
0
0
0
0
0
0
0
0
0
0
0
0
0
0
0
0
0
0
0
0
0.00010982
0.00042938
0.00076489
0.00067749
0.00047379
0.00041893
0.00052353
0.00050188
0.00055436
0.00068613
0.00052769
0.00035851
0.00022865
0.00017283
0.00015506
0.00023811
0.00022382
0.00019074
0.00020753
0.0001751
0.00015114
4.9385e-05
2.178e-05
7.4193e-05
7.8346e-05
6.4435e-05
4.3237e-05
1.8002e-05
1.6511e-05
1.7587e-05
7.8797e-06
4.0455e-06
1.5374e-05
2.5158e-05
1.4116e-05
3.081e-05
3.0443e-05
3.4604e-05
5.8104e-05
4.3916e-05
4.8619e-05
4.5229e-05
2.5998e-05
3.8501e-05
3.5375e-05
0
0
0
0
0
0
0
0
0
0
0
0
0
0
0
0
0
0
0
0
0
0
0
0
0
0
0
0
0
0
0
0
0
0
0
0
0
0
0
0
0
0
0
0
0
0
0
0
0
0
0
0
0
0
0
1.5336e-05
0.00032667
0.00049811
0.00061843
0.00065727
0.00044938
0.00035973
0.00030694
0.00038235
0.00052618
0.00049949
0.00046256
0.00035468
0.00017058
0.00011357
0.00014972
0.00013992
0.000164
0.00013199
2.0409e-05
2.4076e-05
2.4906e-05
1.1367e-05
2.3593e-05
9.186e-05
8.7237e-05
8.2122e-05
7.2372e-05
2.3153e-05
1.9434e-05
1.9691e-05
6.3257e-06
4.0455e-06
2.6415e-05
2.5158e-05
2.5158e-05
3.081e-05
3.0443e-05
3.4604e-05
5.6157e-05
4.7051e-05
4.8619e-05
4.7068e-05
3.0539e-05
3.8501e-05
3.5375e-05
0
0
0
0
0
0
0
0
0
0
0
0
0
0
0
0
0
0
0
0
0
0
0
0
0
0
0
0
0
0
0
0
0
0
0
0
0
0
0
0
0
0
0
0
0
0
0
0
0
0
0
0
0
0
0
1.1017e-05
9.1747e-05
0.0003536
0.00035594
0.00027676
0.000258
0.00028866
0.00032324
0.00032584
0.00030288
0.00037457
0.00035142
0.00013362
8.516e-05
5.5218e-05
7.5552e-05
9.1557e-05
0.00010087
8.62e-05
2.6696e-05
2.0691e-05
9.4385e-05
9.0314e-05
3.8166e-05
9.5945e-05
0.0001122
0.00011432
3.5491e-05
1.9315e-05
1.1906e-05
7.4369e-06
1.2575e-06
1.5087e-05
3.2638e-05
3.6504e-05
2.5158e-05
3.508e-05
3.0443e-05
3.4604e-05
4.9774e-05
4.1654e-05
4.6721e-05
4.6871e-05
3.5965e-05
4.2938e-05
3.5375e-05
0
0
0
0
0
0
0
0
0
0
0
0
0
0
0
0
0
0
0
0
0
0
0
0
0
0
0
0
0
0
0
0
0
0
0
0
0
0
0
0
0
0
0
0
0
0
0
0
0
0
0
0
0
0
0
8.0613e-06
7.8588e-05
0.00013709
0.00019966
0.00026265
0.00023144
0.00027847
0.00031157
0.00026223
0.00017975
0.00012273
6.8423e-05
4.1083e-05
5.0099e-05
6.4097e-05
9.8122e-05
0.00010243
0.00010869
0.00010947
0.00010329
0.00013819
0.00011288
0.00011233
0.00012491
7.1593e-05
5.8227e-05
5.1167e-05
3.5458e-05
2.8073e-05
2.5197e-05
9.3249e-06
4.5329e-06
2.2388e-05
3.2638e-05
3.2638e-05
3.2638e-05
2.7516e-05
3.1722e-05
3.4604e-05
4.1611e-05
3.6211e-05
5.2582e-05
4.6871e-05
3.5965e-05
4.2938e-05
3.5375e-05
0
0
0
0
0
0
0
0
0
0
0
0
0
0
0
0
0
0
0
0
0
0
0
0
0
0
0
0
0
0
0
0
0
0
0
0
0
0
0
0
0
0
0
0
0
0
0
0
0
0
0
0
0
0
0
0
3.4804e-06
0.00010607
0.00018299
0.00019593
0.0002
0.00019369
0.00011522
9.9507e-05
5.6758e-05
3.4258e-05
2.1628e-05
2.2555e-05
8.1035e-05
0.00011673
0.0001254
0.00015238
0.00011404
0.00013002
0.00010051
0.00012802
0.0001249
0.00012985
0.00013245
5.2119e-05
4.6848e-05
2.8342e-05
3.4179e-05
3.1078e-05
2.5898e-05
2.9662e-05
1.0317e-05
2.2388e-05
2.2388e-05
2.985e-05
2.985e-05
5.6151e-06
2.9564e-05
3.611e-05
3.9784e-05
3.4499e-05
4.7132e-05
4.6871e-05
3.5965e-05
4.2938e-05
3.5375e-05
0
0
0
0
0
0
0
0
0
0
0
0
0
0
0
0
0
0
0
0
0
0
0
0
0
0
0
0
0
0
0
0
0
0
0
0
0
0
0
0
0
0
0
0
0
0
0
0
0
0
0
0
0
0
0
0
3.0254e-06
2.4961e-05
8.8569e-05
0.00012506
0.00010704
2.7683e-05
1.6707e-05
2.8873e-05
3.6386e-05
4.6567e-05
4.9656e-05
2.9481e-05
4.7961e-05
8.2289e-05
9.1382e-05
6.9473e-05
6.524e-05
6.1841e-05
6.54e-05
7.6422e-05
7.0408e-05
5.8324e-05
5.447e-05
3.6546e-05
1.9283e-05
9.2317e-06
1.5289e-05
2.9041e-05
4.2225e-05
4.5488e-05
2.6937e-05
1.5166e-05
2.6207e-05
2.2388e-05
2.1031e-05
1.5068e-06
1.8542e-05
3.2445e-05
2.9395e-05
2.8115e-05
4.6531e-05
4.5673e-05
3.5965e-05
4.3813e-05
3.5375e-05
0
0
0
0
0
0
0
0
0
0
0
0
0
0
0
0
0
0
0
0
0
0
0
0
0
0
0
0
0
0
0
0
0
0
0
0
0
0
0
0
0
0
0
0
0
0
0
0
0
0
0
0
0
0
0
0
0
1.2404e-05
5.8338e-05
0.00012103
0.00015702
0.00014867
0.00010433
7.0291e-05
5.5988e-05
0.00010088
0.00014246
0.00013626
9.2352e-05
3.9891e-05
3.3365e-05
1.7546e-05
2.5974e-05
4.0212e-05
6.4236e-05
5.2581e-05
4.6071e-05
5.4815e-05
3.1511e-05
2.7384e-05
8.0359e-06
4.8815e-06
1.6481e-05
4.4147e-05
4.6266e-05
3.3993e-05
3.2435e-05
1.6911e-05
2.0576e-05
1.5166e-05
1.5502e-05
5.6631e-06
7.1219e-06
1.1283e-05
2.0129e-05
2.8115e-05
3.0296e-05
4.5073e-05
3.8792e-05
4.8844e-05
3.5375e-05
0
0
0
0
0
0
0
0
0
0
0
0
0
0
0
0
0
0
0
0
0
0
0
0
0
0
0
0
0
0
0
0
0
0
0
0
0
0
0
0
0
0
0
0
0
0
0
0
0
0
0
0
0
0
0
0
0
0
1.0284e-05
9.3994e-05
0.00012489
0.00019106
0.00017806
0.00012829
0.00011066
0.00014107
0.00013177
0.00013679
0.00010279
7.2497e-05
7.2669e-05
6.795e-05
5.4418e-05
5.2095e-05
5.5138e-05
4.8769e-05
4.1045e-05
4.0901e-05
3.5732e-05
1.8845e-05
1.1887e-05
4.5505e-06
7.3548e-06
2.7315e-05
3.2345e-05
2.7772e-05
3.5358e-05
1.5133e-05
2.6881e-05
1.9322e-05
4.1563e-06
5.6631e-06
1.5068e-06
1.2855e-05
2.0554e-05
2.8115e-05
2.8602e-05
4.5073e-05
4.0723e-05
4.1154e-05
3.5375e-05
0
0
0
0
0
0
0
0
0
0
0
0
0
0
0
0
0
0
0
0
0
0
0
0
0
0
0
0
0
0
0
0
0
0
0
0
0
0
0
0
0
0
0
0
0
0
0
0
0
0
0
0
0
0
0
0
0
2.5411e-06
3.9996e-05
4.5701e-05
8.0249e-05
0.00014187
0.00017735
0.00016975
0.00014889
6.9272e-05
7.9282e-05
8.6939e-05
6.8104e-05
7.8799e-05
8.3617e-05
8.2324e-05
6.6522e-05
5.1417e-05
3.8179e-05
2.0055e-05
1.0365e-05
1.9478e-05
1.8249e-05
1.999e-05
3.1683e-05
2.4614e-05
1.8661e-05
2.528e-05
2.3503e-05
2.4187e-05
3.8867e-05
2.4115e-05
2.1066e-05
1.1808e-05
4.1563e-06
5.6631e-06
2.5978e-06
3.0793e-06
2.0198e-05
2.7291e-05
2.8602e-05
3.7826e-05
4.0723e-05
4.0975e-05
3.5375e-05
0
0
0
0
0
0
0
0
0
0
0
0
0
0
0
0
0
0
0
0
0
0
0
0
0
0
0
0
0
0
0
0
0
0
0
0
0
0
0
0
0
0
0
0
0
0
0
0
0
0
0
0
0
0
0
0
1.5743e-05
4.5862e-05
6.7835e-05
7.7469e-05
5.4116e-05
7.4628e-05
0.00011623
0.00012657
9.7972e-05
6.27e-05
5.2745e-05
4.646e-05
5.1256e-05
5.3894e-05
7.0134e-05
4.8486e-05
2.6853e-05
2.673e-05
2.8731e-05
2.4356e-05
1.9512e-05
1.8616e-05
3.7026e-05
3.7551e-05
3.7675e-05
2.0301e-05
2.0658e-05
1.3626e-05
8.1681e-06
1.5593e-05
2.6078e-05
5.4811e-05
4.5303e-05
3.0118e-05
4.1563e-06
6.754e-06
5.4488e-06
1.1672e-05
2.1161e-05
1.6556e-05
2.8602e-05
4.17e-05
4.0672e-05
4.0975e-05
3.5375e-05
0
0
0
0
0
0
0
0
0
0
0
0
0
0
0
0
0
0
0
0
0
0
0
0
0
0
0
0
0
0
0
0
0
0
0
0
0
0
0
0
0
0
0
0
0
0
0
0
0
0
0
0
0
0
0
0
3.8279e-06
9.1773e-05
9.5895e-05
0.00010638
6.2226e-05
3.8382e-05
7.5379e-05
9.066e-05
9.4353e-05
8.5768e-05
7.0358e-05
9.4546e-05
4.9627e-05
3.0528e-05
2.8559e-05
2.4136e-05
5.1301e-05
0.00011118
0.00010559
0.00010216
3.4997e-05
1.6119e-05
1.8467e-05
1.6184e-05
2.374e-05
2.0068e-05
1.663e-05
6.5544e-06
8.407e-06
2.9213e-05
5.0706e-05
5.882e-05
5.1574e-05
3.1443e-05
5.4177e-06
6.754e-06
4.1702e-06
1.1672e-05
2.1901e-05
3.1739e-05
2.5513e-05
3.0264e-05
4.6769e-05
4.0975e-05
3.5375e-05
0
0
0
0
0
0
0
0
0
0
0
0
0
0
0
0
0
0
0
0
0
0
0
0
0
0
0
0
0
0
0
0
0
0
0
0
0
0
0
0
0
0
0
0
0
0
0
0
0
0
0
0
0
0
0
0
6.4485e-06
8.0869e-05
0.00011004
0.00013637
8.9462e-05
5.9673e-05
6.605e-05
6.1463e-05
7.3914e-05
0.00010759
0.00011271
0.00011161
0.00010169
6.3881e-05
3.6108e-05
2.9339e-05
6.0365e-05
0.00010626
0.00010972
9.6587e-05
5.3885e-05
2.964e-05
1.6171e-05
1.6757e-05
2.264e-05
1.8137e-05
6.9032e-06
6.9032e-06
2.176e-05
3.8586e-05
6.6849e-05
6.9983e-05
5.1492e-05
3.0036e-05
4.1563e-06
5.2472e-06
7.4582e-06
1.6799e-05
2.9695e-05
3.2684e-05
3.9534e-05
3.0264e-05
4.6917e-05
3.9077e-05
3.5375e-05
0
0
0
0
0
0
0
0
0
0
0
0
0
0
0
0
0
0
0
0
0
0
0
0
0
0
0
0
0
0
0
0
0
0
0
0
0
0
0
0
0
0
0
0
0
0
0
0
0
0
0
0
0
0
0
0
4.812e-06
3.175e-05
6.6306e-05
0.00011851
0.00012073
8.3983e-05
2.587e-05
3.9168e-05
4.3109e-05
3.9722e-05
7.3411e-05
7.8345e-05
9.4257e-05
0.00015312
0.00014711
0.0001242
8.8498e-05
4.863e-05
5.7896e-05
5.5139e-05
5.0523e-05
4.249e-05
3.7532e-05
0.00013254
0.00014612
5.6678e-05
3.8343e-05
2.5573e-05
2.5177e-05
3.6345e-05
6.5936e-05
7.078e-05
5.2543e-05
4.2893e-05
1.3625e-05
1.0909e-06
1.0165e-05
1.5292e-05
3.5543e-05
3.1387e-05
4.9738e-05
3.5904e-05
5.0881e-05
3.9077e-05
3.5375e-05
0
0
0
0
0
0
0
0
0
0
0
0
0
0
0
0
0
0
0
0
0
0
0
0
0
0
0
0
0
0
0
0
0
0
0
0
0
0
0
0
0
0
0
0
0
0
0
0
0
0
0
0
0
0
0
0
0
3.1633e-06
1.8871e-05
6.2865e-05
7.4446e-05
5.2022e-05
3.7482e-05
2.8734e-05
4.0344e-05
5.8728e-05
7.3462e-05
0.00012602
0.00011213
0.00019371
0.00019628
0.00015674
0.0001213
6.4925e-05
2.8523e-05
5.814e-05
5.9155e-05
5.181e-05
0.00014863
0.00013043
0.00014695
0.00015471
4.5045e-05
3.9079e-05
2.9768e-05
4.1911e-05
5.1185e-05
6.2368e-05
6.8185e-05
5.6921e-05
2.4121e-05
7.7991e-06
1.5517e-05
2.114e-05
3.4452e-05
4.6222e-05
4.8398e-05
4.3312e-05
5.2258e-05
3.9077e-05
3.5375e-05
0
0
0
0
0
0
0
0
0
0
0
0
0
0
0
0
0
0
0
0
0
0
0
0
0
0
0
0
0
0
0
0
0
0
0
0
0
0
0
0
0
0
0
0
0
0
0
0
0
0
0
0
0
0
0
0
0
0
0
0
0
5.9068e-06
1.8263e-05
8.1865e-05
0.00013406
0.0002209
0.00023611
0.00016265
0.00013153
9.7161e-05
9.8465e-05
0.00011344
5.2398e-05
4.3022e-05
2.5061e-05
2.3282e-05
2.9443e-05
2.4126e-05
0.00011787
0.00013037
0.00014992
0.00013822
3.1439e-05
1.9127e-05
2.4686e-05
3.6052e-05
4.2449e-05
4.3132e-05
5.4413e-05
4.4178e-05
3.829e-05
2.5236e-05
2.0944e-05
2.2904e-05
3.4452e-05
5.0877e-05
5.2652e-05
4.6209e-05
5.5739e-05
3.9077e-05
3.5375e-05
0
0
0
0
0
0
0
0
0
0
0
0
0
0
0
0
0
0
0
0
0
0
0
0
0
0
0
0
0
0
0
0
0
0
0
0
0
0
0
0
0
0
0
0
0
0
0
0
0
0
0
0
0
0
0
0
0
0
0
0
0
1.586e-05
2.8974e-05
0.00010308
0.00019604
0.00022043
0.00026672
0.00020432
0.00010785
5.4112e-05
5.3806e-05
2.3576e-05
1.5965e-05
7.4527e-06
2.1301e-05
1.7057e-05
1.7057e-05
2.0763e-05
1.4005e-05
9.4595e-06
1.6227e-05
2.7868e-05
1.7839e-05
9.8231e-06
1.3814e-05
1.7717e-05
2.8536e-05
5.0799e-05
6.5719e-05
5.6701e-05
4.0282e-05
2.619e-05
1.6533e-05
3.0869e-05
2.9219e-05
5.8343e-05
6.0326e-05
5.0475e-05
5.5739e-05
3.9077e-05
3.5375e-05
0
0
0
0
0
0
0
0
0
0
0
0
0
0
0
0
0
0
0
0
0
0
0
0
0
0
0
0
0
0
0
0
0
0
0
0
0
0
0
0
0
0
0
0
0
0
0
0
0
0
0
0
0
0
0
0
0
0
0
0
0
2.8589e-05
7.3893e-05
7.589e-05
0.00010804
0.00010052
9.1219e-05
9.7167e-05
6.07e-05
3.6894e-05
2.5592e-05
1.3194e-05
1.4806e-05
1.966e-05
2.6102e-05
2.2093e-05
1.7633e-05
1.1259e-05
2.105e-06
2.6901e-05
4.285e-05
4.7288e-05
4.6326e-05
2.2402e-05
1.6706e-05
1.1339e-05
1.8819e-05
3.9319e-05
5.8476e-05
5.1373e-05
4.4606e-05
1.5196e-05
1.4397e-05
2.9778e-05
4.3175e-05
6.7913e-05
6.4225e-05
5.2583e-05
5.5739e-05
3.9077e-05
3.5375e-05
0
0
0
0
0
0
0
0
0
0
0
0
0
0
0
0
0
0
0
0
0
0
0
0
0
0
0
0
0
0
0
0
0
0
0
0
0
0
0
0
0
0
0
0
0
0
0
0
0
0
0
0
0
0
0
0
0
0
0
0
0
1.8195e-05
5.5134e-05
6.0797e-05
4.2723e-05
4.8968e-05
7.826e-05
8.0411e-05
4.0958e-05
2.0981e-05
3.2276e-06
1.343e-05
2.764e-05
5.9674e-05
6.8883e-05
3.9391e-05
1.6989e-05
1.1954e-05
5.7819e-06
4.1511e-05
4.6582e-05
6.5124e-05
5.975e-05
2.3966e-05
1.5531e-05
1.1507e-05
1.0484e-05
3.682e-05
4.5247e-05
5.3814e-05
4.4606e-05
1.058e-05
1.2154e-05
3.4134e-05
4.6904e-05
6.5511e-05
7.2447e-05
4.9573e-05
5.5739e-05
3.9077e-05
3.5375e-05
0
0
0
0
0
0
0
0
0
0
0
0
0
0
0
0
0
0
0
0
0
0
0
0
0
0
0
0
0
0
0
0
0
0
0
0
0
0
0
0
0
0
0
0
0
0
0
0
0
0
0
0
0
0
0
0
0
0
0
0
0
2.6091e-05
3.3935e-05
3.6728e-05
8.3495e-06
6.8034e-05
8.5616e-05
9.8553e-05
8.4092e-05
3.3945e-05
7.8426e-07
1.2149e-05
7.0432e-05
9.1494e-05
0.00011125
8.8566e-05
4.7249e-05
3.2067e-05
2.2076e-05
3.7708e-05
4.2722e-05
5.3121e-05
4.6645e-05
1.5824e-05
2.8452e-05
1.5412e-05
0
1.7174e-05
3.5021e-05
3.9157e-05
2.6728e-05
1.058e-05
1.2154e-05
2.7932e-05
5.1028e-05
6.5776e-05
6.7363e-05
5.9325e-05
5.5739e-05
3.9077e-05
3.5375e-05
0
0
0
0
0
0
0
0
0
0
0
0
0
0
0
0
0
0
0
0
0
0
0
0
0
0
0
0
0
0
0
0
0
0
0
0
0
0
0
0
0
0
0
0
0
0
0
0
0
0
0
0
0
0
0
0
0
0
0
4.3037e-06
2.1601e-05
3.9358e-05
4.2348e-05
4.7686e-05
6.2151e-05
5.8431e-05
6.3731e-05
7.0773e-05
4.565e-05
3.897e-05
3.4055e-05
3.3962e-05
4.4898e-05
8.379e-05
0.00010563
8.101e-05
4.7472e-05
4.6643e-05
2.622e-05
1.4233e-05
8.8707e-06
8.3543e-06
2.2121e-05
4.5188e-05
5.5248e-05
3.1635e-05
1.3174e-05
4.2405e-06
2.6211e-05
3.947e-05
2.8084e-05
1.968e-05
1.7455e-05
1.5675e-05
5.407e-05
7.1077e-05
6.6634e-05
5.5161e-05
6.2495e-05
4.2828e-05
3.5375e-05
0
0
0
0
0
0
0
0
0
0
0
0
0
0
0
0
0
0
0
0
0
0
0
0
0
0
0
0
0
0
0
0
0
0
0
0
0
0
0
0
0
0
0
0
0
0
0
0
0
0
0
0
0
0
0
0
0
0
1.8144e-05
5.7569e-05
5.7569e-05
6.098e-05
3.8402e-05
4.6169e-05
5.3025e-05
6.1216e-05
6.0855e-05
2.9523e-05
3.3359e-05
4.6511e-05
4.8362e-05
4.2727e-05
2.6941e-05
2.6607e-05
2.2565e-05
4.4541e-05
4.1837e-05
4.7994e-05
2.8651e-05
1.2058e-05
5.1647e-07
1.7043e-05
4.6915e-05
7.1754e-05
7.163e-05
5.0945e-05
2.39e-05
2.342e-05
3.7748e-05
3.3592e-05
3.6741e-05
1.7561e-05
9.0562e-06
1.5675e-05
5.3341e-05
7.1077e-05
6.3559e-05
6.1925e-05
6.2495e-05
4.4718e-05
3.5375e-05
0
0
0
0
0
0
0
0
0
0
0
0
0
0
0
0
0
0
0
0
0
0
0
0
0
0
0
0
0
0
0
0
0
0
0
0
0
0
0
0
0
0
0
0
0
0
0
0
0
0
0
0
0
0
0
0
0
0
7.507e-06
3.3576e-05
4.4297e-05
4.3102e-05
1.6674e-05
2.1867e-05
5.0399e-05
4.8659e-05
3.6456e-05
4.0407e-05
6.4897e-05
8.5162e-05
0.00011335
0.00011107
5.7383e-05
8.4529e-06
9.3014e-06
1.4487e-05
3.0444e-05
4.9962e-05
3.6094e-05
2.086e-05
1.8719e-05
4.0077e-05
9.6397e-05
0.00013091
0.00010185
7.1517e-05
3.6337e-05
2.3729e-05
3.921e-05
3.5054e-05
3.3106e-05
1.7561e-05
9.0562e-06
1.5675e-05
4.6504e-05
6.7946e-05
6.8618e-05
7.142e-05
6.2495e-05
4.4718e-05
3.5375e-05
0
0
0
0
0
0
0
0
0
0
0
0
0
0
0
0
0
0
0
0
0
0
0
0
0
0
0
0
0
0
0
0
0
0
0
0
0
0
0
0
0
0
0
0
0
0
0
0
0
0
0
0
0
0
0
0
0
0
2.1471e-06
5.9066e-06
1.1673e-05
2.212e-05
2.3499e-05
2.7369e-05
2.7529e-05
4.4417e-05
5.2781e-05
4.8654e-05
5.3022e-05
8.8035e-05
0.00011674
0.00010913
7.4577e-05
2.4317e-05
1.0395e-05
1.7172e-05
4.3459e-05
4.017e-05
3.4603e-05
2.2108e-05
2.2689e-05
5.4564e-05
0.00011736
0.0001438
0.00012036
6.8217e-05
1.778e-05
2.7343e-05
3.7022e-05
3.3614e-05
3.2152e-05
1.6607e-05
1.3454e-05
1.5179e-05
3.6279e-05
6.5599e-05
7.3795e-05
7.9811e-05
6.2495e-05
4.4718e-05
3.5375e-05
0
0
0
0
0
0
0
0
0
0
0
0
0
0
0
0
0
0
0
0
0
0
0
0
0
0
0
0
0
0
0
0
0
0
0
0
0
0
0
0
0
0
0
0
0
0
0
0
0
0
0
0
0
0
0
0
0
0
7.196e-06
1.3945e-05
1.8812e-05
1.8623e-05
1.6768e-05
5.4731e-06
1.7063e-05
2.5178e-05
4.5533e-05
5.6617e-05
5.4885e-05
6.0904e-05
8.3538e-05
5.344e-05
2.3436e-05
1.5665e-05
8.4917e-06
1.1103e-05
2.662e-05
2.5149e-05
2.1893e-05
1.4228e-05
5.6453e-06
6.0453e-05
9.166e-05
9.8043e-05
7.8417e-05
3.7798e-05
1.9138e-05
1.6699e-05
2.7715e-05
3.3614e-05
2.3115e-05
1.6607e-05
1.3454e-05
1.5179e-05
4.4166e-05
6.3887e-05
6.963e-05
8.9165e-05
6.6052e-05
4.4718e-05
3.5375e-05
0
0
0
0
0
0
0
0
0
0
0
0
0
0
0
0
0
0
0
0
0
0
0
0
0
0
0
0
0
0
0
0
0
0
0
0
0
0
0
0
0
0
0
0
0
0
0
0
0
0
0
0
0
0
0
0
0
0
0
5.0489e-06
8.0383e-06
2.9893e-06
0
1.2004e-05
1.559e-05
1.559e-05
1.3507e-05
2.0135e-05
5.1727e-05
6.4535e-05
5.622e-05
3.7295e-05
5.5765e-06
3.5679e-06
6.1446e-06
1.6868e-05
2.7465e-05
1.6345e-05
1.7536e-05
1.0254e-05
3.5642e-06
1.5221e-05
4.3818e-05
6.4362e-05
5.3822e-05
2.1738e-05
2.9759e-05
2.1587e-05
2.1362e-05
1.7985e-05
1.6523e-05
8.1529e-06
1.3454e-05
1.5179e-05
4.6814e-05
5.918e-05
7.791e-05
9.1586e-05
6.6521e-05
4.4718e-05
3.5375e-05
0
0
0
0
0
0
0
0
0
0
0
0
0
0
0
0
0
0
0
0
0
0
0
0
0
0
0
0
0
0
0
0
0
0
0
0
0
0
0
0
0
0
0
0
0
0
0
0
0
0
0
0
0
0
0
0
0
0
0
8.6034e-06
2.1783e-05
3.1362e-05
6.2183e-05
9.8073e-05
0.00010448
7.7586e-05
4.0717e-05
6.1597e-05
7.232e-05
4.5932e-05
3.463e-05
7.4579e-06
7.5557e-06
1.1079e-05
1.4181e-05
2.1813e-05
2.7701e-05
3.5388e-05
3.1318e-05
1.7137e-05
8.4865e-06
1.324e-06
0
1.2352e-05
1.7394e-05
2.3746e-05
3.5601e-05
2.7011e-05
1.3844e-05
7.9701e-06
6.4048e-06
1.1757e-05
8.1529e-06
1.0653e-05
4.3273e-05
5.5611e-05
7.4012e-05
8.8825e-05
6.6521e-05
4.4718e-05
3.5375e-05
0
0
0
0
0
0
0
0
0
0
0
0
0
0
0
0
0
0
0
0
0
0
0
0
0
0
0
0
0
0
0
0
0
0
0
0
0
0
0
0
0
0
0
0
0
0
0
0
0
0
0
0
0
0
0
0
0
0
1.3293e-05
2.7452e-05
3.5412e-05
3.3437e-05
7.1604e-05
9.8624e-05
0.00013256
0.00013883
0.00013437
0.00011622
8.9483e-05
0.00011282
0.00015978
0.00014021
2.1706e-05
9.3991e-06
1.5044e-05
1.4661e-05
2.2756e-05
3.3705e-05
3.0105e-05
3.5766e-05
2.6789e-05
1.4343e-05
1.1516e-05
1.0898e-05
3.0257e-05
4.0262e-05
3.3921e-05
2.4317e-05
1.4069e-05
1.6867e-06
8.0915e-06
1.4591e-05
1.4591e-05
1.1627e-05
4.4354e-05
4.6834e-05
6.7646e-05
7.4441e-05
6.0155e-05
4.2828e-05
3.5375e-05
0
0
0
0
0
0
0
0
0
0
0
0
0
0
0
0
0
0
0
0
0
0
0
0
0
0
0
0
0
0
0
0
0
0
0
0
0
0
0
0
0
0
0
0
0
0
0
0
0
0
0
0
0
0
0
0
0
0
2.1011e-05
3.4746e-05
3.8835e-05
3.2601e-05
8.1655e-06
4.1634e-05
0.00011813
0.00015305
0.00015737
0.00016974
0.00012949
0.00020059
0.00018786
0.00016192
0.00012344
8.5248e-06
2.6644e-06
0
7.8775e-06
1.5759e-05
1.9333e-05
2.6311e-05
2.174e-05
1.8136e-05
2.3181e-05
2.0567e-05
2.5147e-05
5.184e-05
3.1867e-05
2.912e-05
1.5813e-05
7.0342e-06
1.2279e-05
2.197e-05
1.179e-05
6.326e-06
3.201e-05
3.8683e-05
5.6495e-05
6.4684e-05
6.0155e-05
3.6067e-05
3.5375e-05
0
0
0
0
0
0
0
0
0
0
0
0
0
0
0
0
0
0
0
0
0
0
0
0
0
0
0
0
0
0
0
0
0
0
0
0
0
0
0
0
0
0
0
0
0
0
0
0
0
0
0
0
0
0
0
0
0
1.6936e-06
8.1128e-06
1.7625e-05
1.967e-05
9.481e-06
2.2943e-05
3.2408e-05
7.5139e-05
0.00013409
0.00016599
0.00015401
0.00011913
0.0001207
0.00019902
0.00016114
4.156e-05
1.4289e-05
1.6442e-05
3.1622e-05
3.3762e-05
1.8538e-05
1.4164e-05
2.2592e-05
2.6773e-05
1.9386e-05
2.19e-05
2.7845e-05
2.8718e-05
2.7475e-05
2.5877e-05
2.465e-05
1.0388e-05
2.7472e-05
3.7833e-05
3.0348e-05
2.1399e-05
9.1598e-06
3.201e-05
4.0858e-05
4.8672e-05
5.7732e-05
5.2884e-05
3.5375e-05
3.5375e-05
0
0
0
0
0
0
0
0
0
0
0
0
0
0
0
0
0
0
0
0
0
0
0
0
0
0
0
0
0
0
0
0
0
0
0
0
0
0
0
0
0
0
0
0
0
0
0
0
0
0
0
0
0
0
0
0
0
0
6.1129e-06
0
0
3.1985e-06
1.224e-05
1.9818e-05
4.0629e-05
7.5576e-05
0.00011304
0.00015061
0.0001628
0.00016063
0.00012739
9.9219e-05
7.854e-05
4.8263e-05
5.701e-05
4.7164e-05
4.9301e-05
8.2934e-05
7.2282e-05
5.1372e-05
3.6424e-05
2.0735e-05
1.7965e-05
2.166e-05
2.8563e-05
2.7856e-05
1.655e-05
1.464e-05
1.6487e-05
3.6743e-05
3.7833e-05
3.4595e-05
2.8655e-05
9.1598e-06
2.108e-05
4.4134e-05
5.092e-05
5.813e-05
5.1117e-05
3.5375e-05
3.5375e-05
0
0
0
0
0
0
0
0
0
0
0
0
0
0
0
0
0
0
0
0
0
0
0
0
0
0
0
0
0
0
0
0
0
0
0
0
0
0
0
0
0
0
0
0
0
0
0
0
0
0
0
0
0
0
0
0
0
6.1129e-06
6.1129e-06
6.1129e-06
6.1129e-06
0
3.1516e-06
8.3152e-06
3.8578e-05
5.7514e-05
0.0001224
0.00015211
0.00013304
0.00012056
9.7658e-05
9.4704e-05
9.8216e-05
7.7216e-05
8.351e-05
7.9458e-05
5.0967e-05
7.8903e-05
7.5728e-05
6.706e-05
5.6612e-05
1.4532e-05
2.0086e-05
2.2156e-05
2.6848e-05
1.7706e-05
1.1679e-05
5.7376e-06
1.4045e-05
3.8989e-05
4.5407e-05
4.6064e-05
2.5532e-05
9.1598e-06
2.364e-05
4.1393e-05
5.012e-05
5.8627e-05
5.8585e-05
3.5375e-05
3.5375e-05
0
0
0
0
0
0
0
0
0
0
0
0
0
0
0
0
0
0
0
0
0
0
0
0
0
0
0
0
0
0
0
0
0
0
0
0
0
0
0
0
0
0
0
0
0
0
0
0
0
0
0
0
0
0
0
0
0
0
6.1129e-06
0
0
4.4262e-06
1.9524e-05
6.8869e-05
9.0152e-05
0.00011182
0.00012027
8.3374e-05
8.3399e-05
5.0036e-05
5.2055e-05
4.918e-05
6.5906e-05
5.6205e-05
5.6207e-05
2.9373e-05
2.2523e-05
4.2535e-05
5.8321e-05
6.7007e-05
4.2032e-05
1.6996e-05
3.4105e-05
4.2178e-05
3.9485e-05
2.0101e-05
8.525e-06
1.7436e-06
1.6359e-05
3.7935e-05
5.4517e-05
5.2276e-05
3.1548e-05
3.8077e-06
2.364e-05
3.5405e-05
3.9305e-05
6.5556e-05
5.8585e-05
3.5375e-05
3.5375e-05
0
0
0
0
0
0
0
0
0
0
0
0
0
0
0
0
0
0
0
0
0
0
0
0
0
0
0
0
0
0
0
0
0
0
0
0
0
0
0
0
0
0
0
0
0
0
0
0
0
0
0
0
0
0
0
0
0
0
0
0
1.4389e-05
1.4389e-05
2.6782e-05
8.7023e-05
9.9902e-05
0.00011687
7.8261e-05
3.8413e-05
2.2411e-05
1.7214e-05
1.2922e-05
4.1412e-05
4.5905e-05
4.2828e-05
3.7395e-05
5.8678e-05
4.2515e-05
2.8003e-05
3.1915e-05
2.6207e-05
1.5596e-05
3.3262e-05
4.6928e-05
4.3558e-05
4.0027e-05
2.6504e-05
5.7337e-06
0
1.5305e-05
4.311e-05
5.0913e-05
4.9361e-05
2.5231e-05
0
2.2889e-05
3.5405e-05
4.1727e-05
6.5556e-05
5.8585e-05
3.5375e-05
3.5375e-05
