0
0
0
0
0
0
0
0
0
0
0
0
0
0
0
0
0
0
0
0
0
0
0
0
0
0
0
0
0
0
0
0
0
0
0
0
0
0
0
0
0
0
0
0
0
0.00050765
0.00075952
0.0011395
0.00087473
0.00068126
0.00044629
0.00089872
0.0011624
0.0021825
0.0024534
0.0029038
0.0035762
0.0045082
0.0042362
0.0040491
0.0048942
0.004618
0.0047999
0.0053411
0.0055259
0.0050024
0.0037016
0.0031544
0.0033405
0.0042277
0.0038353
0.0040086
0.0034723
0.0034441
0.0037676
0.0030245
0.002618
0.0018411
0.0021063
0.0026351
0.0031526
0.0033206
0.0024437
0.0035656
0.0036679
0.0047974
0.0063722
0.0061545
0.0047868
0.0038969
0.0035326
0.0030558
0.0030349
0.0033647
0.0034559
0.0045239
0.0046621
0.0043022
0.0042865
0.0043128
0.0048097
0
0
0
0
0
0
0
0
0
0
0
0
0
0
0
0
0
0
0
0
0
0
0
0
0
0
0
0
0
0
0
0
0
0
0
0
0
0
0
0
0
0
0
0
0.00012727
0.00045859
0.0014314
0.0020837
0.0019069
0.0023856
0.001754
0.002533
0.0025063
0.0024218
0.0030696
0.0040652
0.0038188
0.0044855
0.0030604
0.0033209
0.0031701
0.00334
0.0032664
0.0035555
0.0036594
0.0042919
0.0040311
0.0035826
0.0041076
0.0047569
0.0043596
0.004378
0.0029043
0.0036287
0.0040306
0.0040897
0.0027728
0.0026083
0.0025867
0.0033943
0.0037093
0.0030705
0.0028822
0.0027541
0.0038519
0.0048467
0.0060894
0.0050721
0.0046996
0.0041398
0.0038296
0.0034273
0.0033574
0.0034888
0.0033784
0.0046367
0.0046059
0.0042776
0.0043291
0.0041586
0.0048097
0
0
0
0
0
0
0
0
0
0
0
0
0
0
0
0
0
0
0
0
0
0
0
0
0
0
0
0
0
0
0
0
0
0
0
0
0
0
0
0
0
0
0
0
0
0.00044104
0.00068134
0.0017519
0.0024335
0.0028505
0.0028252
0.0031671
0.00322
0.0035051
0.0025537
0.0030892
0.0036243
0.004295
0.0040467
0.0036895
0.0037504
0.0039844
0.0044478
0.0038355
0.0038736
0.0039637
0.0037186
0.0033584
0.0041483
0.0045242
0.004329
0.0041091
0.0035402
0.0029186
0.0037252
0.0036745
0.003368
0.0038873
0.0035925
0.0037536
0.003446
0.0029261
0.0022804
0.002567
0.0025163
0.0044273
0.0053574
0.005749
0.0054357
0.0041949
0.0037528
0.0035835
0.0037348
0.0034678
0.0033537
0.0044115
0.0046055
0.0040517
0.0044683
0.0041496
0.0048097
0
0
0
0
0
0
0
0
0
0
0
0
0
0
0
0
0
0
0
0
0
0
0
0
0
0
0
0
0
0
0
0
0
0
0
0
0
0
0
0
0
0
0
0
0
0
0.00020668
0.00062844
0.0011641
0.0014235
0.001943
0.0018584
0.0025069
0.0026726
0.0019345
0.0028508
0.0040643
0.0047791
0.0048197
0.0043528
0.0034679
0.0039062
0.0047383
0.0051009
0.0037724
0.003822
0.0032042
0.0028575
0.0033783
0.0029598
0.0040576
0.0044649
0.0039319
0.0039084
0.0038754
0.0033122
0.003898
0.0042851
0.003999
0.003907
0.0037741
0.0034344
0.003042
0.0027347
0.0029735
0.0034415
0.0047865
0.0051119
0.0049416
0.0045981
0.0033793
0.0035903
0.0038107
0.0029849
0.003328
0.0039577
0.0042426
0.0038947
0.0043386
0.0037995
0.0048097
0
0
0
0
0
0
0
0
0
0
0
0
0
0
0
0
0
0
0
0
0
0
0
0
0
0
0
0
0
0
0
0
0
0
0
0
0
0
0
0
0
0
0
0
0
0
0
0
0.00022422
0.00030753
0.00046443
0.00029769
0.00036162
0.00051622
0.0013478
0.0021604
0.0031185
0.0032202
0.0030515
0.0027224
0.0023679
0.0025737
0.0027442
0.0031465
0.0029877
0.0038732
0.0035235
0.0035365
0.0032587
0.0032128
0.0038733
0.0050266
0.0047831
0.0038443
0.0033608
0.0033677
0.0045809
0.0047887
0.003673
0.0037234
0.0036324
0.0034448
0.0031547
0.0031333
0.0034984
0.0038089
0.0042599
0.0043542
0.0042714
0.0040695
0.003749
0.0037522
0.0039418
0.003263
0.0031746
0.0037158
0.0039931
0.0036718
0.0044026
0.0037977
0.0048097
0
0
0
0
0
0
0
0
0
0
0
0
0
0
0
0
0
0
0
0
0
0
0
0
0
0
0
0
0
0
0
0
0
0
0
0
0
0
0
0
0
0
0
0
0
0
0
0
0
0
0
0.00047883
0.00063015
0.00096941
0.0013328
0.0012925
0.0022113
0.0024033
0.003011
0.0030433
0.0028495
0.0032823
0.0033018
0.0035899
0.0032703
0.0031471
0.0034382
0.0037499
0.0038539
0.0039646
0.0041571
0.0046954
0.0045195
0.0042252
0.0040911
0.0045787
0.0048682
0.005329
0.0047381
0.0037554
0.0036716
0.0037901
0.0033805
0.003698
0.0032896
0.0031784
0.0043822
0.0041145
0.0042578
0.0042442
0.0038795
0.0039364
0.0038864
0.0033184
0.0031111
0.0034665
0.0036976
0.0038372
0.0040811
0.0037785
0.0048097
0
0
0
0
0
0
0
0
0
0
0
0
0
0
0
0
0
0
0
0
0
0
0
0
0
0
0
0
0
0
0
0
0
0
0
0
0
0
0
0
0
0
0
0
0
0
0
0
0
0
0
0.00029481
0.00072815
0.0011909
0.001645
0.0016539
0.0021994
0.0025844
0.0030206
0.003084
0.0032383
0.0041268
0.0039326
0.0041248
0.0026471
0.002302
0.0026966
0.0035472
0.0033131
0.0033426
0.0045153
0.0044967
0.0041947
0.0037879
0.0036055
0.0053355
0.0058007
0.0057043
0.0044144
0.003741
0.0032359
0.0047017
0.0045963
0.0047011
0.0028328
0.00307
0.0039258
0.0042797
0.0046982
0.0037911
0.0041166
0.003598
0.0037672
0.0032218
0.002463
0.003033
0.0035837
0.0034519
0.0040052
0.0038141
0.0048097
0
0
0
0
0
0
0
0
0
0
0
0
0
0
0
0
0
0
0
0
0
0
0
0
0
0
0
0
0
0
0
0
0
0
0
0
0
0
0
0
0
0
0
0
0
0
0
0
0
0
0
0.00013124
0.00026867
0.00093977
0.0019667
0.0026196
0.0024145
0.0023752
0.0017262
0.0021783
0.0030477
0.0031708
0.0033239
0.0033994
0.0024087
0.0023417
0.0021413
0.0020779
0.0030217
0.0036658
0.0040623
0.0033326
0.0038432
0.0030215
0.0039963
0.0047048
0.004749
0.0050794
0.0047247
0.004708
0.004025
0.0044416
0.0045428
0.0045118
0.0046581
0.0038578
0.0047372
0.0043254
0.004315
0.0041978
0.0045297
0.004262
0.0034953
0.0033669
0.0028937
0.0028675
0.0032689
0.0034034
0.0041522
0.0041237
0.0048097
0
0
0
0
0
0
0
0
0
0
0
0
0
0
0
0
0
0
0
0
0
0
0
0
0
0
0
0
0
0
0
0
0
0
0
0
0
0
0
0
0
0
0
0
0
0
0
0
0
0
0
4.1992e-05
0.0002094
0.00033814
0.00054572
0.0021585
0.0022736
0.0018985
0.0024555
0.0025789
0.0028046
0.0029518
0.0032586
0.0030364
0.0027021
0.0024898
0.0020623
0.0024753
0.0029764
0.0027318
0.0035047
0.0044851
0.0035379
0.0036079
0.0038786
0.0043892
0.005835
0.0048123
0.004335
0.0044979
0.0041913
0.005236
0.0046718
0.0046216
0.0041578
0.004597
0.0052003
0.0050262
0.0051902
0.0042655
0.0048378
0.0040001
0.0035334
0.0031984
0.0027838
0.0028013
0.0029427
0.003708
0.0038748
0.0040971
0.0048097
0
0
0
0
0
0
0
0
0
0
0
0
0
0
0
0
0
0
0
0
0
0
0
0
0
0
0
0
0
0
0
0
0
0
0
0
0
0
0
0
0
0
0
0
0
0
0
0
0
0
4.3046e-05
7.4277e-05
0.0003234
0.00075995
0.0011222
0.0015316
0.002012
0.0024641
0.0026958
0.0023371
0.0028324
0.0030535
0.003066
0.0029591
0.0030802
0.0034536
0.0030502
0.0030371
0.0066587
0.009857
0.010168
0.0085856
0.0035177
0.0031899
0.0038274
0.0045852
0.0047761
0.0045989
0.0044706
0.0040322
0.0037657
0.0047694
0.0050837
0.0058868
0.0056073
0.0060585
0.006221
0.0065311
0.0058525
0.0049223
0.0043792
0.0043324
0.0032127
0.0031852
0.0028673
0.0029118
0.0030233
0.0033916
0.0034199
0.0042416
0.0048097
0
0
0
0
0
0
0
0
0
0
0
0
0
0
0
0
0
0
0
0
0
0
0
0
0
0
0
0
0
0
0
0
0
0
0
0
0
0
0
0
0
0
0
0
0
0
0
0
0
0
7.5789e-05
0.00038108
0.00062338
0.00099745
0.00099646
0.0014872
0.0014423
0.0016011
0.0015942
0.0018654
0.0025316
0.0032044
0.0033509
0.0031397
0.0036154
0.0038935
0.0045202
0.0046611
0.010568
0.011301
0.01168
0.011606
0.0055034
0.0032522
0.0034714
0.0039854
0.0040083
0.003289
0.0038444
0.0046633
0.0046539
0.0045262
0.005824
0.0058667
0.0076
0.0072384
0.0070972
0.0066169
0.0051164
0.00518
0.0050784
0.0047158
0.0039418
0.0028881
0.0030768
0.0033433
0.0032621
0.0032913
0.0031553
0.0042367
0.0048097
0
0
0
0
0
0
0
0
0
0
0
0
0
0
0
0
0
0
0
0
0
0
0
0
0
0
0
0
0
0
0
0
0
0
0
0
0
0
0
0
0
0
0
0
0
0
0
0
0
0.00010037
0.00010037
0.00030656
0.00033067
0.00039415
0.00075161
0.0010656
0.0014938
0.0016108
0.001462
0.0013114
0.0021214
0.0026578
0.0025871
0.0025955
0.0030718
0.0034038
0.0038794
0.0049849
0.0054039
0.0072837
0.0074674
0.0059193
0.0056886
0.0050443
0.0046905
0.0037599
0.0029249
0.0037809
0.0044347
0.0052454
0.0054455
0.0041594
0.0051958
0.006965
0.0075523
0.0075823
0.0067028
0.0058
0.0054521
0.0057333
0.0045505
0.0047314
0.0038712
0.0033344
0.0028733
0.0031241
0.0030127
0.0031119
0.0033883
0.0041903
0.0048097
0
0
0
0
0
0
0
0
0
0
0
0
0
0
0
0
0
0
0
0
0
0
0
0
0
0
0
0
0
0
0
0
0
0
0
0
0
0
0
0
0
0
0
0
0
0
0
0
0
0.00022908
0.0002034
0.00041745
0.00075818
0.0011327
0.0019376
0.0021509
0.0021955
0.0015777
0.0016978
0.0019584
0.0023664
0.0028617
0.0029618
0.0025806
0.003024
0.0032758
0.003365
0.0040719
0.0049408
0.0053479
0.0056136
0.0050112
0.0044042
0.0041065
0.0038192
0.0035207
0.0039001
0.0037891
0.005252
0.0051504
0.0049657
0.0046717
0.0051227
0.0064122
0.0071574
0.0066815
0.0054199
0.0048668
0.0052357
0.0053387
0.0054769
0.004441
0.0041172
0.0034134
0.0031308
0.0033905
0.0031879
0.0030227
0.0034149
0.0043627
0.0048097
0
0
0
0
0
0
0
0
0
0
0
0
0
0
0
0
0
0
0
0
0
0
0
0
0
0
0
0
0
0
0
0
0
0
0
0
0
0
0
0
0
0
0
0
0
0
0
8.249e-05
0.00044611
0.0010211
0.0020661
0.0021382
0.0024002
0.0028485
0.0022889
0.0025525
0.0020569
0.0020097
0.0025097
0.0024361
0.0031147
0.002793
0.0026377
0.0029236
0.002865
0.003479
0.0031535
0.0030975
0.0039547
0.0043761
0.0046357
0.003433
0.0033774
0.0033109
0.0031624
0.0032045
0.0035919
0.0032647
0.0045625
0.0042755
0.0041311
0.0035944
0.0045596
0.0053074
0.0050804
0.0057268
0.0041724
0.0042835
0.0045551
0.0052816
0.0054968
0.0050007
0.0042886
0.0037059
0.0031421
0.003426
0.0030575
0.0030284
0.0033217
0.0042905
0.0048097
0
0
0
0
0
0
0
0
0
0
0
0
0
0
0
0
0
0
0
0
0
0
0
0
0
0
0
0
0
0
0
0
0
0
0
0
0
0
0
0
0
0
0
0
0
6.0678e-05
0.00033113
0.00052828
0.0013336
0.0016492
0.0024526
0.0026399
0.002956
0.0031129
0.0028676
0.0033874
0.0029381
0.0026203
0.0026838
0.002522
0.0020098
0.0025428
0.002593
0.0022609
0.0033114
0.0033493
0.0026812
0.0031419
0.0027366
0.0026472
0.0030528
0.0033675
0.0033058
0.0029851
0.002818
0.0029152
0.0031174
0.0030742
0.002959
0.0025384
0.003262
0.0029991
0.0030297
0.0051593
0.0052006
0.0044997
0.0042809
0.0038372
0.0040766
0.0053098
0.0050285
0.0049544
0.0040537
0.003588
0.0032203
0.0034197
0.0029841
0.0030154
0.0032419
0.0042835
0.0048097
0
0
0
0
0
0
0
0
0
0
0
0
0
0
0
0
0
0
0
0
0
0
0
0
0
0
0
0
0
0
0
0
0
0
0
0
0
0
0
0
0
0
0
0
0
5.4031e-05
0.00016672
0.0007852
0.0011294
0.0014447
0.0010985
0.0010905
0.0015724
0.0026705
0.0030395
0.0033855
0.002816
0.0030492
0.0027596
0.0030489
0.0031138
0.0029247
0.0031606
0.0033867
0.002936
0.0035044
0.003706
0.0035672
0.0033272
0.0033093
0.0033862
0.0029628
0.0028807
0.0036728
0.00363
0.0030644
0.0029394
0.0027481
0.0025963
0.0023486
0.0022439
0.0028354
0.0038144
0.0042399
0.0047963
0.0043218
0.0040664
0.0033044
0.0037098
0.0046137
0.0048049
0.0041312
0.0040047
0.0033892
0.0031696
0.0033286
0.002715
0.0031454
0.0032316
0.0043914
0.0048097
0
0
0
0
0
0
0
0
0
0
0
0
0
0
0
0
0
0
0
0
0
0
0
0
0
0
0
0
0
0
0
0
0
0
0
0
0
0
0
0
0
0
0
0
0
3.6218e-05
0.00016583
0.0002932
0.00056482
0.00082215
0.0010467
0.0012436
0.0010393
0.0013783
0.0016725
0.0014162
0.0012744
0.0012964
0.0019024
0.0023185
0.0028168
0.0029532
0.0025496
0.0025699
0.0028318
0.0042416
0.0046729
0.0044905
0.0035236
0.0036337
0.0036669
0.0034642
0.0031356
0.003202
0.0031793
0.0036843
0.0038571
0.0034813
0.0039228
0.0027204
0.0028321
0.0026299
0.0036884
0.0046876
0.0043685
0.0046834
0.0041804
0.0030483
0.0037794
0.0042446
0.0038245
0.0042291
0.0034327
0.0031593
0.0030095
0.0032509
0.0030569
0.0030486
0.0033496
0.0044064
0.0048097
0
0
0
0
0
0
0
0
0
0
0
0
0
0
0
0
0
0
0
0
0
0
0
0
0
0
0
0
0
0
0
0
0
0
0
0
0
0
0
0
0
0
0
0
0
0.00011178
0.00037434
0.00049304
0.00074744
0.0011036
0.0013061
0.0012805
0.001812
0.0018045
0.0014495
0.0014107
0.0016331
0.0015466
0.0023486
0.0028608
0.0027978
0.002781
0.0029489
0.00309
0.0038024
0.004796
0.0046771
0.0038992
0.0027841
0.0033517
0.0029905
0.0040301
0.0043587
0.0038651
0.0038732
0.0035911
0.0035389
0.0038312
0.0043017
0.0035815
0.0031491
0.0030399
0.0035799
0.0050312
0.0051645
0.004727
0.0038897
0.0030838
0.0028315
0.0033445
0.0038226
0.004182
0.0031456
0.003356
0.00334
0.0034392
0.0030469
0.0029667
0.0031586
0.0043226
0.0048097
0
0
0
0
0
0
0
0
0
0
0
0
0
0
0
0
0
0
0
0
0
0
0
0
0
0
0
0
0
0
0
0
0
0
0
0
0
0
0
0
0
0
0
0
0
7.5562e-05
0.00024511
0.00059918
0.00075017
0.0010561
0.0011677
0.0018942
0.0023557
0.0032432
0.0031795
0.0025633
0.0030924
0.0038157
0.0035839
0.0037045
0.0040357
0.0035106
0.0029446
0.0038703
0.0045188
0.0041348
0.0040589
0.0039421
0.0093118
0.031827
0.021505
0.004885
0.0045502
0.0046244
0.0034452
0.003364
0.0035399
0.0041659
0.0039739
0.0035497
0.0031475
0.0040163
0.0041399
0.0043677
0.0052627
0.0046323
0.0037151
0.0028204
0.0028593
0.0032283
0.0040003
0.0036464
0.0027108
0.0033587
0.0035076
0.0031431
0.002801
0.0027781
0.0032139
0.0043525
0.0048097
0
0
0
0
0
0
0
0
0
0
0
0
0
0
0
0
0
0
0
0
0
0
0
0
0
0
0
0
0
0
0
0
0
0
0
0
0
0
0
0
0
0
7.9203e-05
7.9203e-05
0.00017963
0.00040687
0.00094853
0.00087473
0.00178
0.0017905
0.0017736
0.0021052
0.0023508
0.0029836
0.0035422
0.0034843
0.0039639
0.0042966
0.0043971
0.0041274
0.0041238
0.0040097
0.0042132
0.0041005
0.0039317
0.0038283
0.0033253
0.015227
0.049779
0.060867
0.061878
0.049262
0.015171
0.0046033
0.0038594
0.0042568
0.0047791
0.0040499
0.003755
0.0038092
0.003538
0.0033619
0.0038025
0.0039791
0.0046704
0.0045489
0.0035901
0.0027259
0.0031214
0.0033353
0.0036916
0.0038786
0.0027522
0.0033619
0.0029854
0.0032901
0.0031146
0.0025959
0.0030809
0.0043525
0.0048097
0
0
0
0
0
0
0
0
0
0
0
0
0
0
0
0
0
0
0
0
0
0
0
0
0
0
0
0
0
0
0
0
0
0
0
0
0
0
0
0
0
0
0.00011695
0.00018366
0.00064735
0.00093211
0.0014057
0.0020875
0.0025205
0.0027004
0.0027067
0.0028066
0.0032284
0.0038617
0.005013
0.005948
0.0051969
0.0046835
0.003422
0.0039562
0.0048347
0.0052405
0.0052244
0.0048847
0.0052042
0.0043912
0.0037385
0.0034285
0.023605
0.060907
0.055228
0.032769
0.008547
0.0037522
0.0033525
0.0041601
0.0040799
0.0040344
0.0036593
0.0032421
0.0032333
0.0029654
0.0038611
0.0042404
0.004611
0.0044087
0.0036304
0.0023823
0.003353
0.0034594
0.0033838
0.0032739
0.0032476
0.0028568
0.0032022
0.0034063
0.0031129
0.002962
0.0029986
0.0041214
0.0048097
0
0
0
0
0
0
0
0
0
0
0
0
0
0
0
0
0
0
0
0
0
0
0
0
0
0
0
0
0
0
0
0
0
0
0
0
0
0
0
0
0
0
0.00030642
0.0017236
0.0025062
0.0035599
0.0032215
0.0023374
0.0017105
0.0021145
0.0025137
0.0033267
0.0043084
0.0056643
0.0071846
0.006597
0.0063377
0.0058613
0.006254
0.0061232
0.0051863
0.0049129
0.0043577
0.0042503
0.0046426
0.0042882
0.003461
0.0029634
0.0033397
0.0041587
0.0057441
0.0050341
0.0048777
0.0038333
0.0029721
0.0023546
0.0028835
0.0027343
0.0028505
0.0025245
0.0031559
0.0029759
0.0035833
0.0043094
0.0042953
0.0038162
0.0032578
0.0025622
0.0033616
0.0043136
0.0041515
0.0035195
0.0028787
0.0029728
0.0032302
0.0035039
0.0034007
0.0030334
0.0028073
0.0039662
0.0048097
0
0
0
0
0
0
0
0
0
0
0
0
0
0
0
0
0
0
0
0
0
0
0
0
0
0
0
0
0
0
0
0
0
0
0
0
0
0
0
0
0
0
0.00030931
0.0017211
0.0029405
0.0034021
0.0031652
0.0030518
0.0021199
0.002402
0.002949
0.0038339
0.0050655
0.0058002
0.0064791
0.0060195
0.0057495
0.0072093
0.0069251
0.0068255
0.0063545
0.0045292
0.004152
0.0043156
0.0040291
0.0039372
0.004351
0.0032498
0.0032495
0.0047922
0.0052049
0.0052986
0.0056458
0.0034584
0.0037518
0.003668
0.0028797
0.002898
0.0029311
0.0031128
0.003217
0.0037808
0.0036968
0.0040301
0.0043391
0.0032571
0.0032413
0.0030577
0.0036703
0.0041127
0.0037789
0.0034592
0.0028336
0.0031363
0.0036408
0.0037487
0.0035207
0.0031119
0.002931
0.0040289
0.0048097
0
0
0
0
0
0
0
0
0
0
0
0
0
0
0
0
0
0
0
0
0
0
0
0
0
0
0
0
0
0
0
0
0
0
0
0
0
0
0
0
0
0.00020201
0.00057856
0.00098717
0.0013532
0.0011045
0.0023156
0.00263
0.0026283
0.003901
0.0039634
0.0056626
0.007023
0.0061904
0.0061825
0.0068495
0.0068458
0.0072363
0.006353
0.0064697
0.005552
0.0037034
0.0036836
0.0036666
0.0039751
0.0052611
0.0040312
0.0038321
0.0035102
0.0038305
0.0048451
0.0056204
0.0049349
0.0052074
0.0040528
0.003649
0.0036483
0.0036466
0.0030948
0.0035164
0.0034647
0.0040134
0.0037406
0.0042225
0.0041701
0.0035918
0.0034598
0.0035418
0.0041013
0.00417
0.0041866
0.0030355
0.0028041
0.0033448
0.0036542
0.003426
0.0037761
0.0033974
0.0026189
0.0040669
0.0048097
0
0
0
0
0
0
0
0
0
0
0
0
0
0
0
0
0
0
0
0
0
0
0
0
0
0
0
0
0
0
0
0
0
0
0
0
0
0
0
0
0
0.0001218
0.00075729
0.0012533
0.0016162
0.0017957
0.0022521
0.0026335
0.0036798
0.0026277
0.0040093
0.0053107
0.0048763
0.006206
0.006317
0.0060149
0.0059406
0.0050894
0.0049306
0.004519
0.004185
0.0038673
0.0029778
0.0031992
0.0035812
0.0037053
0.0036886
0.0040874
0.0042022
0.0038532
0.004626
0.0050097
0.0053634
0.0047254
0.0041762
0.00398
0.0040334
0.0037612
0.0037908
0.0032117
0.0035409
0.0039446
0.0043021
0.0044182
0.0038033
0.0039992
0.0034986
0.0040685
0.0046679
0.004424
0.0034388
0.003027
0.0026755
0.0032186
0.0041983
0.0038313
0.0038847
0.0031659
0.0026567
0.0041873
0.0048097
0
0
0
0
0
0
0
0
0
0
0
0
0
0
0
0
0
0
0
0
0
0
0
0
0
0
0
0
0
0
0
0
0
0
0
0
0
0
0
0
0
0
5.3508e-05
0.0003641
0.00056024
0.0014062
0.0023345
0.0027768
0.003664
0.0029124
0.0028641
0.0028995
0.0038047
0.0047443
0.0052151
0.005884
0.0047857
0.0042517
0.0045501
0.0044721
0.0042157
0.0037935
0.0029709
0.0031857
0.0029604
0.0039529
0.0043438
0.0041737
0.0043638
0.0042594
0.0037131
0.0044514
0.0042394
0.0038051
0.0039633
0.0040686
0.003832
0.0045356
0.0037295
0.0036327
0.0031017
0.0036397
0.0039011
0.0039502
0.0040901
0.0042081
0.0047514
0.00422
0.0047608
0.0041322
0.0034202
0.0031252
0.0027923
0.0037974
0.0050253
0.0045393
0.0038767
0.0032667
0.0028939
0.0041458
0.0048097
0
0
0
0
0
0
0
0
0
0
0
0
0
0
0
0
0
0
0
0
0
0
0
0
0
0
0
0
0
0
0
0
0
0
0
0
0
0
0
0
0
8.276e-05
8.276e-05
0.00072861
0.0011469
0.0020249
0.0035854
0.003867
0.003537
0.0035407
0.0037254
0.0033108
0.0037077
0.004569
0.0045549
0.0041026
0.0030045
0.0030042
0.0036282
0.0039147
0.003817
0.0038413
0.0037668
0.0039114
0.0047019
0.0047378
0.0045289
0.0055118
0.0057902
0.0051747
0.0050725
0.0042347
0.0031223
0.0033082
0.0037829
0.0040466
0.0049947
0.0049623
0.0039762
0.0036263
0.0030848
0.003457
0.0047675
0.0045979
0.005494
0.0048515
0.0048976
0.0050476
0.0042175
0.0042392
0.0033673
0.0029323
0.0028161
0.0041322
0.0053809
0.0049318
0.003586
0.0035275
0.0029086
0.0040742
0.0048097
0
0
0
0
0
0
0
0
0
0
0
0
0
0
0
0
0
0
0
0
0
0
0
0
0
0
0
0
0
0
0
0
0
0
0
0
0
0
0
0
0
0.00027222
0.0012669
0.0019451
0.0027742
0.0031702
0.0030644
0.003544
0.0042358
0.0038589
0.0039005
0.0036674
0.0038121
0.0052565
0.0054242
0.0049377
0.0043407
0.0038151
0.0044902
0.005341
0.0055962
0.0044746
0.0045418
0.0043577
0.0040385
0.0055878
0.0053975
0.005885
0.0061897
0.0067855
0.0055108
0.0038096
0.0029341
0.0028954
0.0032156
0.0033969
0.0039325
0.0040976
0.0041351
0.0033733
0.0031477
0.0041233
0.0049379
0.0054328
0.0056332
0.0047088
0.0043904
0.0046633
0.0045815
0.004089
0.0033374
0.002698
0.0033568
0.0040758
0.0050783
0.0045296
0.0041859
0.0036219
0.0031143
0.0040116
0.0048097
0
0
0
0
0
0
0
0
0
0
0
0
0
0
0
0
0
0
0
0
0
0
0
0
0
0
0
0
0
0
0
0
0
0
0
0
0
0
0
0
0
0.00019025
0.00087212
0.001567
0.0024467
0.0021678
0.0023118
0.0030522
0.0038279
0.0044611
0.0034984
0.0032594
0.0036678
0.0054202
0.006508
0.0071179
0.0075777
0.0066057
0.0054498
0.005802
0.0063659
0.0062929
0.0050006
0.0041208
0.0044988
0.0043686
0.004129
0.0050402
0.0049033
0.004652
0.004507
0.0041477
0.0045967
0.0045838
0.004277
0.0041988
0.0035679
0.0042066
0.0043355
0.0030481
0.0035917
0.0043559
0.005531
0.0060859
0.0053535
0.0048756
0.0046495
0.0046533
0.0041551
0.0039282
0.0036357
0.0031918
0.0042806
0.0040727
0.0046364
0.0040967
0.0038435
0.003538
0.0031609
0.0040477
0.0048097
0
0
0
0
0
0
0
0
0
0
0
0
0
0
0
0
0
0
0
0
0
0
0
0
0
0
0
0
0
0
0
0
0
0
0
0
0
0
0
0
0.00035293
0.00062545
0.0012206
0.0021157
0.0023398
0.0036515
0.0037237
0.0041436
0.0037649
0.0044179
0.0047699
0.0047614
0.0057412
0.0057745
0.0066329
0.0073915
0.0071599
0.0057887
0.0038923
0.0041515
0.0052865
0.0069673
0.0065185
0.0063612
0.004369
0.0028005
0.0036325
0.0031349
0.0041861
0.0046811
0.0042306
0.0052599
0.0059335
0.0060685
0.0055077
0.004763
0.004098
0.0041012
0.0038366
0.0033371
0.0037654
0.0040264
0.0049967
0.0060624
0.0049665
0.0046558
0.0044111
0.0042895
0.0034355
0.00347
0.0043295
0.0034291
0.0043953
0.0045336
0.0043361
0.0040396
0.0036178
0.0035765
0.0032425
0.0040574
0.0048097
0
0
0
0
0
0
0
0
0
0
0
0
0
0
0
0
0
0
0
0
0
0
0
0
0
0
0
0
0
0
0
0
0
0
0
0
0
0
0
0
0.00026579
0.0013921
0.0020269
0.0024998
0.0029476
0.0045987
0.0057222
0.0057525
0.0056589
0.0056515
0.0057639
0.0065478
0.0069568
0.0080666
0.0087694
0.0078244
0.0069262
0.0055841
0.0050812
0.0051582
0.0051007
0.0066752
0.0060928
0.0060964
0.0048697
0.0036607
0.0035578
0.0047352
0.0056239
0.0058383
0.0046816
0.0051295
0.0047131
0.0058992
0.0056678
0.0049765
0.0042819
0.0042036
0.0036153
0.0031349
0.0028201
0.0037
0.0048638
0.004585
0.0044494
0.0039713
0.0037258
0.0039667
0.0038573
0.0032496
0.0036429
0.0040929
0.00444
0.0043184
0.0045057
0.0043866
0.003559
0.003571
0.003196
0.0043636
0.0048097
0
0
0
0
0
0
0
0
0
0
0
0
0
0
0
0
0
0
0
0
0
0
0
0
0
0
0
0
0
0
0
0
0
0
0
0
0
0
0
0
0.00015485
0.00039052
0.0010733
0.0027118
0.0041643
0.0056104
0.0072163
0.0076264
0.0076828
0.0068926
0.0064672
0.0066097
0.0065615
0.0076964
0.0074301
0.008028
0.0070019
0.0060841
0.0064348
0.0060411
0.0053699
0.0046334
0.0054501
0.0065572
0.006069
0.0060817
0.005063
0.0052403
0.0048231
0.0050338
0.0056993
0.0052239
0.0058127
0.0055829
0.0054434
0.0044684
0.0037402
0.0034181
0.0032708
0.0031896
0.0030227
0.0029629
0.0039732
0.0039191
0.0033773
0.0035985
0.0031413
0.003544
0.003993
0.0036993
0.0035265
0.0041918
0.0043832
0.0042842
0.0045616
0.004361
0.0033713
0.003699
0.0036635
0.0043247
0.0048097
0
0
0
0
0
0
0
0
0
0
0
0
0
0
0
0
0
0
0
0
0
0
0
0
0
0
0
0
0
0
0
0
0
0
0
0
0
0
0
0
0
0.00038797
0.0014257
0.0027445
0.0057217
0.0085274
0.010204
0.009829
0.0094274
0.0095388
0.0090414
0.0087145
0.0075161
0.0082817
0.0074978
0.0078884
0.0077506
0.0066975
0.0071978
0.0053232
0.0050772
0.0052337
0.0053572
0.0062084
0.006644
0.0063896
0.0046381
0.0046145
0.0053239
0.0050586
0.0039676
0.0048923
0.0059969
0.0056801
0.0057097
0.0042935
0.0035723
0.004139
0.0042413
0.0042118
0.0044637
0.0034162
0.0035393
0.0029672
0.0029814
0.0028431
0.0029474
0.0029095
0.0036755
0.0032824
0.003587
0.0036504
0.0046103
0.0048375
0.0049084
0.0049889
0.0033476
0.0035609
0.0036774
0.0042845
0.0048097
0
0
0
0
0
0
0
0
0
0
0
0
0
0
0
0
0
0
0
0
0
0
0
0
0
0
0
0
0
0
0
0
0
0
0
0
0
0
0
0
0.00037176
0.00082506
0.0016992
0.0027341
0.0061841
0.009016
0.010185
0.010348
0.0086507
0.0091002
0.0089586
0.0093653
0.0090065
0.0081175
0.0072534
0.0079727
0.007748
0.0083863
0.0070771
0.0060946
0.0054393
0.0050929
0.0064127
0.006783
0.0063001
0.004912
0.0050355
0.0061698
0.0066801
0.0075777
0.0061928
0.0057191
0.0046595
0.0049417
0.003684
0.003352
0.0040692
0.0047906
0.0052187
0.0047689
0.0048044
0.0040411
0.0037582
0.0032099
0.0027608
0.0030874
0.003141
0.0031955
0.003036
0.0033872
0.0038035
0.003953
0.0046834
0.0053364
0.0045851
0.004878
0.0032643
0.0032921
0.0039724
0.0044073
0.0048097
0
0
0
0
0
0
0
0
0
0
0
0
0
0
0
0
0
0
0
0
0
0
0
0
0
0
0
0
0
0
0
0
0
0
0
0
0
0
0
0.00032931
0.00080659
0.0021876
0.0028846
0.0032047
0.0044774
0.0057875
0.0083
0.0083663
0.009973
0.010322
0.010149
0.011011
0.010082
0.0090023
0.0079913
0.011085
0.01119
0.010358
0.010578
0.0068412
0.0057192
0.0064712
0.0064496
0.0075668
0.0074757
0.0069068
0.0067973
0.006649
0.0081136
0.007347
0.0061105
0.0062176
0.0056056
0.004749
0.0036867
0.0038585
0.0047162
0.0043614
0.0051184
0.0039431
0.0039818
0.0037241
0.0032791
0.0029277
0.0036776
0.0033953
0.0037472
0.003624
0.0028786
0.0036898
0.003856
0.0040366
0.004813
0.0047532
0.0048922
0.0048271
0.0032151
0.0033851
0.0041256
0.0042008
0.0048097
0
0
0
0
0
0
0
0
0
0
0
0
0
0
0
0
0
0
0
0
0
0
0
0
0
0
0
0
0
0
0
0
0
0
0
0
0
0
0
0.00058008
0.00094784
0.0021852
0.0032481
0.0039182
0.0045244
0.0047896
0.005206
0.0069768
0.0086087
0.0094453
0.01071
0.012469
0.011492
0.011426
0.010725
0.013636
0.01554
0.016728
0.015285
0.012061
0.0095059
0.0080013
0.0082971
0.0076038
0.010567
0.01158
0.0095918
0.0059561
0.0064503
0.00604
0.0064142
0.0046316
0.0045028
0.0057641
0.0047139
0.0043135
0.0049355
0.0043233
0.0052406
0.0052333
0.0048696
0.003804
0.0035071
0.0033413
0.0040973
0.0038753
0.003709
0.0038017
0.0033247
0.0036561
0.0041506
0.0045854
0.0047952
0.0048718
0.0040417
0.0041829
0.0028975
0.0033628
0.0042072
0.004388
0.0048097
0
0
0
0
0
0
0
0
0
0
0
0
0
0
0
0
0
0
0
0
0
0
0
0
0
0
0
0
0
0
0
0
0
0
0
0
0
0
0.00016902
0.00063859
0.0012008
0.0023528
0.0035334
0.0045889
0.0052379
0.0051069
0.0061899
0.010851
0.010679
0.012592
0.011896
0.013042
0.013687
0.013434
0.014375
0.015269
0.016005
0.016644
0.013443
0.013138
0.010304
0.0084371
0.0096885
0.011313
0.01406
0.012543
0.011072
0.0091746
0.0065702
0.0047696
0.0047501
0.0040311
0.0048082
0.0051749
0.0049472
0.0049159
0.0048701
0.0048219
0.0053953
0.0054717
0.0051495
0.0046931
0.004203
0.0032143
0.0037295
0.0037089
0.0042248
0.0038831
0.0040415
0.004019
0.0040457
0.0045525
0.0051254
0.0049355
0.004117
0.0044455
0.0028767
0.0031745
0.0042101
0.0043995
0.0048097
0
0
0
0
0
0
0
0
0
0
0
0
0
0
0
0
0
0
0
0
0
0
0
0
0
0
0
0
0
0
0
0
0
0
0
0
0
0
0.00033889
0.00082371
0.0018209
0.0032471
0.0043108
0.0060532
0.0060162
0.0065176
0.010745
0.014862
0.018907
0.020401
0.015276
0.014202
0.013426
0.015937
0.0161
0.016691
0.014645
0.012947
0.012837
0.010861
0.0099137
0.010269
0.009879
0.010489
0.01189
0.014388
0.010215
0.0060465
0.0058966
0.0052595
0.0054451
0.0043431
0.0050768
0.0055902
0.0050527
0.0046062
0.0048212
0.0044866
0.0053951
0.0051204
0.0047978
0.0049647
0.0038832
0.0038165
0.0039914
0.0037717
0.0043029
0.0037085
0.0041283
0.0043509
0.0044161
0.0049448
0.0051805
0.0050069
0.0046301
0.0043298
0.0031816
0.0033299
0.0043207
0.004511
0.0048097
0
0
0
0
0
0
0
0
0
0
0
0
0
0
0
0
0
0
0
0
0
0
0
0
0
0
0
0
0
0
0
0
0
0
0
0
0
0
0.00023119
0.001682
0.0033881
0.0046476
0.0054856
0.0078174
0.01237
0.017105
0.02262
0.030184
0.035823
0.045927
0.045689
0.03866
0.028198
0.018073
0.015211
0.014889
0.018273
0.024444
0.025435
0.028613
0.022898
0.015065
0.012708
0.0096494
0.0092892
0.007675
0.0063414
0.0065501
0.0040004
0.0036222
0.0045132
0.0053345
0.0061848
0.0065104
0.0057433
0.0058615
0.0047978
0.0037473
0.0034897
0.002879
0.0036231
0.0039763
0.0045484
0.0039519
0.0037864
0.0034325
0.003587
0.0040359
0.0039247
0.0045914
0.0049805
0.0055912
0.0059225
0.0054493
0.0049076
0.003853
0.0031927
0.0031428
0.0043822
0.0045685
0.0048097
0
0
0
0
0
0
0
0
0
0
0
0
0
0
0
0
0
0
0
0
0
0
0
0
0
0
0
0
0
0
0
0
0
0
0
0
0
0
0.00053796
0.0059964
0.011186
0.014875
0.014836
0.016521
0.021573
0.030895
0.036546
0.038161
0.049219
0.059128
0.055758
0.045998
0.030694
0.024698
0.028557
0.03206
0.031921
0.036649
0.04571
0.057312
0.066813
0.060102
0.040267
0.024914
0.010875
0.0075525
0.0070082
0.0053604
0.0046127
0.0046661
0.005483
0.0054487
0.0057655
0.0059475
0.0054239
0.004822
0.0044025
0.0033281
0.0029417
0.0033528
0.0032819
0.0044836
0.0043198
0.0040166
0.0041985
0.0035181
0.0039837
0.0046631
0.0043319
0.0049922
0.0055585
0.0057854
0.0063129
0.0054889
0.0046701
0.0038876
0.0029735
0.0033771
0.0043897
0.0046781
0.0048097
0
0
0
0
0
0
0
0
0
0
0
0
0
0
0
0
0
0
0
0
0
0
0
0
0
0
0
0
0
0
0
0
0
0
0
0
0
0
0.0015815
0.012411
0.020685
0.026245
0.031548
0.039914
0.056079
0.075319
0.081627
0.10337
0.11095
0.093168
0.062131
0.040539
0.032058
0.040188
0.050083
0.051922
0.051561
0.044141
0.048799
0.065144
0.08164
0.080354
0.059971
0.034015
0.014804
0.0077166
0.0069395
0.0054049
0.005377
0.0053017
0.0058116
0.0064213
0.0059213
0.0053632
0.00495
0.0042952
0.0039186
0.0033259
0.0041276
0.0042861
0.0040469
0.0044353
0.0043441
0.0042517
0.0041682
0.0031817
0.0042829
0.0041929
0.0041411
0.0044589
0.0050448
0.0054789
0.006008
0.0055035
0.0043946
0.0038944
0.0032668
0.0036695
0.0041476
0.0046806
0.0048097
0
0
0
0
0
0
0
0
0
0
0
0
0
0
0
0
0
0
0
0
0
0
0
0
0
0
0
0
0
0
0
0
0
0
0
0
0
0
0.0017352
0.011655
0.025623
0.041613
0.058292
0.071268
0.10038
0.13046
0.15362
0.17857
0.16842
0.13177
0.10207
0.072625
0.066704
0.071732
0.07827
0.073766
0.061287
0.045801
0.040149
0.038263
0.036795
0.032679
0.024276
0.015499
0.0073969
0.0052333
0.0046566
0.0050033
0.0058884
0.0068006
0.0065836
0.0070552
0.0067331
0.0062054
0.0059192
0.0053119
0.0054634
0.0049529
0.0047494
0.0048388
0.0040158
0.0044609
0.0038423
0.0038207
0.0036883
0.0033528
0.0043402
0.0041932
0.0048077
0.0050562
0.0044816
0.0055846
0.0056703
0.0050489
0.004317
0.003544
0.0036744
0.0038183
0.004255
0.0047635
0.0048097
0
0
0
0
0
0
0
0
0
0
0
0
0
0
0
0
0
0
0
0
0
0
0
0
0
0
0
0
0
0
0
0
0
0
0
0
0
0
0.00089675
0.0078801
0.02499
0.051446
0.082438
0.11451
0.14534
0.16823
0.18934
0.19287
0.1873
0.16067
0.13722
0.14259
0.1342
0.12194
0.10398
0.10339
0.088619
0.071192
0.056123
0.037749
0.028671
0.019773
0.012872
0.0075649
0.0050735
0.00454
0.0045574
0.0060025
0.0057299
0.0056556
0.0064664
0.0067846
0.0067428
0.0064149
0.0056481
0.0045998
0.0051827
0.0061416
0.0059792
0.0054518
0.0048001
0.0045479
0.0039634
0.003783
0.0039878
0.0041466
0.0041031
0.0041485
0.0045217
0.0049871
0.0053816
0.0056094
0.0049455
0.0050096
0.0041329
0.0033411
0.0038858
0.004023
0.0043447
0.0047178
0.0048097
0
0
0
0
0
0
0
0
0
0
0
0
0
0
0
0
0
0
0
0
0
0
0
0
0
0
0
0
0
0
0
0
0
0
0
0
0
0
0.00095554
0.0066861
0.026059
0.065363
0.11403
0.18323
0.2292
0.24849
0.26163
0.25227
0.24948
0.244
0.23753
0.23869
0.2391
0.22032
0.18579
0.15608
0.11874
0.09739
0.07866
0.063025
0.053442
0.035493
0.017535
0.010323
0.0066061
0.0046904
0.0050804
0.0049468
0.0049452
0.005047
0.0054698
0.0059398
0.0064283
0.005875
0.0054137
0.0054243
0.0059836
0.007102
0.0065139
0.0056333
0.0049521
0.0040172
0.0039498
0.0046359
0.0046615
0.0048502
0.0043883
0.0042086
0.0044911
0.0044027
0.0049835
0.0047406
0.0042531
0.0047614
0.0038028
0.0034485
0.0037535
0.0039086
0.0041928
0.0047143
0.0048097
0
0
0
0
0
0
0
0
0
0
0
0
0
0
0
0
0
0
0
0
0
0
0
0
0
0
0
0
0
0
0
0
0
0
0
0
0
0
0.0015077
0.0065242
0.025765
0.066553
0.12723
0.19832
0.29049
0.35092
0.39014
0.4025
0.37698
0.34433
0.32744
0.32206
0.33648
0.32509
0.28341
0.24343
0.2039
0.16025
0.12284
0.091849
0.065469
0.034222
0.016809
0.0086914
0.0069047
0.0080001
0.0087596
0.0077274
0.0068988
0.0062507
0.0063242
0.0062259
0.006558
0.0053197
0.004946
0.0052408
0.0062092
0.0082014
0.0090641
0.0078278
0.0055878
0.0045824
0.00436
0.0043352
0.0042356
0.0046346
0.0047588
0.004772
0.0043927
0.0040945
0.0045679
0.0046362
0.0038511
0.0040842
0.0039871
0.0028434
0.0037042
0.0037971
0.0043571
0.0047456
0.0048097
0
0
0
0
0
0
0
0
0
0
0
0
0
0
0
0
0
0
0
0
0
0
0
0
0
0
0
0
0
0
0
0
0
0
0
0
0
0
0.0017991
0.0052485
0.020391
0.05696
0.10927
0.20014
0.30058
0.389
0.46688
0.47238
0.48358
0.48731
0.46617
0.45594
0.42482
0.37688
0.34904
0.30508
0.27122
0.22539
0.15383
0.10665
0.056178
0.025054
0.01192
0.010316
0.0090993
0.010077
0.010103
0.0097815
0.0093172
0.0077634
0.0076895
0.0062612
0.0043418
0.0038679
0.0034946
0.0043072
0.0062969
0.0081735
0.0079924
0.0068937
0.0057007
0.0044739
0.0040606
0.0039998
0.0042939
0.0048552
0.004229
0.0043608
0.0046206
0.0041429
0.0040983
0.0042007
0.0033992
0.0033626
0.0035004
0.0028182
0.0035307
0.0033326
0.0043763
0.0048061
0.0048097
0
0
0
0
0
0
0
0
0
0
0
0
0
0
0
0
0
0
0
0
0
0
0
0
0
0
0
0
0
0
0
0
0
0
0
0
0
0
0.00044825
0.0024492
0.012717
0.037022
0.088467
0.16267
0.25403
0.3337
0.37144
0.38748
0.42313
0.45744
0.46628
0.49529
0.48345
0.45097
0.40559
0.36905
0.33059
0.2986
0.23424
0.15137
0.078932
0.041444
0.021129
0.013053
0.012272
0.011924
0.011112
0.011056
0.0092446
0.008828
0.0080148
0.0060814
0.0050325
0.003654
0.0033469
0.0039385
0.0050512
0.0063686
0.006402
0.0068302
0.0062734
0.0044285
0.0041159
0.0038529
0.0043483
0.0038206
0.0042409
0.0039601
0.0049003
0.0044875
0.0036924
0.0039673
0.0032498
0.003378
0.003619
0.0029866
0.0035442
0.0033212
0.0044559
0.0048034
0.0048097
0
0
0
0
0
0
0
0
0
0
0
0
0
0
0
0
0
0
0
0
0
0
0
0
0
0
0
0
0
0
0
0
0
0
0
0
0
0
0.00015839
0.0031723
0.016586
0.066555
0.12309
0.18869
0.25271
0.29894
0.35991
0.38677
0.39746
0.43502
0.45606
0.46104
0.46397
0.47763
0.46613
0.43412
0.4258
0.40126
0.33452
0.25644
0.16289
0.085095
0.042163
0.021585
0.012674
0.012135
0.011519
0.011116
0.0090102
0.0078118
0.0071849
0.0061364
0.005907
0.0048089
0.004142
0.0044145
0.0045561
0.0052736
0.005719
0.0065089
0.0055367
0.0058768
0.0049785
0.0048563
0.0045359
0.0042369
0.0050623
0.0048064
0.0041182
0.0040516
0.003786
0.0037813
0.0035038
0.0035437
0.0031675
0.0031565
0.0034012
0.0032541
0.0043116
0.0048307
0.0048097
0
0
0
0
0
0
0
0
0
0
0
0
0
0
0
0
0
0
0
0
0
0
0
0
0
0
0
0
0
0
0
0
0
0
0
0
0
0
0.00012758
0.0037446
0.022976
0.071513
0.14688
0.22606
0.27455
0.33501
0.41124
0.45959
0.52734
0.56566
0.58311
0.59155
0.57821
0.58678
0.56594
0.53962
0.47106
0.4228
0.38547
0.32129
0.23687
0.15913
0.07966
0.037019
0.016176
0.010833
0.010157
0.0097081
0.010121
0.0079565
0.0072037
0.0071225
0.0061506
0.0062607
0.0051484
0.0042008
0.0040641
0.0047127
0.0058742
0.0061393
0.005322
0.0063074
0.0060692
0.0056339
0.0048494
0.0043848
0.0050241
0.0050024
0.0047214
0.0045366
0.0037729
0.0037932
0.0036935
0.0036122
0.0026933
0.0032552
0.0033061
0.0033865
0.0043812
0.0049764
0.0048097
0
0
0
0
0
0
0
0
0
0
0
0
0
0
0
0
0
0
0
0
0
0
0
0
0
0
0
0
0
0
0
0
0
0
0
0
0
0
0.00025141
0.0041752
0.024779
0.077992
0.15669
0.27413
0.35843
0.40544
0.43535
0.4711
0.51806
0.59264
0.67917
0.73327
0.75
0.73059
0.69945
0.65378
0.60724
0.54915
0.502
0.43768
0.34292
0.23347
0.13765
0.069079
0.032903
0.015748
0.012539
0.012355
0.011786
0.011067
0.01037
0.0077377
0.0069654
0.0060206
0.0054935
0.0057661
0.0048382
0.0050536
0.004907
0.0054558
0.0062355
0.005684
0.0055306
0.0050853
0.0046695
0.0049645
0.0054032
0.005079
0.0049913
0.0043535
0.0040366
0.0037331
0.0035946
0.0036074
0.0026528
0.0030283
0.0034511
0.0033909
0.004385
0.0049997
0.0048097
0
0
0
0
0
0
0
0
0
0
0
0
0
0
0
0
0
0
0
0
0
0
0
0
0
0
0
0
0
0
0
0
0
0
0
0
0
0
0.000354
0.0094676
0.035969
0.091642
0.17863
0.29996
0.43729
0.52861
0.56975
0.59534
0.61571
0.64296
0.69089
0.73736
0.75697
0.74686
0.71526
0.69395
0.70807
0.72354
0.66949
0.59721
0.48905
0.35401
0.22887
0.12041
0.061769
0.024829
0.017251
0.016037
0.014533
0.012199
0.0097653
0.0073592
0.0061921
0.0059094
0.0062752
0.0054385
0.0053009
0.0052375
0.004839
0.0048642
0.004762
0.0047356
0.0055513
0.0051201
0.004511
0.0045786
0.0052565
0.0055644
0.005057
0.0043028
0.004665
0.0035464
0.0034089
0.0034772
0.002684
0.002769
0.0031277
0.0035003
0.004486
0.0049953
0.0048097
0
0
0
0
0
0
0
0
0
0
0
0
0
0
0
0
0
0
0
0
0
0
0
0
0
0
0
0
0
0
0
0
0
0
0
0
0
0
0.00034445
0.0094359
0.036086
0.090345
0.17649
0.30264
0.46735
0.63005
0.71424
0.77553
0.80481
0.81748
0.84608
0.87528
0.88607
0.85697
0.79064
0.77539
0.79553
0.83075
0.77798
0.70194
0.5683
0.44077
0.3071
0.18117
0.088166
0.039371
0.019791
0.01412
0.013435
0.011411
0.0087182
0.0075282
0.0061808
0.0065444
0.0076121
0.0061111
0.0057826
0.0039112
0.0038123
0.0045768
0.0044245
0.0045619
0.0058331
0.0050311
0.0038014
0.0039066
0.0043131
0.005081
0.0047915
0.0042704
0.0044974
0.0038061
0.0033838
0.0036772
0.0030909
0.0030306
0.0031434
0.0034733
0.0045133
0.0049992
0.0048097
0
0
0
0
0
0
0
0
0
0
0
0
0
0
0
0
0
0
0
0
0
0
0
0
0
0
0
0
0
0
0
0
0
0
0
0
0
0
0.0014584
0.0086754
0.035149
0.087043
0.1987
0.36221
0.53315
0.67245
0.74409
0.81035
0.86449
0.92851
0.96324
1
0.96719
0.89374
0.8487
0.8437
0.84738
0.83723
0.77816
0.67679
0.54716
0.43113
0.29871
0.18675
0.097264
0.03947
0.019878
0.014469
0.010491
0.0097034
0.0081876
0.0078295
0.0078653
0.0074708
0.0075748
0.0068286
0.0055747
0.0044986
0.0044595
0.0046021
0.0048482
0.0053567
0.005192
0.0051017
0.0045282
0.0039966
0.0036615
0.0040975
0.0047702
0.0041742
0.004405
0.0038739
0.0033997
0.0041142
0.003185
0.0033264
0.002815
0.0037181
0.0045896
0.0050744
0.0048097
0
0
0
0
0
0
0
0
0
0
0
0
0
0
0
0
0
0
0
0
0
0
0
0
0
0
0
0
0
0
0
0
0
0
0
0
0
0
0.00022854
0.0013184
0.016901
0.069845
0.15671
0.28302
0.3946
0.50229
0.55901
0.59348
0.66199
0.69402
0.73285
0.74929
0.7661
0.78001
0.75758
0.7396
0.73503
0.71889
0.65085
0.57666
0.49723
0.38964
0.27883
0.17267
0.087482
0.038989
0.018402
0.012317
0.0097129
0.0082833
0.0079513
0.0096896
0.0094564
0.0088531
0.0080012
0.0067013
0.0051881
0.0050815
0.0049917
0.0050141
0.0047206
0.0052764
0.0059197
0.00549
0.0043769
0.0033572
0.0037096
0.0038022
0.0045438
0.003644
0.0033289
0.0035874
0.0032395
0.0039746
0.0032757
0.0036771
0.0027388
0.0037749
0.0047583
0.0051524
0.0048097
0
0
0
0
0
0
0
0
0
0
0
0
0
0
0
0
0
0
0
0
0
0
0
0
0
0
0
0
0
0
0
0
0
0
0
0
0
0
6.0059e-05
0.0023698
0.012023
0.032286
0.092822
0.18422
0.26959
0.352
0.38808
0.41594
0.41138
0.38963
0.37989
0.42456
0.47278
0.49747
0.47565
0.48867
0.49231
0.51054
0.52708
0.48786
0.43891
0.34901
0.24421
0.14316
0.07282
0.033924
0.016748
0.010324
0.0077594
0.0062516
0.0066749
0.0090277
0.009149
0.0086593
0.0066926
0.0063136
0.0057145
0.0050823
0.0067552
0.0068937
0.0056708
0.0054152
0.0052834
0.0050898
0.0043359
0.0039502
0.0034194
0.0036734
0.0038415
0.0037344
0.0033705
0.0033706
0.0031158
0.003806
0.0033852
0.0036012
0.0029846
0.0039268
0.0046574
0.0051559
0.0048097
0
0
0
0
0
0
0
0
0
0
0
0
0
0
0
0
0
0
0
0
0
0
0
0
0
0
0
0
0
0
0
0
0
0
0
0
0
0
4.9832e-05
0.00092572
0.0067016
0.025665
0.07711
0.14096
0.21426
0.27794
0.30778
0.31582
0.28818
0.27383
0.27767
0.3045
0.33664
0.34885
0.34494
0.3489
0.36784
0.38121
0.37133
0.33482
0.28244
0.2113
0.15024
0.092897
0.047154
0.018868
0.011238
0.0084136
0.0074986
0.0056706
0.0047561
0.0055316
0.0065153
0.0058996
0.0063732
0.0070502
0.0059393
0.0072648
0.0081703
0.0070003
0.0058455
0.0046565
0.004661
0.0047205
0.0048822
0.0040647
0.0033309
0.0032709
0.0039539
0.0037301
0.0033706
0.0027939
0.0033018
0.0034897
0.0029014
0.0031366
0.0032542
0.0038283
0.0045956
0.0050789
0.0048097
0
0
0
0
0
0
0
0
0
0
0
0
0
0
0
0
0
0
0
0
0
0
0
0
0
0
0
0
0
0
0
0
0
0
0
0
0
0
0.00015311
0.00082151
0.0061609
0.0261
0.062846
0.1156
0.19184
0.26352
0.29955
0.31549
0.30647
0.30909
0.29091
0.31447
0.33144
0.33351
0.33553
0.32273
0.30249
0.27673
0.23142
0.18966
0.15641
0.1163
0.076583
0.045716
0.024151
0.0097087
0.0085628
0.0090555
0.0081973
0.0072313
0.0056781
0.0047366
0.0048794
0.0056767
0.0056355
0.0058083
0.0058701
0.0068874
0.0084352
0.0073237
0.0065111
0.0039292
0.0034933
0.0044188
0.0041891
0.0030886
0.0030464
0.0032887
0.0034582
0.003255
0.0037366
0.003617
0.0038758
0.0037343
0.0029677
0.0032157
0.0027992
0.0042495
0.0047901
0.0052638
0.0048097
0
0
0
0
0
0
0
0
0
0
0
0
0
0
0
0
0
0
0
0
0
0
0
0
0
0
0
0
0
0
0
0
0
0
0
0
0
0
8.0943e-05
0.0011583
0.0057434
0.021932
0.043569
0.080177
0.1479
0.19299
0.23198
0.27793
0.26012
0.28662
0.3041
0.30437
0.29877
0.27222
0.2497
0.20444
0.17107
0.14384
0.12125
0.10897
0.092084
0.066153
0.043327
0.026944
0.01653
0.012018
0.010146
0.010019
0.009469
0.0091078
0.0065618
0.0061404
0.0060292
0.0072569
0.006411
0.0050269
0.0049329
0.0057295
0.0062615
0.0067818
0.0054823
0.0040364
0.0032973
0.0042283
0.0035194
0.0034184
0.0035042
0.0026826
0.0034245
0.0034065
0.0037854
0.0038127
0.0046751
0.004329
0.0036966
0.0029962
0.0029491
0.0040581
0.0047956
0.0052267
0.0048097
0
0
0
0
0
0
0
0
0
0
0
0
0
0
0
0
0
0
0
0
0
0
0
0
0
0
0
0
0
0
0
0
0
0
0
0
0
0
0.00018621
0.00031995
0.00397
0.018201
0.03738
0.059751
0.08419
0.095656
0.10406
0.11402
0.14061
0.16082
0.1613
0.176
0.16648
0.14657
0.12416
0.095518
0.069567
0.053718
0.062003
0.060804
0.0529
0.038416
0.029011
0.020941
0.019131
0.012704
0.010383
0.0096864
0.0096254
0.0096176
0.0088084
0.0082307
0.0077149
0.0094334
0.0090035
0.0068818
0.005113
0.0053852
0.0063329
0.0052392
0.0042382
0.0036172
0.0039955
0.0043591
0.0034099
0.0029827
0.0030609
0.0027148
0.0032123
0.0038604
0.0038256
0.0045178
0.0047643
0.0044267
0.0041328
0.003233
0.0029473
0.0042141
0.0047452
0.0051726
0.0048097
0
0
0
0
0
0
0
0
0
0
0
0
0
0
0
0
0
0
0
0
0
0
0
0
0
0
0
0
0
0
0
0
0
0
0
0
0
0
4.4251e-05
0.00065434
0.004547
0.011429
0.022125
0.039138
0.051137
0.057016
0.064521
0.07534
0.084368
0.094713
0.088405
0.085267
0.083674
0.077469
0.070476
0.065255
0.051167
0.045097
0.035855
0.03616
0.03337
0.020755
0.016105
0.013772
0.012527
0.011261
0.0082581
0.007272
0.0086764
0.0086108
0.0082936
0.0077869
0.0084514
0.0099883
0.0094435
0.0072843
0.0061501
0.0045765
0.0043299
0.0043041
0.003379
0.0044645
0.0045042
0.004678
0.0042106
0.0031358
0.0029786
0.0029991
0.0040603
0.0044057
0.0040145
0.004677
0.0042826
0.0046098
0.00423
0.0034446
0.0028906
0.003999
0.0048414
0.0052081
0.0048097
0
0
0
0
0
0
0
0
0
0
0
0
0
0
0
0
0
0
0
0
0
0
0
0
0
0
0
0
0
0
0
0
0
0
0
0
0
0
0.00038918
0.0017706
0.0049729
0.010283
0.016583
0.02404
0.024835
0.027638
0.039716
0.046524
0.050144
0.046622
0.046912
0.05067
0.047953
0.04678
0.055817
0.054759
0.046349
0.036692
0.02323
0.016227
0.014189
0.012666
0.010483
0.011519
0.011386
0.0093455
0.0085309
0.0072016
0.0073345
0.0077829
0.0083164
0.0086643
0.0085766
0.0084931
0.007572
0.0066338
0.0049241
0.004711
0.0042519
0.0034043
0.0039991
0.0044067
0.0050128
0.0051765
0.0049942
0.0039125
0.0037469
0.0033682
0.0038918
0.0038379
0.0038048
0.005092
0.0046428
0.0040576
0.0040061
0.0033174
0.0032036
0.0039442
0.0046546
0.0050431
0.0048097
0
0
0
0
0
0
0
0
0
0
0
0
0
0
0
0
0
0
0
0
0
0
0
0
0
0
0
0
0
0
0
0
0
0
0
0
0
0
0.00033478
0.0024172
0.0060959
0.011842
0.016315
0.018514
0.019292
0.027641
0.035112
0.037505
0.044096
0.044165
0.04079
0.038346
0.032602
0.028076
0.02648
0.027684
0.025095
0.019807
0.015796
0.012574
0.010734
0.0067248
0.0076512
0.0077611
0.0073424
0.0084691
0.0083022
0.0071985
0.0060092
0.0061629
0.0073019
0.0072439
0.0066427
0.0064314
0.0055588
0.0047114
0.0047034
0.0035137
0.0032461
0.0029031
0.0037301
0.0041462
0.0048785
0.0045015
0.0041625
0.0037388
0.0037481
0.0035568
0.003859
0.0035548
0.0046105
0.0050044
0.0042482
0.0041876
0.0041532
0.0032615
0.0032813
0.0039855
0.0045623
0.0051333
0.0048097
0
0
0
0
0
0
0
0
0
0
0
0
0
0
0
0
0
0
0
0
0
0
0
0
0
0
0
0
0
0
0
0
0
0
0
0
0
0
0.0003845
0.0015928
0.004842
0.0082057
0.013733
0.016667
0.014609
0.015763
0.016531
0.020994
0.019156
0.020581
0.019998
0.018191
0.013615
0.013359
0.013699
0.014438
0.014213
0.0149
0.014623
0.014294
0.013328
0.010921
0.0091309
0.0075263
0.0077258
0.0069189
0.0067398
0.0066495
0.0056489
0.0045081
0.0036071
0.0039055
0.0050122
0.005505
0.0046153
0.0043905
0.0036688
0.0025135
0.0030778
0.0028356
0.0029851
0.0035348
0.0036345
0.0042042
0.0036905
0.003751
0.0035229
0.0039219
0.004107
0.0032794
0.0041321
0.0048413
0.004263
0.0047145
0.0040535
0.0035464
0.0035663
0.0038537
0.0044679
0.0050007
0.0048097
0
0
0
0
0
0
0
0
0
0
0
0
0
0
0
0
0
0
0
0
0
0
0
0
0
0
0
0
0
0
0
0
0
0
0
0
0
0
0
4.3701e-05
0.00065489
0.0040462
0.0078042
0.0082583
0.0079561
0.0056145
0.0073919
0.010224
0.01182
0.010956
0.010875
0.01116
0.01044
0.011826
0.011285
0.010537
0.0098916
0.00964
0.0085784
0.0095533
0.01158
0.0089608
0.0081619
0.0073301
0.0064067
0.006198
0.0061114
0.0054578
0.0048682
0.0042647
0.0034237
0.0038671
0.0035996
0.004518
0.0037001
0.0026528
0.0027251
0.0018583
0.0022887
0.0030504
0.0033731
0.0030646
0.003666
0.0033039
0.0035264
0.0038417
0.0035261
0.0037574
0.0040067
0.0032196
0.0040972
0.0037162
0.0049055
0.0047707
0.0043012
0.0035434
0.0042281
0.0035706
0.0047882
0.0050222
0.0048097
0
0
0
0
0
0
0
0
0
0
0
0
0
0
0
0
0
0
0
0
0
0
0
0
0
0
0
0
0
0
0
0
0
0
0
0
0
0
0
0
0.00032222
0.00091777
0.0029326
0.0035173
0.0038999
0.0051965
0.0082494
0.010113
0.010594
0.011027
0.010159
0.011004
0.010562
0.0085632
0.0085276
0.0079151
0.0075788
0.007984
0.0071211
0.0083974
0.0072038
0.0080927
0.0089456
0.007825
0.0073602
0.0045781
0.0039223
0.0049409
0.0051687
0.0053985
0.004774
0.0046429
0.004469
0.0040267
0.0028294
0.0014774
0.0012105
0.0014735
0.0022221
0.0034041
0.0035365
0.0030451
0.0030114
0.002907
0.0034972
0.0036153
0.0036827
0.0036687
0.0032828
0.0028419
0.0034295
0.0036519
0.0045761
0.0044978
0.0038665
0.0041902
0.0045027
0.0036188
0.0049248
0.005083
0.0048097
0
0
0
0
0
0
0
0
0
0
0
0
0
0
0
0
0
0
0
0
0
0
0
0
0
0
0
0
0
0
0
0
0
0
0
0
0
0
0
0
0
0.00020767
0.0010247
0.0019917
0.0033982
0.0041355
0.0052673
0.0071647
0.0074989
0.0087087
0.0085732
0.0099137
0.010231
0.009979
0.0088506
0.0081817
0.0077405
0.0068274
0.0048566
0.0041823
0.0044156
0.0062966
0.0088821
0.0083792
0.0057101
0.0042836
0.0034152
0.0042231
0.0050354
0.0059867
0.0061684
0.004627
0.0034731
0.0028972
0.0020258
0.0012983
0.00071827
0.0010181
0.0017993
0.0031147
0.003313
0.0032706
0.0034778
0.0032856
0.0035525
0.0034364
0.0038936
0.003506
0.002973
0.0032525
0.0037167
0.0040892
0.0040416
0.0043218
0.004118
0.0039385
0.0042028
0.0037648
0.0050206
0.0052965
0.0048097
0
0
0
0
0
0
0
0
0
0
0
0
0
0
0
0
0
0
0
0
0
0
0
0
0
0
0
0
0
0
0
0
0
0
0
0
0
0
0
0
0
0
0.00019783
0.00056416
0.0015444
0.0021304
0.0028498
0.004614
0.006575
0.0068187
0.0077407
0.0084968
0.0078868
0.0074579
0.0080536
0.007773
0.0077372
0.005987
0.0049453
0.0050478
0.0053762
0.0059625
0.0065705
0.0072213
0.0056259
0.0044331
0.0037974
0.0038875
0.0039155
0.0040196
0.0036722
0.0041059
0.003898
0.00263
0.0023049
0.0016351
0.0011238
0.0010629
0.0014847
0.0028614
0.0029742
0.0030127
0.0030249
0.002858
0.0034346
0.0030896
0.0032204
0.0030429
0.0026691
0.0034949
0.003479
0.0042366
0.0045144
0.0043234
0.0044865
0.0042074
0.0044973
0.0042982
0.0050762
0.0054212
0.0048097
0
0
0
0
0
0
0
0
0
0
0
0
0
0
0
0
0
0
0
0
0
0
0
0
0
0
0
0
0
0
0
0
0
0
0
0
0
0
0
7.184e-05
0.00035753
0.00075302
0.0015549
0.0022516
0.0022118
0.0025655
0.002444
0.0025963
0.0044651
0.0065196
0.0066925
0.0080703
0.0097105
0.010638
0.010946
0.0096886
0.0073738
0.0071836
0.0076486
0.0072492
0.0073553
0.0080759
0.0075935
0.0058537
0.0053632
0.0047671
0.0039488
0.0031299
0.0029479
0.0039346
0.0050241
0.0040048
0.0041346
0.0043303
0.0038497
0.0033233
0.0025242
0.0019267
0.0016405
0.0024361
0.002827
0.0028498
0.0027757
0.0029581
0.0032898
0.0031115
0.003467
0.0027966
0.0025159
0.0030082
0.0034595
0.0041126
0.004602
0.0044653
0.0047433
0.0044228
0.0043069
0.0044885
0.0051678
0.0053619
0.0048097
0
0
0
0
0
0
0
0
0
0
0
0
0
0
0
0
0
0
0
0
0
0
0
0
0
0
0
0
0
0
0
0
0
0
0
0
0
0
0
0.00025086
0.00051363
0.00075275
0.0012608
0.0018383
0.0022491
0.0026399
0.0033141
0.0046245
0.0058916
0.0073178
0.006418
0.0071713
0.0090021
0.011066
0.010227
0.0085319
0.0060201
0.0065905
0.0057296
0.0064929
0.0074277
0.0080597
0.0060303
0.0057997
0.0047714
0.0035028
0.0040193
0.0032958
0.0040549
0.0051301
0.0052783
0.0055804
0.0045069
0.004702
0.0044896
0.0034783
0.0030812
0.0022177
0.0018705
0.0021274
0.0022078
0.0026384
0.0025662
0.0028074
0.0026938
0.0032559
0.0031939
0.0025172
0.0020673
0.0029831
0.0034277
0.0040044
0.0045323
0.0041454
0.0048294
0.0046625
0.0040858
0.0046807
0.0050296
0.0052865
0.0048097
0
0
0
0
0
0
0
0
0
0
0
0
0
0
0
0
0
0
0
0
0
0
0
0
0
0
0
0
0
0
0
0
0
0
0
0
0
0
0
0
0
4.0244e-05
0.00034365
0.0010488
0.0016332
0.0026953
0.0040907
0.0046318
0.0063478
0.0071446
0.0058713
0.0053392
0.0049078
0.0052548
0.0055251
0.0060945
0.0057543
0.0063675
0.0049681
0.0052073
0.006129
0.0067379
0.0060845
0.0054906
0.0040657
0.0034375
0.003317
0.0026674
0.0030342
0.0041281
0.0035277
0.0040313
0.004109
0.0041298
0.004311
0.0039269
0.0028849
0.0023127
0.0019905
0.0017613
0.0023234
0.0027522
0.0025784
0.0024788
0.0033328
0.0028727
0.0026468
0.0022578
0.0023065
0.0028299
0.0029343
0.0034568
0.0043107
0.004469
0.0051265
0.0046028
0.004274
0.0049271
0.0052105
0.0053511
0.0048097
0
0
0
0
0
0
0
0
0
0
0
0
0
0
0
0
0
0
0
0
0
0
0
0
0
0
0
0
0
0
0
0
0
0
0
0
0
0
0
0
4.0244e-05
0.00013365
0.00066019
0.0012277
0.0018567
0.0022297
0.0017031
0.0022577
0.0037839
0.0049016
0.0062356
0.0057887
0.0054031
0.0059678
0.00554
0.0053722
0.0059901
0.0054674
0.0045059
0.0044348
0.004398
0.0052009
0.0043027
0.0038721
0.0032399
0.0031204
0.0029606
0.0032242
0.0027878
0.0029686
0.0026406
0.002908
0.0036069
0.0044622
0.0041655
0.0038231
0.0039782
0.0028552
0.0025975
0.0024105
0.0021761
0.0028371
0.0027057
0.002425
0.0030582
0.0025592
0.0024065
0.0025941
0.0024129
0.0025295
0.0039439
0.0037182
0.0037699
0.0045602
0.0047423
0.0039687
0.0041889
0.0047858
0.0054704
0.0055541
0.0048097
0
0
0
0
0
0
0
0
0
0
0
0
0
0
0
0
0
0
0
0
0
0
0
0
0
0
0
0
0
0
0
0
0
0
0
0
0
0
0
0
0
0.00013761
0.00065073
0.0015776
0.0020887
0.002634
0.0024332
0.0022145
0.001936
0.0029255
0.0038626
0.0055849
0.007885
0.0074869
0.0081057
0.0068807
0.0046857
0.0040713
0.0049287
0.0055762
0.0045902
0.0041358
0.0031355
0.0034951
0.0037306
0.0037002
0.0032791
0.003686
0.0042576
0.0042938
0.0029504
0.0035669
0.0034763
0.0050026
0.0048744
0.0044873
0.0045251
0.0033383
0.0026446
0.0034479
0.0031065
0.0032867
0.0030105
0.0026746
0.0030647
0.0025319
0.0028794
0.0026642
0.0030558
0.0037875
0.0041676
0.0042526
0.0031008
0.0038054
0.0044596
0.0042768
0.0040164
0.0048448
0.0054667
0.0056887
0.0048097
0
0
0
0
0
0
0
0
0
0
0
0
0
0
0
0
0
0
0
0
0
0
0
0
0
0
0
0
0
0
0
0
0
0
0
0
0
0
0
0
9.7366e-05
0.00034919
0.0011431
0.0015886
0.0025465
0.0030969
0.0029074
0.003627
0.0023856
0.0032629
0.0031426
0.0036608
0.0054818
0.0055529
0.0051906
0.0040753
0.0046093
0.0062051
0.0065288
0.0069109
0.006393
0.0059131
0.0046808
0.0040973
0.0039591
0.0042122
0.0034549
0.0041387
0.0046952
0.0051124
0.0047317
0.0036372
0.0040084
0.0046317
0.0048681
0.0045099
0.0037745
0.0033067
0.0035731
0.003551
0.0038814
0.0036451
0.0028869
0.0026758
0.0028256
0.002645
0.0029635
0.0033567
0.0037369
0.004319
0.0039666
0.0038445
0.0030987
0.0039225
0.0046816
0.0043071
0.0043656
0.0045474
0.0055704
0.0058216
0.0048097
0
0
0
0
0
0
0
0
0
0
0
0
0
0
0
0
0
0
0
0
0
0
0
0
0
0
0
0
0
0
0
0
0
0
0
0
0
0
0
0
0
0.00058661
0.00089656
0.0010757
0.0020614
0.0028764
0.0034568
0.0034188
0.0027872
0.0038081
0.0046608
0.0052224
0.0044912
0.0039371
0.0034879
0.003312
0.0041639
0.0047716
0.0039167
0.0044205
0.0049085
0.005931
0.0054112
0.0042596
0.0033706
0.0023724
0.0025461
0.0034786
0.0053823
0.0056555
0.0052107
0.0044821
0.0045378
0.0045832
0.0050093
0.0036413
0.0036786
0.0032081
0.0034594
0.0040051
0.0040551
0.003872
0.0026598
0.0026911
0.0033054
0.0025487
0.0031702
0.0034643
0.0052047
0.0054294
0.0045312
0.0040396
0.0031638
0.0039416
0.0042224
0.0043314
0.0047231
0.0045203
0.005628
0.0058649
0.0048097
0
0
0
0
0
0
0
0
0
0
0
0
0
0
0
0
0
0
0
0
0
0
0
0
0
0
0
0
0
0
0
0
0
0
0
0
0
0
0
0
0
0
8.3722e-05
0.00061513
0.0020721
0.0035562
0.0038088
0.0036673
0.0026238
0.0026819
0.0033736
0.0040801
0.0043403
0.0036081
0.0037828
0.0050548
0.0052414
0.0046888
0.0034616
0.0041081
0.0041252
0.004292
0.0047117
0.0033697
0.0025758
0.0028683
0.0027156
0.003211
0.0044136
0.0042406
0.0040409
0.0033615
0.0043002
0.0043817
0.0051004
0.0051076
0.0039192
0.0031637
0.0035756
0.0035564
0.0034757
0.002768
0.0029032
0.0032839
0.0040623
0.003458
0.0037061
0.0041612
0.0046057
0.0057124
0.0048021
0.0038231
0.0031287
0.0039467
0.0042107
0.0042819
0.0046584
0.0045306
0.0055349
0.0058867
0.0048097
0
0
0
0
0
0
0
0
0
0
0
0
0
0
0
0
0
0
0
0
0
0
0
0
0
0
0
0
0
0
0
0
0
0
0
0
0
0
0
0
4.1087e-05
0.00012481
0.00012481
0.00050856
0.0012736
0.0019768
0.0023805
0.0010482
0.00078429
0.0021123
0.0023465
0.0028461
0.00286
0.00279
0.003979
0.0048121
0.0064459
0.0066437
0.0055044
0.0041473
0.0034092
0.0035355
0.0036199
0.0039435
0.00418
0.0042199
0.005035
0.0054751
0.0040173
0.0032288
0.002551
0.0026204
0.0033782
0.0044933
0.0041852
0.0036784
0.0037916
0.0031335
0.0025529
0.0031023
0.002703
0.0022995
0.0027413
0.0037453
0.0037494
0.0038379
0.003532
0.0038962
0.0046248
0.0056755
0.0046586
0.0042587
0.0032053
0.0037919
0.0040005
0.0041774
0.0047081
0.0042331
0.0054406
0.0057436
0.0048097
0
0
0
0
0
0
0
0
0
0
0
0
0
0
0
0
0
0
0
0
0
0
0
0
0
0
0
0
0
0
0
0
0
0
0
0
0
0
0
0
4.1087e-05
4.1087e-05
4.1087e-05
0.00024744
0.00078885
0.0012477
0.0015877
0.0011275
0.00092889
0.00095528
0.0021158
0.0022451
0.001482
0.0019803
0.0024538
0.0035953
0.0050524
0.0061535
0.0058785
0.0039365
0.0042499
0.0045197
0.0045876
0.006219
0.0065604
0.0055146
0.0063894
0.0046817
0.0043341
0.0031565
0.0022773
0.00235
0.0026841
0.002558
0.0032958
0.003624
0.0036922
0.0034114
0.003305
0.0034556
0.0033365
0.0028772
0.0031357
0.0043222
0.0045523
0.0041597
0.0031548
0.0035069
0.0042649
0.0046053
0.004885
0.0030549
0.0033251
0.0038169
0.0039172
0.0038409
0.0046326
0.0043337
0.0054411
0.0056905
0.0048097
0
0
0
0
0
0
0
0
0
0
0
0
0
0
0
0
0
0
0
0
0
0
0
0
0
0
0
0
0
0
0
0
0
0
0
0
0
0
0
0
0
0
0
0.00022003
0.00062377
0.0011905
0.0016104
0.0013106
0.00096415
0.00091466
0.0013909
0.0013491
0.0016518
0.0016844
0.0014716
0.0022948
0.0027682
0.0034054
0.0038689
0.0041051
0.0039419
0.0038093
0.0042773
0.0043206
0.0036948
0.0041166
0.003861
0.0038487
0.0027139
0.0018112
0.0019866
0.0018862
0.0026916
0.0027626
0.0033172
0.0030927
0.0034446
0.0037082
0.0039386
0.0039833
0.0035948
0.0033054
0.0030232
0.0045698
0.0044418
0.0037591
0.0030107
0.0028103
0.0037316
0.0041857
0.0038441
0.0028839
0.0028844
0.0032893
0.0040984
0.0038708
0.004075
0.0041012
0.0052628
0.0052593
0.0048097
0
0
0
0
0
0
0
0
0
0
0
0
0
0
0
0
0
0
0
0
0
0
0
0
0
0
0
0
0
0
0
0
0
0
0
0
0
0
0
0
0
0
0
0
0.00037943
0.001073
0.0014037
0.0014647
0.0017066
0.0017213
0.0012985
0.0018461
0.0016026
0.0020442
0.0018877
0.0019598
0.0029602
0.0026498
0.0038397
0.0051618
0.0053147
0.0041391
0.0030649
0.0024011
0.0025091
0.0028706
0.0027182
0.0028212
0.002694
0.0020116
0.0031112
0.00325
0.0039147
0.0036879
0.0024406
0.0027453
0.0024517
0.0034842
0.0032735
0.0043251
0.0036905
0.0034402
0.0030085
0.003254
0.0038376
0.0032304
0.0031405
0.0030376
0.0034993
0.0034397
0.003236
0.0027078
0.0024901
0.0036012
0.0034187
0.0039889
0.0040089
0.0042266
0.0052772
0.0052734
0.0048097
0
0
0
0
0
0
0
0
0
0
0
0
0
0
0
0
0
0
0
0
0
0
0
0
0
0
0
0
0
0
0
0
0
0
0
0
0
0
0
0
0
0
0
0
0
0
0.00090679
0.0014301
0.0017691
0.0029584
0.0037228
0.0037578
0.0032994
0.002762
0.0023947
0.0032216
0.0042001
0.0046859
0.0058554
0.0056473
0.0057183
0.0047301
0.0034029
0.0034539
0.0040718
0.0042795
0.0044995
0.0046251
0.0033315
0.0040561
0.0042811
0.0046457
0.0048801
0.003622
0.0032236
0.0024795
0.0032636
0.0041388
0.0043199
0.0041235
0.003524
0.0024916
0.0024638
0.0056417
0.0057118
0.0027038
0.0030289
0.003489
0.0036452
0.0029651
0.0026676
0.0024288
0.0022148
0.0033074
0.003314
0.0035221
0.0039161
0.0040599
0.0050729
0.0049464
0.0048097
0
0
0
0
0
0
0
0
0
0
0
0
0
0
0
0
0
0
0
0
0
0
0
0
0
0
0
0
0
0
0
0
0
0
0
0
0
0
0
0
0
0
0.00010946
0.00014937
0.00020042
0.00059308
0.00087802
0.0012188
0.0023555
0.0030094
0.0038217
0.0037254
0.003552
0.0032077
0.0035511
0.0045376
0.0058758
0.0061676
0.0068546
0.004457
0.0038582
0.0023477
0.0018576
0.0036103
0.0049662
0.0057188
0.0050442
0.0043278
0.0035238
0.0032745
0.0038806
0.0044232
0.0052509
0.0043129
0.0041133
0.003826
0.0043451
0.00437
0.0042842
0.0042619
0.0035094
0.0028573
0.0055966
0.0055342
0.0056978
0.0043027
0.0028339
0.0030081
0.0035254
0.0029908
0.0025408
0.0020858
0.0022679
0.0029127
0.0031973
0.0029898
0.0036129
0.0038294
0.0052657
0.0048914
0.0048097
0
0
0
0
0
0
0
0
0
0
0
0
0
0
0
0
0
0
0
0
0
0
0
0
0
0
0
0
0
0
0
0
0
0
0
0
0
0
0
0
0
0
3.9913e-05
0.00024034
0.00064219
0.0011512
0.0014347
0.0019026
0.0021527
0.0024531
0.0020918
0.0022816
0.0024181
0.0036502
0.0036134
0.0040385
0.0054502
0.0062611
0.0070535
0.005601
0.0030816
0.0022466
0.0017663
0.0032018
0.0047448
0.0046779
0.004415
0.0035551
0.0025412
0.002696
0.0036637
0.0036743
0.0042824
0.0047428
0.0042402
0.0044126
0.0042169
0.0046281
0.0044844
0.0039382
0.0029099
0.002903
0.0060814
0.0052848
0.0061868
0.0062312
0.0034715
0.0028662
0.0035342
0.003068
0.0022972
0.0020867
0.0023417
0.0024493
0.0030944
0.0032203
0.0034597
0.0038634
0.0051344
0.004881
0.0048097
0
0
0
0
0
0
0
0
0
0
0
0
0
0
0
0
0
0
0
0
0
0
0
0
0
0
0
0
0
0
0
0
0
0
0
0
0
0
0
0
0
0
0
7.5939e-05
0.00027879
0.00082293
0.0016671
0.0019355
0.0025721
0.0026582
0.0028358
0.0028987
0.0032227
0.003807
0.0040829
0.0038795
0.0039992
0.00481
0.005593
0.0040858
0.0025055
0.0019824
0.0023364
0.0027268
0.0075757
0.007954
0.0033979
0.0018206
0.0016696
0.0015846
0.0020933
0.0030907
0.0036419
0.004173
0.0041265
0.0044297
0.0033317
0.0031378
0.0022877
0.0028591
0.0025727
0.0021575
0.0053523
0.0059949
0.0061236
0.0038542
0.0033932
0.0033414
0.0034156
0.0028395
0.0024448
0.0020347
0.0021471
0.0024068
0.0031113
0.0032601
0.0031449
0.0038286
0.0048771
0.0048812
0.0048097
0
0
0
0
0
0
0
0
0
0
0
0
0
0
0
0
0
0
0
0
0
0
0
0
0
0
0
0
0
0
0
0
0
0
0
0
0
0
0
0
0
0
0
0
0
0.00043149
0.00082241
0.0010795
0.0013135
0.0016284
0.002087
0.0021618
0.0030165
0.0040453
0.0044205
0.0044422
0.0040746
0.0043797
0.0042877
0.0038671
0.0033208
0.0030557
0.0039575
0.0092092
0.008924
0.0087477
0.0074999
0.0021789
0.0024304
0.0023151
0.0030047
0.0034292
0.003941
0.0044043
0.0035538
0.003287
0.0026852
0.0025398
0.0033437
0.0031148
0.0032748
0.0024736
0.0021024
0.0027493
0.0032497
0.0033423
0.0035178
0.003035
0.0027438
0.0025163
0.0022202
0.0019586
0.0020596
0.0023131
0.0030521
0.002912
0.0031752
0.0036591
0.0049284
0.0048264
0.0048097
0
0
0
0
0
0
0
0
0
0
0
0
0
0
0
0
0
0
0
0
0
0
0
0
0
0
0
0
0
0
0
0
0
0
0
0
0
0
0
0
0
0
0
0.0012054
0.017418
0.017532
0.017746
0.0096757
0.0004639
0.00044649
0.0002719
0.00032138
0.00070263
0.0018063
0.003172
0.0038271
0.0036792
0.0035916
0.0045413
0.0043609
0.003677
0.0030551
0.0042109
0.0049362
0.0071953
0.0051234
0.0040989
0.0042403
0.0035491
0.0036205
0.0039542
0.004552
0.0041547
0.0046035
0.0041165
0.0036869
0.0031389
0.002921
0.0034248
0.0040753
0.0041542
0.0037475
0.0021241
0.0024999
0.0040941
0.0036051
0.0034583
0.0027139
0.0028005
0.0024106
0.0019865
0.0020005
0.0017916
0.0024577
0.0026261
0.0030342
0.0031865
0.0038453
0.0048948
0.0047811
0.0048097
0
0
0
0
0
0
0
0
0
0
0
0
0
0
0
0
0
0
0
0
0
0
0
0
0
0
0
0
0
0
0
0
0
0
0
0
0
0
0
0
0
0
0
0
0.016215
0.017303
0.017555
0.0012996
0.00059733
0.00099142
0.0010156
0.0013175
0.001806
0.0026436
0.004706
0.005058
0.0053435
0.0041897
0.0032293
0.0018851
0.0016388
0.0017848
0.0033459
0.0041561
0.0050462
0.0052871
0.0052348
0.004629
0.0041816
0.0036014
0.0035007
0.0030543
0.0027545
0.0032957
0.0036993
0.0039232
0.0033172
0.0028488
0.0037965
0.0044253
0.0042291
0.004357
0.0025373
0.0028387
0.0031835
0.0030375
0.0031476
0.0025578
0.0027073
0.0028257
0.0023496
0.0022608
0.0018992
0.002467
0.0027324
0.0030144
0.0033089
0.0041278
0.0046497
0.0048618
0.0048097
0
0
0
0
0
0
0
0
0
0
0
0
0
0
0
0
0
0
0
0
0
0
0
0
0
0
0
0
0
0
0
0
0
0
0
0
0
0
0
0
0
0
0
0
0
0
0.00015219
0.00015219
0.00071063
0.00080601
0.0014142
0.0019887
0.002585
0.0039917
0.0046031
0.0053824
0.0050202
0.003546
0.0016979
0.0011585
0.0020592
0.0030381
0.0043641
0.0045072
0.0044823
0.0039969
0.003508
0.0031467
0.0027213
0.0034097
0.0028841
0.0030123
0.0028851
0.0037975
0.0036939
0.0037453
0.0033318
0.002761
0.0023666
0.0033879
0.0036181
0.0040842
0.0026805
0.0033893
0.0033803
0.0031224
0.0035112
0.0027194
0.0022892
0.0023818
0.0023557
0.002237
0.0017443
0.0024891
0.0025307
0.0032518
0.0035523
0.0041908
0.0043564
0.0047162
0.0048097
0
0
0
0
0
0
0
0
0
0
0
0
0
0
0
0
0
0
0
0
0
0
0
0
0
0
0
0
0
0
0
0
0
0
0
0
0
0
0
0
0
0
0
0
0
3.9097e-05
3.9097e-05
0.00038476
0.00062831
0.00071294
0.0010194
0.0017321
0.0028741
0.0041919
0.0047618
0.0039149
0.0026986
0.0027312
0.0027791
0.0036494
0.0053629
0.0057614
0.0059729
0.0053726
0.0045133
0.0035142
0.0027273
0.0026693
0.0025028
0.003544
0.0041929
0.0041994
0.0045557
0.0048504
0.0046829
0.0042856
0.0030933
0.0023629
0.0021455
0.003314
0.0043538
0.0046119
0.0043044
0.0037361
0.0033722
0.0030891
0.0028643
0.0029173
0.0026384
0.0026183
0.0028484
0.0023533
0.0021077
0.0024857
0.0029733
0.0030229
0.0035839
0.0042333
0.0043238
0.004962
0.0048097
0
0
0
0
0
0
0
0
0
0
0
0
0
0
0
0
0
0
0
0
0
0
0
0
0
0
0
0
0
0
0
0
0
0
0
0
0
0
0
0
0
0
0
0
3.9097e-05
3.9097e-05
0.00016834
0.00044022
0.00062218
0.00081183
0.00049762
0.0011607
0.0026313
0.0036148
0.0035109
0.0039598
0.0034229
0.0040225
0.0051306
0.0055123
0.0056024
0.005432
0.0056566
0.0051568
0.0049037
0.0047958
0.0034511
0.0028248
0.0035118
0.003826
0.004837
0.0050055
0.0058657
0.0058125
0.0057667
0.0043169
0.0035254
0.0031911
0.0025052
0.0023379
0.0031815
0.0047682
0.0043555
0.0033364
0.0034572
0.0033849
0.0030951
0.0031505
0.0032996
0.0033096
0.002878
0.002679
0.0019718
0.002417
0.0027718
0.0030305
0.003456
0.0042035
0.0042663
0.0050242
0.0048097
0
0
0
0
0
0
0
0
0
0
0
0
0
0
0
0
0
0
0
0
0
0
0
0
0
0
0
0
0
0
0
0
0
0
0
0
0
0
0
0
0
0
0
0
0
0
0.00015263
0.0002586
0.00036994
0.00067604
0.00077655
0.0011084
0.0021247
0.002246
0.0032947
0.0038704
0.0037252
0.0038923
0.003172
0.0033445
0.0037718
0.0029124
0.0034088
0.0035546
0.0043608
0.0043697
0.0039162
0.0035163
0.003176
0.0037358
0.0043839
0.0046033
0.0056084
0.006242
0.0058246
0.0056826
0.004478
0.0035857
0.0023833
0.0029429
0.0034889
0.0044199
0.005219
0.0037482
0.0028749
0.002936
0.0029565
0.0031326
0.0034448
0.0030385
0.0030139
0.0027857
0.0023015
0.0026762
0.002971
0.0033404
0.0037114
0.0041067
0.0040884
0.0049753
0.0048097
0
0
0
0
0
0
0
0
0
0
0
0
0
0
0
0
0
0
0
0
0
0
0
0
0
0
0
0
0
0
0
0
0
0
0
0
0
0
0
0
0
0
0
0
0
0
0
5.0475e-05
0.00016987
0.0006138
0.0011809
0.0021057
0.0032699
0.0040187
0.0052899
0.0051357
0.0040045
0.00359
0.0027987
0.0030296
0.0030496
0.0026844
0.0028471
0.0036207
0.0041667
0.0044953
0.0037072
0.0033735
0.0029695
0.0036545
0.0042251
0.0048312
0.0063047
0.0061054
0.0051632
0.0051622
0.0043001
0.0042087
0.00358
0.0031254
0.0026368
0.0030495
0.0030626
0.0029215
0.00282
0.0031413
0.0033785
0.0031036
0.0033073
0.0037501
0.0032135
0.0031175
0.0024649
0.0026136
0.0032525
0.0037093
0.0038392
0.004292
0.0042577
0.0049919
0.0048097
0
0
0
0
0
0
0
0
0
0
0
0
0
0
0
0
0
0
0
0
0
0
0
0
0
0
0
0
0
0
0
0
0
0
0
0
0
0
0
0
0
0
0
0
0
0
0
0.0015908
0.0020222
0.0021498
0.0022811
0.0017997
0.0024558
0.0041039
0.0046824
0.0054225
0.0047934
0.0045195
0.0039684
0.0041849
0.0040766
0.0032421
0.0033343
0.0041044
0.0034335
0.0037679
0.003755
0.0041707
0.0049239
0.0043698
0.0057288
0.0059366
0.0057804
0.0070736
0.005455
0.0048173
0.0044873
0.0037371
0.0035801
0.0032982
0.0033828
0.0032246
0.0032443
0.0037306
0.0040735
0.0042789
0.0038845
0.0036939
0.0029423
0.0031422
0.0030643
0.0026907
0.002808
0.0028133
0.0037473
0.0036823
0.0038001
0.0041008
0.0042409
0.0049032
0.0048097
0
0
0
0
0
0
0
0
0
0
0
0
0
0
0
0
0
0
0
0
0
0
0
0
0
0
0
0
0
0
0
0
0
0
0
0
0
0
0
0
0
0
0
0
0
0
0.0002313
0.0015917
0.0021796
0.0023454
0.0014883
0.0020721
0.0023328
0.0024777
0.0040687
0.0045489
0.004702
0.0048008
0.0045316
0.0039397
0.0036315
0.0026597
0.0025808
0.0025933
0.00274
0.0030734
0.0032521
0.0041987
0.0053095
0.0056155
0.0054465
0.0050594
0.0054097
0.0063994
0.0061619
0.0059071
0.0042271
0.003338
0.0035378
0.0028471
0.0033392
0.003212
0.0038579
0.0042732
0.0043701
0.0043043
0.0040972
0.0032591
0.0033826
0.0035056
0.003509
0.0029418
0.0026701
0.0026394
0.0040221
0.0039382
0.0040558
0.0040717
0.0043046
0.0046699
0.0048097
0
0
0
0
0
0
0
0
0
0
0
0
0
0
0
0
0
0
0
0
0
0
0
0
0
0
0
0
0
0
0
0
0
0
0
0
0
0
0
0
0
0
0
0
0
0
0
0
0
0.00017874
0.00062759
0.0015466
0.0028341
0.0043067
0.0054129
0.0052856
0.0053773
0.0052426
0.0045306
0.0039971
0.0035916
0.0029804
0.0024634
0.0025902
0.0028171
0.0029608
0.0035964
0.0049069
0.0048353
0.0047683
0.0043273
0.0036689
0.0042602
0.0043326
0.005087
0.0051669
0.0040493
0.0031442
0.0034536
0.0032966
0.0035665
0.0044331
0.0042515
0.0042388
0.0048022
0.0045264
0.0036202
0.0035614
0.0028317
0.0038324
0.0043702
0.0033642
0.0026522
0.0027883
0.0038205
0.0039679
0.0042445
0.004257
0.0043426
0.004602
0.0048097
0
0
0
0
0
0
0
0
0
0
0
0
0
0
0
0
0
0
0
0
0
0
0
0
0
0
0
0
0
0
0
0
0
0
0
0
0
0
0
0
0
0
0
0
0
0
0
0
0
0.00011418
0.00011418
0.00041833
0.001515
0.0027267
0.0033845
0.0042505
0.0044692
0.003797
0.0038686
0.0040021
0.0037671
0.0036128
0.0033333
0.0036452
0.0038271
0.0047037
0.0047027
0.0052886
0.0052091
0.0044519
0.0040221
0.0033714
0.0037688
0.003608
0.0046448
0.0043679
0.003958
0.0037221
0.003115
0.0035935
0.0040712
0.0039756
0.0043088
0.0052783
0.004772
0.004718
0.0034794
0.0029867
0.0037052
0.0038953
0.0038926
0.0036198
0.0027924
0.0029711
0.0037805
0.004108
0.0043125
0.0043677
0.0039544
0.0046406
0.0048097
0
0
0
0
0
0
0
0
0
0
0
0
0
0
0
0
0
0
0
0
0
0
0
0
0
0
0
0
0
0
0
0
0
0
0
0
0
0
0
0
0
0
0
0
3.9794e-05
0.00019179
0.0003848
0.00089887
0.00093395
0.0011344
0.00071316
0.0010095
0.0012032
0.0013382
0.001585
0.0019905
0.0022819
0.0029733
0.003284
0.0034685
0.0033079
0.0040247
0.0044952
0.0048701
0.0042644
0.0040089
0.0042707
0.0040559
0.0035713
0.0041612
0.0048542
0.0043611
0.0040554
0.0036571
0.0036823
0.0035335
0.0043546
0.0042927
0.003808
0.0040463
0.0040074
0.0042719
0.0042208
0.0047294
0.0047126
0.0041923
0.0035886
0.002794
0.0038235
0.0040417
0.0039905
0.0035064
0.0026647
0.0032805
0.0042717
0.005004
0.004631
0.0045107
0.0041777
0.0043578
0.0048097
0
0
0
0
0
0
0
0
0
0
0
0
0
0
0
0
0
0
0
0
0
0
0
0
0
0
0
0
0
0
0
0
0
0
0
0
0
0
0
0
0
0
0
0
0
0.00012338
0.00048013
0.0010756
0.00099206
0.00092777
0.00076521
0.0013356
0.0016924
0.0026731
0.0029484
0.0028924
0.0028119
0.0025978
0.0025991
0.0027527
0.0040525
0.0050229
0.005703
0.0053839
0.0049327
0.0058036
0.0054015
0.0052795
0.0041466
0.00404
0.0041514
0.0044615
0.0044194
0.0032056
0.0026367
0.0028927
0.0033596
0.0038888
0.0039935
0.0039431
0.0030302
0.0036218
0.0037885
0.004333
0.0054471
0.0058633
0.0051725
0.004565
0.0039229
0.0037975
0.0041767
0.0036149
0.0027109
0.0033116
0.0038806
0.0052076
0.0045878
0.004702
0.0041987
0.0043769
0.0048097
0
0
0
0
0
0
0
0
0
0
0
0
0
0
0
0
0
0
0
0
0
0
0
0
0
0
0
0
0
0
0
0
0
0
0
0
0
0
0
0
0
0
0
0
0
0
9.9052e-05
0.00022545
0.00061706
0.00037548
0.00039291
0.00045265
0.0010001
0.0017274
0.0027901
0.0031928
0.0029177
0.0023016
0.0013561
0.0021038
0.003082
0.0040566
0.0043745
0.0045455
0.0056666
0.0060942
0.0059347
0.0059816
0.005461
0.004759
0.0050115
0.0040984
0.003407
0.0033928
0.0031416
0.0026605
0.0030703
0.0030929
0.0038262
0.0040234
0.0037551
0.0034036
0.0037551
0.0046118
0.0051195
0.0059137
0.0057789
0.0051152
0.0039941
0.003898
0.0040967
0.0038753
0.0026045
0.0036655
0.0038778
0.0053601
0.0052244
0.004859
0.004133
0.0043212
0.0048097
0
0
0
0
0
0
0
0
0
0
0
0
0
0
0
0
0
0
0
0
0
0
0
0
0
0
0
0
0
0
0
0
0
0
0
0
0
0
0
0
0
0
0
0
0.00013926
0.00040551
0.00060723
0.0012272
0.0013621
0.0016192
0.001616
0.0011343
0.00049978
0.00048708
0.0010922
0.001874
0.00206
0.0021588
0.0022793
0.0024342
0.0027212
0.0033035
0.0038239
0.0040215
0.0040933
0.0044757
0.0036226
0.0040281
0.0044889
0.0045445
0.0045045
0.0033186
0.004019
0.003616
0.0035414
0.0032212
0.0032401
0.002805
0.0031863
0.0032236
0.0032878
0.0032806
0.0030735
0.0040455
0.0047703
0.0063791
0.0056783
0.0050042
0.0038883
0.0035578
0.00436
0.0035664
0.0026325
0.0036418
0.0036701
0.005276
0.0054074
0.0044087
0.0041547
0.0043272
0.0048097
0
0
0
0
0
0
0
0
0
0
0
0
0
0
0
0
0
0
0
0
0
0
0
0
0
0
0
0
0
0
0
0
0
0
0
0
0
0
0
0
0
0
0
0
3.984e-05
0.00012856
0.00038849
0.00060942
0.00088872
0.0015053
0.001526
0.001369
0.001094
0.0011529
0.0017272
0.0016315
0.0016197
0.0023882
0.0035363
0.0042772
0.0045224
0.0043538
0.0051037
0.0049534
0.005256
0.0047188
0.0031437
0.002921
0.0029226
0.0038555
0.0040518
0.0033942
0.0035474
0.0042738
0.003783
0.0034617
0.0019354
0.0015606
0.0022632
0.0029849
0.0037202
0.0031162
0.0031937
0.0033705
0.0038849
0.0055527
0.0066746
0.0052059
0.0041675
0.0037916
0.0034607
0.0031033
0.0025931
0.0034733
0.0036366
0.0048001
0.0049593
0.0043196
0.0042372
0.0042989
0.0048097
0
0
0
0
0
0
0
0
0
0
0
0
0
0
0
0
0
0
0
0
0
0
0
0
0
0
0
0
0
0
0
0
0
0
0
0
0
0
0
0
0
0
0
0
0
0.00050765
0.00075952
0.0011395
0.00087473
0.00068126
0.00044629
0.00089872
0.0011624
0.0021825
0.0024534
0.0029038
0.0035762
0.0045082
0.0042362
0.0040491
0.0048942
0.004618
0.0047999
0.0053411
0.0055259
0.0050024
0.0037016
0.0031544
0.0033405
0.0042277
0.0038353
0.0040086
0.0034723
0.0034441
0.0037676
0.0030245
0.002618
0.0018411
0.0021063
0.0026351
0.0031526
0.0033206
0.0024437
0.0035656
0.0036679
0.0047974
0.0063722
0.0061545
0.0047868
0.0038969
0.0035326
0.0030558
0.0030349
0.0033647
0.0034559
0.0045239
0.0046621
0.0043022
0.0042865
0.0043128
0.0048097
