0
0
0
0
0
0
0
0
0
0
0
0
0
0
0
0
0
0
0
0
0
0
0
0
0
0
0
0
0
0
0
0
0
0
0
0
0
0
0
0
0
0
0
0
0
0
0
0
0
0
0
0.00012471
0.00012471
0
0
0
9.857e-05
0.00084749
0.00098485
0.00091305
0.00088492
0.00010212
0.0001279
0.0001279
0.00018242
0.00018242
0.00012496
0
0
0
0
0
0
0
0
0
0
0
0
0
0
0
0.00036003
0.00043402
0.00048432
0.00032534
0.00014134
0.00010994
7.5488e-05
2.4365e-05
2.4365e-05
0
0
0
0
0
0
0
0
0
0.00014323
0
0
0
0
0
0
0
0
0
0
0
0
0
0
0
0
0
0
0
0
0
0
0
0
0
0
0
0
0
0
0
0
0
0
0
0
0
0
0
0
0
0
0
0
0
0
0
0
0
6.9147e-05
0.00019386
0.00019386
0.00019386
0.00012471
0
0
7.18e-05
7.18e-05
0.00030629
0.00048518
0.00031328
0.00022052
0.00024934
0.00012496
0.00018242
0.00012496
0.00012496
0.00036349
0.00024834
0.00024834
0
0
0
0.00020272
0.00020272
2.4784e-05
0
0
0
0
0
0.00011316
0.00015104
0.00035376
0.00035376
0.00027505
0.00015957
0.00010994
0.00010994
4.6929e-05
2.4365e-05
0
0
0
0
0
0
0
0
0
0.00014323
0
0
0
0
0
0
0
0
0
0
0
0
0
0
0
0
0
0
0
0
0
0
0
0
0
0
0
0
0
0
0
0
0
0
0
0
0
0
0
0
0
0
0
0
0
0
0
0
0
0
6.9147e-05
6.9147e-05
0
0
0
0
0
0
0
0.00017889
0.00017889
0.00017889
0.0001281
0
0
0
0.00022493
0.00036349
0.00036349
0.00036349
0.00015692
4.0323e-05
0.00024477
0.00026956
0.00025119
0.00020272
2.4784e-05
8.0343e-05
0.0001793
0.00023096
0.00014318
0.00015294
0.00011316
0.00018715
0.00028822
0.00010845
0.00060639
0.00066673
0.00052565
0.00015845
4.6991e-05
0
0
0
0
0
0
0
0
0
0.00014323
0
0
0
0
0
0
0
0
0
0
0
0
0
0
0
0
0
0
0
0
0
0
0
0
0
0
0
0
0
0
0
0
0
0
0
0
0
0
0
0
0
0
0
0
0
0
0
0
0
0
0
0
0
0
0
0
0
0
0
0
0
0
0
0
0
0
0.00011515
0.00011515
0.00022493
0
6.5816e-06
4.0323e-05
6.684e-05
0.00026956
0.0002761
0.00025414
0.00016113
0.00032495
0.00051125
0.00051125
0.00028132
0.00014318
0.00011316
0.00011316
0
0.00035413
0.00066548
0.00066548
0.00065491
0.00013409
4.6991e-05
0
0
0
0
5.2246e-05
0
0
0
0
0.00014323
0
0
0
0
0
0
0
0
0
0
0
0
0
0
0
0
0
0
0
0
0
0
0
0
0
0
0
0
0
0
0
0
0
0
0
0
0
0
0
0
0
0
0
0
0
0
0
0
0
0
0
0
0
0
0
0
0
0
0.00035377
0.00060255
0.00065381
0.0009281
0.00067772
0.0004758
0.0010444
0.0005974
0.00059882
0.00018455
0.00018455
0.00016036
4.9224e-05
0
0
5.9981e-05
8.4883e-05
0.0001013
0.00035105
0.0004811
0.0006274
0.00059525
0.00028132
3.9663e-05
0
0
0
0.00057838
0.00066548
0.00066548
0.00068243
8.2964e-05
4.6991e-05
0
9.0292e-05
0
5.2246e-05
7.679e-05
0
0
0
0
0.00014323
0
0
0
0
0
0
0
0
0
0
0
0
0
0
0
0
0
0
0
0
0
0
0
0
0
0
0
0
0
0
0
0
0
0
0
0
0
0
0
0
0
0
0
0
0
0
0
0
0
0
0
0
0
0
0.00025426
0.00025426
0.00013609
0
0.0003581
0.0004721
0.0010796
0.0011988
0.00091688
0.0010564
0.0011999
0.0010216
0.00085284
0.00052669
0.00047482
0.00046002
0.00018085
0.00011681
0.00015027
0.00019292
0.00041326
0.0004811
0.00037943
0.00035175
0.00035783
0.0003555
9.0027e-05
0
0
0
3.2557e-05
0.00045102
0.00064691
0.00061436
0.00066135
8.2964e-05
4.6991e-05
9.0292e-05
9.0292e-05
9.0292e-05
7.679e-05
7.679e-05
7.679e-05
0
0
0
0.00014323
0
0
0
0
0
0
0
0
0
0
0
0
0
0
0
0
0
0
0
0
0
0
0
0
0
0
0
0
0
0
0
0
0
0
0
0
0
0
0
0
0
0
0
0
0
0
0
0
0
0
0
0
0
0.00034775
0.00040733
0.00044814
0.0006604
0.00051948
0.00040378
0.00035965
0.00041157
0.00042575
0.00032971
0.00023912
0.00052836
0.00042222
0.00066613
0.00068764
0.00058982
0.00055763
0.00063442
0.00045902
0.00051736
0.00049752
0.00041326
0.0003798
0.00035065
0.00087921
0.00080397
0.00080397
0
0
0
0
0.00011331
0.00017088
0.00063884
0.00072241
0.00021657
4.6991e-05
4.6991e-05
9.0292e-05
9.0292e-05
0.00014254
7.679e-05
7.679e-05
7.679e-05
0
0
0
0.00014323
0
0
0
0
0
0
0
0
0
0
0
0
0
0
0
0
0
0
0
0
0
0
0
0
0
0
0
0
0
0
0
0
0
0
0
0
0
0
0
0
0
0
0
0
0
0
0
0
0
0
0
0
0
0
0.00015307
0.0003347
0.0005325
0.00071431
0.00091602
0.00063469
0.00038352
0.00020171
0
0
0
8.1182e-05
0.00029818
0.00029818
0.00039985
0.00048943
0.00040204
0.00034221
0.00034221
0.00028953
0.00032296
0.00036605
4.3086e-05
0.00074112
0.00074112
0.00074112
0.00074112
0
9.1576e-05
9.1576e-05
0.00020489
0.00051939
0.00052986
0.0003865
7.5501e-05
4.6991e-05
4.6991e-05
9.0292e-05
9.0292e-05
0.00016708
0.00016708
7.679e-05
7.679e-05
0
0
0
0.00014323
0
0
0
0
0
0
0
0
0
0
0
0
0
0
0
0
0
0
0
0
0
0
0
0
0
0
0
0
0
0
0
0
0
0
0
0
0
0
0
0
0
0
0
0
0
0
0
0
0
0
0
0
0
0
0
0
7.2602e-05
0.00017343
0.0003067
0.0003067
8.0991e-05
0
0
0
0
0
0
0.00012497
0
0
0
0
0
0
0
0
0
0
0.00074112
0.00074112
0
0
9.1576e-05
0.00013031
0.00024363
0.00060261
0.00051103
0.00035898
0.00015714
0
0
9.0292e-05
9.0292e-05
0.00016708
0.00016708
7.679e-05
7.679e-05
0
0
0
0.00014323
0
0
0
0
0
0
0
0
0
0
0
0
0
0
0
0
0
0
0
0
0
0
0
0
0
0
0
0
0
0
0
0
0
0
0
0
0
0
0
0
0
0
0
0
0
0
0
0
0
0
0
0
0
0
6.8438e-05
6.8438e-05
6.8438e-05
0.00046213
0.00058606
0.00058606
0.00048053
0
0
0
0
0
0
0
0
0
0
0
0
0
0
0
0
0
0
0
0.00014347
0.00014347
0.00023505
0.00013031
0.00029199
0.00057005
0.00047847
0.00035898
0.00026093
0
0
9.0292e-05
9.0292e-05
0.00016708
0.00016708
7.679e-05
7.679e-05
0
0
0
0.00014323
0
0
0
0
0
0
0
0
0
0
0
0
0
0
0
0
0
0
0
0
0
0
0
0
0
0
0
0
0
0
0
0
0
0
0
0
0
0
0
0
0
0
0
0
0
0
0
0
0
0
0
0
0
0.00019607
0.0017066
0.0017498
0.0012846
0.00073029
0.00046118
0.00046118
0.00022197
0.00012392
0
0
0
0
0
0
0
0.0001807
0.0001807
0.0001807
0.0001807
0
0
0
0
0
0.00012392
0.00033358
0.0012169
0.0012879
0.001163
0.00027137
0.00027565
0.00036452
0.00039772
0.00035898
0
0
0
9.0292e-05
9.0292e-05
0.00016708
7.679e-05
7.679e-05
7.679e-05
0
0
0
0.00014323
0
0
0
0
0
0
0
0
0
0
0
0
0
0
0
0
0
0
0
0
0
0
0
0
0
0
0
0
0
0
0
0
0
0
0
0
0
0
0
0
0
0
0
0
0
0
0
0
0
0
0
0
0
0.00094368
0.0021162
0.0022041
0.0021502
0.00045859
0.00032084
0.00060542
0.00056339
0.00029979
3.4851e-05
0
0
0
0
0
0
0.00034672
0.00034672
0.00034672
0.0001807
0
0
0
0
0
0.00028882
0.0011235
0.0015148
0.0016661
0.0016839
0.0010584
0.00074271
0.00059381
0.00061343
0.00012539
0
0
0
9.0292e-05
9.0292e-05
0.00016708
7.679e-05
7.679e-05
7.679e-05
0
0
0.00011085
0.00014323
0
0
0
0
0
0
0
0
0
0
0
0
0
0
0
0
0
0
0
0
0
0
0
0
0
0
0
0
0
0
0
0
0
0
0
0
0
0
0
0
0
0
0
0
0
0
0
0
0
0
0
0
0
0
0.00055077
0.00066667
0.00092043
0.0014158
0.001557
0.0011723
0.00078706
0.00046411
0.0001754
0
0
0
0
0
0.00013216
0.00018141
0.00018141
0.00018141
1.5384e-05
0
0
0
0
0
0.00033829
0.00052325
0.0015998
0.0019542
0.0018283
0.0013732
0.00098042
0.0006436
0.00055507
0
0.00018187
0
0.00031709
8.3211e-05
8.3211e-05
7.679e-05
7.679e-05
7.679e-05
7.679e-05
0
0
0.00011085
0.00014323
0
0
0
0
0
0
0
0
0
0
0
0
0
0
0
0
0
0
0
0
0
0
0
0
0
0
0
0
0
0
0
0
0
0
0
0
0
0
0
0
0
0
0
0
0
0
0
0
0
0
0
0.00011966
0.00011966
0.00011966
0
0.00061433
0.00093718
0.0013225
0.0013377
0.00078399
0.00014021
0.00023569
0.00014346
0.00010301
0
0
0
0
0
4.3573e-05
1.5384e-05
1.5384e-05
6.5249e-05
4.9865e-05
0
0
0
0
0.00016551
0.00031554
0.00077322
0.0011825
0.0011501
0.0016893
0.0012253
0.00097529
0.00063082
0.00033093
0.00061806
0.00057406
0.00038699
0.00031709
8.3211e-05
0
7.679e-05
7.679e-05
7.679e-05
0
0
0.00011085
0.00014323
0
0
0
0
0
0
0
0
0
0
0
0
0
0
0
0
0
0
0
0
0
0
0
0
0
0
0
0
0
0
0
0
0
0
0
0
0
0
0
0
0
0
0
0
0
0
0
0
0
0
7.8338e-05
0.00011966
0.00011966
0.00011966
0
7.7351e-05
7.7351e-05
7.7351e-05
7.7351e-05
9.2223e-05
0.00093211
0.00124
0.0011478
0.00048119
0
0
0.0030097
0.0030464
0.0031226
0.0027016
6.4891e-05
7.8054e-05
4.9865e-05
4.9865e-05
0.00013955
8.9688e-05
8.9688e-05
8.9688e-05
0
0.00024849
0.00053268
0.00072705
0.0011302
0.0010813
0.0012068
0.0010692
0.00051682
0.00041593
0.00075625
0.0009692
0.00094485
0.0006198
8.3211e-05
0
0.00014506
7.679e-05
2.4544e-05
0
0
0.00011085
0.00014323
0
0
0
0
0
0
0
0
0
0
0
0
0
0
0
0
0
0
0
0
0
0
0
0
0
0
0
0
0
0
0
0
0
0
0
0
0
0
0
0
0
0
0
0
0
0
0
0
0
0
0
0
0
0
0
0
0
0
0
0
0.0012937
0.0012937
0.0012937
0.00086307
0
6.8839e-05
0.0030393
0.003124
0.0031869
0.0028407
0.00036023
0.00020715
0.00015515
4.9865e-05
8.9688e-05
8.9688e-05
8.9688e-05
8.9688e-05
0
0.00024939
0.00030416
0.0011526
0.0020279
0.0021649
0.00091507
0.00058991
0.00055973
0.00055111
0.00103
0.0012568
0.00096941
0.00088441
0.00024077
0.00015249
6.8271e-05
0.00014457
0
1.6408e-05
0
0.00014323
0.00014323
0
0
0
0
0
0
0
0
0
0
0
0
0
0
0
0
0
0
0
0
0
0
0
0
0
0
0
0
0
0
0
0
0
0
0
0
0
0
0
0
0
0
0
0
0
0
0
0
0
0
0
0
0
0
0
0
0
0
9.9385e-05
0.00026301
0.00078255
0.00078255
0.00058308
0.00032798
0
2.9577e-05
2.9577e-05
0.00047628
0.00077925
0.00090149
0.00057443
0.00033083
0.00017245
2.0627e-05
0
0
0
0
0.00010764
0.00025469
0.00081383
0.0019014
0.00179
0.0021515
0.0017285
0.00041679
0.00046509
0.00097073
0.0015398
0.0014715
0.0012002
0.0010136
0.00024077
8.7177e-05
0.00012002
0.00012002
1.6408e-05
1.6408e-05
0.00011085
0.00014323
0.00014323
0
0
0
0
0
0
0
0
0
0
0
0
0
0
0
0
0
0
0
0
0
0
0
0
0
0
0
0
0
0
0
0
0
0
0
0
0
0
0
0
0
0
0
0
0
0
0.00010142
0.00010142
0
0
0
0
0
0
0
0
0
0
9.9385e-05
0.00019947
0.00039921
0.00049318
0.00029371
0.00019174
0
0
0
0.00029965
0.00062679
0.0007341
0.00043445
0.00025598
2.0627e-05
2.7215e-05
2.7215e-05
0
0
0.00022878
0.00060444
0.00076709
0.0012465
0.0022998
0.0023547
0.0019725
0.0012698
0.00036525
0.00051366
0.0010539
0.00132
0.0013563
0.0012002
0.00081145
0.00041931
0.00013893
0.00012002
0.00012002
6.816e-05
8.1102e-05
0.00011085
0.00014323
0.00014323
0
0
0
0
0
0
0
0
0
0
0
0
0
0
0
0
0
0
0
0
0
0
0
0
0
0
0
0
0
0
0
0
0
0
0
0
0
0
0
0
0
0
0
0
0
0.00010142
0.00010142
0.00010142
0.00010142
0
0
0
0
0
0
0
0
0
0
0
0
0
0
0
0
0
0
0
0.00011495
0.00011495
0.00011495
0.00011495
2.7215e-05
2.7215e-05
2.7215e-05
2.7215e-05
5.7489e-05
0.00023407
0.0006107
0.0010646
0.0013898
0.0011743
0.0020068
0.0015684
0.00058954
0.00063915
0.00069033
0.00076581
0.0010962
0.0012132
0.00090816
0.00079992
0.00036142
0.00013893
0.00013893
0.00013643
0.00013285
8.1102e-05
0.00011085
0.00014323
0.00014323
0
0
0
0
0
0
0
0
0
0
0
0
0
0
0
0
0
0
0
0
0
0
0
0
0
0
0
0
0
0
0
0
0
0
0
0
0
0
0
0
0
0
0
0
0
0
0
0
0
0
0
6.2819e-05
0.00010219
0.00010219
0.00010219
0
0
0
0
0
3.6541e-05
3.6541e-05
3.6541e-05
0
0.00028115
0.00041022
0.00029962
0.00023345
0.00011495
0.00011495
0.00011495
0.00011495
2.7215e-05
2.7215e-05
2.7215e-05
0
0
5.7489e-05
0.00061703
0.00095626
0.0012081
0.0011017
0.00086934
0.0010027
0.0005999
0.00050695
0.00069834
0.00071933
0.00080707
0.00081111
0.00091849
0.00053606
0.00027821
0.00013893
0.00013893
0.00013643
0.00013285
8.1102e-05
0.000176
0.00014323
0.00014323
0
0
0
0
0
0
0
0
0
0
0
0
0
0
0
0
0
0
0
0
0
0
0
0
0
0
0
0
0
0
0
0
0
0
0
0
0
0
0
0
0
0
0
0
0
0
0
0
0
0
0
0.00010219
0.00010219
0.00010219
0.00020997
0.0016378
0.0033817
0.0031315
0.00097406
0
3.6541e-05
3.6541e-05
0.00011909
0.00075054
0.00041022
0.00041022
0.00041022
0.00012907
0
0.00016634
0.00016634
0
0
0
0
0
6.6063e-05
6.6063e-05
0.00033963
0.00033963
0.00049707
0.0005157
0.00095809
0.00098786
0.00090041
0.00085274
0.00067347
0.00071893
0.00069459
0.00042565
0.00045155
0.00031906
0.00022201
0.00013893
0.00013893
0.00013643
0.00013285
8.1102e-05
0.00019195
0.00014323
0.00014323
0
0
0
0
0
0
0
0
0
0
0
0
0
0
0
0
0
0
0
0
0
0
0
0
0
0
0
0
0
0
0
0
0
0
0
0
0
0
0
0
0
0
0
0
0
0
0
0
0
0
0
0
0
7.3835e-05
0.0013526
0.0035887
0.0044408
0.0044086
0.0027901
0.00036165
4.1168e-05
0.00041788
0.00064457
0.00064457
0.0006034
0.00033729
0
0
0.00016634
0.00029164
0.00039553
0.00062387
0.00028382
0.00017596
0
0
6.6063e-05
0.00023698
0.00056785
0.00062559
0.00044373
0.00057773
0.00092948
0.00085991
0.00081906
0.00074819
0.00022796
0.00026596
0.0001691
0.00023578
0.00027937
0.00018963
0.00018107
0.00013893
0.00012002
0.00020113
0.00013285
8.1102e-05
0.00019195
0.00014323
0.00014323
0
0
0
0
0
0
0
0
0
0
0
0
0
0
0
0
0
0
0
0
0
0
0
0
0
0
0
0
0
0
0
0
0
0
0
0
0
0
0
0
0
0
0
0
0
0
0
0
0
0
0
0
0
0
0.0001891
0.00055563
0.00084425
0.00078617
0.00059789
0.00018451
0.00012366
0.00012366
0.00050038
0.0006859
0.00022669
0
0
0
0.00024229
0.00029164
0.00063175
0.00083756
0.00086565
0.00070164
0.00030452
3.9218e-05
2.1922e-05
0.00034761
0.00040592
0.00044106
0.00033768
0.00027537
0.0007558
0.00070598
0.00073006
0.00023606
0.00020599
0.00020599
0.00014459
0.00012042
0.00023069
0.00011027
1.8906e-05
0.00013893
0.00012002
0.00020113
0.00013285
0.00019195
0.00019195
0.00014323
0.00014323
0
0
0
0
0
0
0
0
0
0
0
0
0
0
0
0
0
0
0
0
0
0
0
0
0
0
0
0
0
0
0
0
0
0
0
0
0
0
0
0
0
0
0
0
0
0
0
0.00011159
0.00011159
0.00011159
0.00011159
0
0
0
0
0
0.00078853
0.0012357
0.0018768
0.0014468
0.0010248
0.00056712
8.2496e-05
8.2496e-05
3.6813e-05
0.0001162
0.0001162
0
0
0.00019032
0.00065091
0.00072494
0.0014337
0.001247
0.00082884
0.00020306
0
0.00028155
0.00035683
0.00033491
0.00018126
0.00017886
5.1876e-05
0.00018781
0.00013593
0.00010012
0.00010012
0.00010012
0
6.045e-05
6.045e-05
0
0
0.00012002
0.00012002
0.00020113
0.00013285
0.00019195
0.00019195
0.00014323
0.00014323
0
0
0
0
0
0
0
0
0
0
0
0
0
0
0
0
0
0
0
0
0
0
0
0
0
0
0
0
0
0
0
0
0
0
0
0
0
0
0
0
0
0
0
0
0
0
0
4.7626e-05
0.00011159
0.00011159
0.00011159
0
0
0
0
0
0.0011791
0.0015027
0.0026409
0.0024235
0.0016507
0.00064026
0
0
0.00016635
0.00035696
0.00042768
0.00080542
0.00074955
0.00041489
6.5015e-05
0.00092073
0.0013334
0.0012363
0.00086095
0.00035337
8.7961e-05
2.4562e-05
0.00018003
0.00018003
0.00015547
0.00020734
5.1876e-05
5.1876e-05
0
0
0.00010012
0
0
0
0
0
0
5.1753e-05
0.00010364
0.00013285
0.00013285
0.00019195
0.00019195
0.00014323
0.00014323
0
0
0
0
0
0
0
0
0
0
0
0
0
0
0
0
0
0
0
0
0
0
0
0
0
0
0
0
0
0
0
0
0
0
0
0
0
0
0
0
0
0
0
0
0
0
0
0
0
0
0
0
0
0
0
0
6.325e-05
0.00035863
0.00093733
0.0014952
0.0015241
0.001286
0.0010627
0.00026728
0.0002396
0.00035597
0.00074104
0.00083811
0.00074955
0.00059734
0.00017679
0.00040432
0.00061506
0.00075149
0.00050813
0.00018451
7.2639e-05
7.2639e-05
0.00014621
0.00035317
0.0003399
0.00020082
0
0
0
0
0
0
0
0
0
0
0
0
0.00010853
0.00013285
8.1102e-05
0.00019195
0.00019195
0.00014323
0.00014323
0
0
0
0
0
0
0
0
0
0
0
0
0
0
0
0
0
0
0
0
0
0
0
0
0
0
0
0
0
0
0
0
0
0
0
0
0
0
0
0
0
0
0
0
0
0
0
0
0
0
0
0
5.7711e-05
0.00033852
0.0003846
0.00042306
0.00047213
0.00022143
0.00028637
0.0050542
0.0054438
0.0054414
0.0055666
0.001017
0.00076381
0.00067517
0
0.00052663
0.00052663
0.00021476
6.5878e-05
6.5878e-05
0.00021098
0
4.8076e-05
4.8076e-05
7.0128e-05
0.00010573
0.00021975
0.00037254
0.00041395
0.00026409
0.00011035
0
0
0
0
0
0
0
0
0
6.2794e-05
0.00011957
0.00010853
0.00018963
8.1102e-05
0.00019195
0.00019195
0.00014323
0.00014323
0
0
0
0
0
0
0
0
0
0
0
0
0
0
0
0
0
0
0
0
0
0
0
0
0
0
0
0
0
0
0
0
0
0
0
0
0
0
0
0
0
0
0
0
0
0
0
0
0
0
0
9.0212e-05
0.00026494
0.00026494
0.00073845
0.00062453
0.00027578
0.00036871
0.000176
0.00054364
0.0044077
0.0043449
0.0042863
0.002964
0.002964
0.0025928
8.7066e-05
2.3501e-05
3.2939e-05
0.00041857
0.00041857
0.00013371
6.5878e-05
0
0
4.8076e-05
7.0128e-05
8.1169e-05
0.0001703
0.00041864
0.00049325
0.00087923
0.00061807
0
0
4.4054e-05
4.4054e-05
0
0
0
0
6.2794e-05
6.2794e-05
0.00011957
5.678e-05
0.00013788
8.1102e-05
0.00019195
0.00019195
0.00014323
0.00014323
0
0
0
0
0
0
0
0
0
0
0
0
0
0
0
0
0
0
0
0
0
0
0
0
0
0
0
0
0
0
0
0
0
0
0
0
0
0
0
0
0
0
0
0
0
0
4.8755e-05
4.8755e-05
4.8755e-05
0.00030388
6.4552e-05
0.00016888
0.0002601
0.0005393
0.00038243
0.00024546
0.00019564
0.00017469
0.00013941
0.00016978
0.00029922
0.0030195
0.005696
0.0058251
0.0031668
0.0026209
4.3401e-05
2.3501e-05
0.0003762
0.00041857
0.00041857
0.00041857
0
0
0
0
0
0
0.00014011
0.00020768
0.000964
0.00087974
0.00069791
0.0006838
0.00023564
4.4054e-05
4.4054e-05
4.4054e-05
0
0
0
6.2794e-05
0.00011957
0.00011957
5.678e-05
0.00013788
0.00018591
0.00029675
0.00019195
0.00014323
0.00014323
0
0
0
0
0
0
0
0
0
0
0
0
0
0
0
0
0
0
0
0
0
0
0
0
0
0
0
0
0
0
0
0
0
0
0
0
0
0
0
0
0
0
0
0
0
0
8.2699e-05
0.00021286
0.0010266
0.0014074
0.0015205
0.001675
0.0011682
0.001358
0.00097553
0.00061983
0.00038561
0.00013524
0.00021677
0.00030575
0.00051621
0.0036848
0.0037131
0.0044739
0.0029913
0.00098628
0.00020287
9.4672e-05
5.1271e-05
0.00034326
0.00034326
7.3132e-05
0
0.0008691
0.0008691
0
3.1138e-05
3.6103e-05
4.9655e-06
0.00034453
0.00087189
0.00086693
0.00087766
0.00064225
0.00029406
0.00024971
4.4054e-05
4.4054e-05
0
0
0
6.2794e-05
0.00011957
0.00011957
0.00011957
0.00013788
0.00018591
0.00029675
0.00017554
0.00014323
0.00014323
0
0
0
0
0
0
0
0
0
0
0
0
0
0
0
0
0
0
0
0
0
0
0
0
0
0
0
0
0
0
0
0
0
0
0
0
0
0
0
0
0
0
0
0
0.00052891
0.00068642
0.00023657
0.00053928
0.001114
0.0022961
0.0025433
0.0027854
0.0025983
0.0016821
0.0019415
0.0010826
0.00060662
0.00046701
0.00029623
0.00041193
0.0006316
0.00058722
0.0017788
0.0031332
0.0027477
0.001655
0.0010496
0.00041879
0.00026719
0.00013416
0.00013429
0.00013429
0.0010034
0.0010593
0.0010846
0.0011157
0.00024662
3.6103e-05
0.00013862
0.00026174
0.00030134
0.00070744
0.000781
0.00087916
0.00048362
0.00048362
0.00019767
0.00011115
6.7099e-05
0
0
6.2794e-05
0.00011957
0.00011957
0.00011957
0.00022628
0.00018591
0.00029675
0.00020792
0.00014323
0.00014323
0
0
0
0
0
0
0
0
0
0
0
0
0
0
0
0
0
0
0
0
0
0
0
0
0
0
0
0
0
0
0
0
0
0
0
0
0
0
0
0
0
0
0
0.0183
0.018403
0.01867
0.020552
0.0045438
0.0056259
0.0069914
0.0073228
0.0093828
0.011975
0.0092857
0.0060091
0.0017808
0.0010367
0.00064136
0.00089412
0.00067813
0.00078479
0.0012736
0.0020437
0.0023706
0.0024093
0.0018765
0.00095571
0.00023844
0.00021592
0.00025163
0.00013429
0.00013429
0.00085364
0.0014387
0.0013401
0.0013517
0.00024662
3.1138e-05
3.1138e-05
0.00010252
0.0002443
0.00029638
0.00013133
0.00047918
0.00043957
0.00030754
0.00024926
6.7099e-05
0.00013079
0.0001574
0.00014504
6.2794e-05
0.00011957
0.00011957
5.678e-05
0.00022628
0.00018591
0.00029675
0.00020792
0.00014323
0.00014323
0
0
0
0
0
0
0
0
0
0
0
0
0
0
0
0
0
0
0
0
0
0
0
0
0
0
0
0
0
0
0
0
0
0
0
0
0
0
0
0
0
0
0
0.00015901
0.014998
0.017848
0.0030872
0.0058607
0.0098885
0.014512
0.015716
0.017854
0.018191
0.012781
0.0096289
0.0037198
0.0024588
0.0019822
0.0014443
0.00086764
0.00070802
0.00038431
0.00038737
0.00060722
0.00036021
0.00031746
0.00088499
0.0010162
0.0010162
0.00073193
0.00021096
0.00013429
0.00035408
0.0002555
0.00038913
0.00033143
0
0
0
8.3322e-05
8.3322e-05
8.3322e-05
5.3992e-05
0.00024799
0.00024799
0.00024799
0.00020521
6.7099e-05
0.00021214
0.00021214
0.0001957
0.0002585
0.00011957
0.00011957
5.678e-05
0.00016159
0.0001695
0.00029675
0.00043506
0.00014323
0.00014323
0
0
0
0
0
0
0
0
0
0
0
0
0
0
0
0
0
0
0
0
0
0
0
0
0
0
0
0
0
0
0
0
0
0
0
0
0
0
0
0
0
0
0
0
0
0.00044912
0.0045886
0.01388
0.023051
0.025569
0.024334
0.015634
0.010049
0.006133
0.0041429
0.002609
0.0018558
0.0017374
0.0013573
0.0014603
0.0015473
0.0009884
0.00023337
0.00017102
0.00030599
0.00049908
0.0014427
0.0015329
0.0014158
0.0011536
0.00021582
9.7275e-06
9.7275e-06
0
9.4098e-05
0.00011609
0.00011609
7.819e-05
0.00016865
0.00017378
0.00041453
0.00036929
0.00036929
0.00010988
0.00018956
0.00018956
6.7099e-05
6.7099e-05
0.00021214
0.00036156
0.00038446
0.00035081
0.00015666
0.00011957
5.678e-05
0.00016159
0.0001695
0.00040268
0.00043506
0.00014323
0.00014323
0
0
0
0
0
0
0
0
0
0
0
0
0
0
0
0
0
0
0
0
0
0
0
0
0
0
0
0
0
0
0
0
0
0
0
0
0
0
0
0
0
0
0
0
3.6751e-05
0.0027797
0.012844
0.025853
0.038047
0.042855
0.030477
0.019966
0.013534
0.0065712
0.0044652
0.0027366
0.0020602
0.001198
0.001363
0.0024512
0.0032937
0.0034574
0.0027868
0.001147
0.00071956
0.00093742
0.00098176
0.00062828
0.00040283
5.9537e-05
4.0582e-05
9.7275e-06
6.5921e-05
6.5921e-05
9.4098e-05
0.00017229
0.00014913
0.00023959
0.00020168
0.00042597
0.00084196
0.0007515
0.00028597
0.00028597
0
0
6.7099e-05
6.7099e-05
0.00034923
0.00045614
0.00058437
0.00044728
0.00020576
5.678e-05
5.678e-05
0.00016159
0.0001695
0.00040268
0.00037037
0.00014323
0.00014323
0
0
0
0
0
0
0
0
0
0
0
0
0
0
0
0
0
0
0
0
0
0
0
0
0
0
0
0
0
0
0
0
0
0
0
0
0
0
0
0
0
0
0
0
0
0.002165
0.013966
0.033827
0.045455
0.050367
0.043755
0.030903
0.015567
0.0076646
0.0054089
0.0040927
0.0026881
0.0019855
0.0013417
0.0029057
0.0046375
0.0056435
0.0054455
0.0045609
0.0019603
0.0044679
0.0036216
0.0001517
0.00012579
4.2241e-05
4.2241e-05
0.0002002
0.00024667
0.00030839
0.00015523
0.00022616
0.00029183
0.00020011
0.00016716
0.00047267
0.00075863
0.00074126
0.0005386
7.3083e-05
7.3083e-05
0
0
3.3359e-05
0.00034425
0.0004905
0.00063843
0.00054138
0.00020576
0
5.678e-05
0.00010481
0.00015002
0.00040268
0.00037037
0.00014323
0.00014323
0
0
0
0
0
0
0
0
0
0
0
0
0
0
0
0
0
0
0
0
0
0
0
0
0
0
0
0
0
0
0
0
0
0
0
0
0
0
0
0
0
0
0
0
0.00067249
0.0016444
0.012888
0.034797
0.054162
0.06603
0.056114
0.045578
0.036541
0.021983
0.012014
0.0060594
0.0040886
0.0023157
0.0028209
0.0039559
0.0044376
0.0055885
0.0054681
0.0052116
0.005982
0.0053322
0.0038912
0.0030978
0.00039399
0.00026837
0.00034053
0.00057757
0.00063169
0.00064039
0.00061037
0.00029651
0.00032954
7.6704e-05
7.6704e-05
0.00038221
0.00038221
0.00045529
0.00025264
7.3083e-05
7.3083e-05
0
0
4.82e-05
0.00021405
0.0005742
0.0005902
0.00046003
0.00024012
3.0842e-05
0
0.00010481
0.00022714
0.00033798
0.00037037
0.00014323
0.00014323
0
0
0
0
0
0
0
0
0
0
0
0
0
0
0
0
0
0
0
0
0
0
0
0
0
0
0
0
0
0
0
0
0
0
0
0
0
0
0
0
0
0
0
0
0.00018215
0.0013664
0.012992
0.035497
0.057899
0.064916
0.059354
0.049783
0.036931
0.027703
0.018662
0.0099792
0.0069729
0.0054625
0.0061812
0.0061408
0.0063877
0.0057256
0.0050168
0.0045073
0.004053
0.0046119
0.0034452
0.00094466
0.00054606
0.00061803
0.00085778
0.00095933
0.0010372
0.00081297
0.00071112
0.00053068
0.000277
0.00021326
0.00021326
9.007e-05
0.00013002
0.00012764
7.3083e-05
7.3083e-05
7.3083e-05
0
1.4841e-05
2.8374e-05
0.00024304
0.00049239
0.00055789
0.00045912
0.00024352
0
0
0.00010481
0.00022714
0.00033798
0.00037037
0.00014323
0.00014323
0
0
0
0
0
0
0
0
0
0
0
0
0
0
0
0
0
0
0
0
0
0
0
0
0
0
0
0
0
0
0
0
0
0
0
0
0
0
0
0
0
0
0
0
9.0255e-05
0.0004251
0.013743
0.041765
0.064499
0.073697
0.063349
0.044902
0.031576
0.017862
0.010073
0.0089241
0.0079698
0.0077692
0.010196
0.011977
0.012296
0.010531
0.0061874
0.0054541
0.004032
0.0036918
0.0032297
0.0023783
0.0016055
0.001666
0.0015891
0.0016346
0.0018542
0.0017319
0.0013876
0.00068068
0.00057184
0.00023839
0.00023839
0.00021582
0
8.5469e-05
8.5469e-05
0.00015855
9.4222e-05
0.0001421
0.00017048
2.8374e-05
0.00016456
0.00044173
0.00055789
0.00042079
0.00018229
0
0
0.00010481
0.00022714
0.00033798
0.00037037
0.00014323
0.00014323
0
0
0
0
0
0
0
0
0
0
0
0
0
0
0
0
0
0
0
0
0
0
0
0
0
0
0
0
0
0
0
0
0
0
0
0
0
0
0
0
0
0
0
5.0692e-05
0.00091379
0.0022834
0.021875
0.064367
0.095298
0.11301
0.090641
0.059476
0.03614
0.020155
0.012053
0.010615
0.010725
0.012523
0.013755
0.016582
0.017135
0.013545
0.008428
0.0053534
0.003975
0.0039887
0.0037336
0.0029544
0.0028742
0.0030854
0.0048353
0.0048622
0.0039377
0.0026245
0.0014537
0.00074214
0.00017666
0.00023839
0.00021582
0.00015887
0
8.5469e-05
8.5469e-05
0.0001768
0.00039951
0.00041438
0.00030596
7.6253e-05
9.2871e-05
0.00023641
0.00039441
0.00036314
0.00014793
0
9.3482e-05
0.00010481
0.00022714
0.00033798
0.00037037
0.00014323
0.00014323
0
0
0
0
0
0
0
0
0
0
0
0
0
0
0
0
0
0
0
0
0
0
0
0
0
0
0
0
0
0
0
0
0
0
0
0
0
0
0
0
0
0
0
9.1101e-05
0.00042797
0.0014048
0.017546
0.07723
0.12538
0.15655
0.13997
0.090071
0.055098
0.037988
0.028302
0.020848
0.020651
0.024152
0.039071
0.044298
0.034894
0.026296
0.013863
0.0089351
0.0068327
0.0068283
0.007184
0.0058713
0.0052552
0.0044229
0.0046666
0.0048372
0.0039742
0.0026421
0.0011484
0.00062479
0
0
6.8802e-05
0
0
8.5469e-05
8.5469e-05
0.00025741
0.00066674
0.00068859
0.00070964
0.00028292
0.00022717
0.00018721
0.00020803
0.00020803
0
9.3482e-05
9.3482e-05
0.00019829
0.00022714
0.00033798
0.00037037
0.00014323
0.00014323
0
0
0
0
0
0
0
0
0
0
0
0
0
0
0
0
0
0
0
0
0
0
0
0
0
0
0
0
0
0
0
0
0
0
0
0
0
0
0
0
0
0
0
0
0.00012379
0.00087208
0.013989
0.073883
0.14444
0.19692
0.19503
0.15634
0.12015
0.090607
0.074262
0.065505
0.066696
0.087919
0.092673
0.08501
0.058117
0.031978
0.013642
0.011399
0.01027
0.010041
0.0090357
0.008307
0.0072378
0.005352
0.0052868
0.0048385
0.002644
0.0018657
0.0011356
0.00048092
0.00012718
0
0
0
0
0
0
0.00039564
0.00083472
0.0009238
0.00077063
0.00039227
0.00026948
0.00013315
0.00017368
0.0001634
5.9241e-05
0.00015272
9.3482e-05
0.0002435
0.00022714
0.00033798
0.00026556
0.00022035
0.00014323
0
0
0
0
0
0
0
0
0
0
0
0
0
0
0
0
0
0
0
0
0
0
0
0
0
0
0
0
0
0
0
0
0
0
0
0
0
0
0
0
0
0
0
0
0.00021183
0.0010666
0.0079985
0.053983
0.12644
0.19383
0.20934
0.18826
0.15966
0.14763
0.14455
0.15261
0.17024
0.16869
0.15314
0.11471
0.072849
0.033877
0.018952
0.017126
0.015106
0.01203
0.008962
0.0071882
0.005968
0.0057285
0.0060097
0.003437
0.0030906
0.0017952
0.0010313
0.00058585
0.00035836
0.00021154
0.00013071
0.00013071
3.4111e-05
0
4.9261e-05
0.00052293
0.00095613
0.0010573
0.00076518
0.00034395
0.00020691
0.00010416
0.0001634
0.00011436
0.00015272
0.00015272
0.00017599
0.0001387
0.00022714
0.00033798
0.00026556
0.00022035
0.00014323
0
0
0
0
0
0
0
0
0
0
0
0
0
0
0
0
0
0
0
0
0
0
0
0
0
0
0
0
0
0
0
0
0
0
0
0
0
0
0
0
0
0
0
0
0.0002887
0.0021108
0.015765
0.064
0.13469
0.19905
0.2238
0.2103
0.19731
0.19734
0.22133
0.27194
0.32103
0.31891
0.2661
0.19313
0.11892
0.079392
0.057678
0.037319
0.026614
0.016905
0.009847
0.0077479
0.0060862
0.0049861
0.0044703
0.0037649
0.0027513
0.0015554
0.0011913
0.00054956
0.000415
0.00028027
0.00013071
0.00013071
3.4111e-05
0
0.00020559
0.00052293
0.00077596
0.0010281
0.00072467
0.00023859
0.00020691
5.512e-05
0.00011436
0.00011436
0.00015272
0.00023523
0.00017599
0.0002212
0.00022714
0.00037037
0.00026556
0.00022035
0.00014323
0
0
0
0
0
0
0
0
0
0
0
0
0
0
0
0
0
0
0
0
0
0
0
0
0
0
0
0
0
0
0
0
0
0
0
0
0
0
0
0
0
0
0
0
0.0010223
0.0038801
0.012505
0.045844
0.105
0.15564
0.19613
0.21944
0.24995
0.29679
0.39135
0.50928
0.57825
0.59593
0.53036
0.40844
0.28981
0.16756
0.093778
0.051971
0.025388
0.016268
0.010304
0.0095309
0.0087596
0.0067765
0.0047481
0.0035586
0.0030024
0.0023913
0.0010444
0.0006065
0.00023344
0.00030457
0.00042776
0.00042833
0.00030953
0
0.00020559
0.00047424
0.00055327
0.00055327
0.00023308
0.00013506
3.1403e-05
5.512e-05
0.00011436
5.9241e-05
0.00015272
0.00023523
0.00017599
0.0002212
0.00022714
0.00037037
0.00026556
0.00022035
0.00014323
0
0
0
0
0
0
0
0
0
0
0
0
0
0
0
0
0
0
0
0
0
0
0
0
0
0
0
0
0
0
0
0
0
0
0
0
0
0
0
0
0
0
0
0
0.00094307
0.0040292
0.017109
0.050157
0.095441
0.14377
0.1886
0.22279
0.28955
0.40421
0.53435
0.65895
0.71029
0.70415
0.61809
0.49907
0.3489
0.19481
0.08967
0.031899
0.01542
0.013805
0.011776
0.010442
0.0079357
0.0064511
0.0045119
0.0035695
0.003167
0.0030213
0.0021217
0.0011487
0.00037506
0.00060297
0.00091173
0.0010033
0.00099892
0.00063808
0.00052611
0.00041949
0.00044254
0.00032226
9.2106e-05
3.1459e-05
6.9209e-05
6.9209e-05
5.9241e-05
9.6646e-05
0.00028902
0.00044821
0.00029008
0.00017599
0.00012233
0.00015471
0.00026556
0.00022035
0.00014323
0
0
0
0
0
0
0
0
0
0
0
0
0
0
0
0
0
0
0
0
0
0
0
0
0
0
0
0
0
0
0
0
0
0
0
0
0
0
0
0
0
0
0
0
0.00029756
0.0029369
0.021005
0.06609
0.12186
0.18806
0.23679
0.28985
0.34847
0.47372
0.60578
0.7087
0.72503
0.69661
0.61964
0.48719
0.31372
0.14928
0.072087
0.031604
0.022208
0.016597
0.012909
0.0094588
0.0069062
0.0045977
0.0030504
0.0039726
0.0038853
0.0041189
0.0031191
0.0014281
0.0011769
0.00093015
0.0036356
0.0035271
0.0015821
0.0012477
0.00076195
0.00042306
6.0647e-05
9.2106e-05
3.1459e-05
6.9209e-05
6.9209e-05
0.0001391
0.00022888
0.00025788
0.00048562
0.00048562
0.00029008
0.00017599
0.00012233
0.00015471
0.00026556
0.00014323
0.00014323
0
0
0
0
0
0
0
0
0
0
0
0
0
0
0
0
0
0
0
0
0
0
0
0
0
0
0
0
0
0
0
0
0
0
0
0
0
0
0
0
0
0
0
8.6061e-05
0.00050619
0.0031603
0.0145
0.053665
0.12112
0.20953
0.25799
0.28485
0.36188
0.52568
0.68125
0.76915
0.78786
0.76228
0.66199
0.51646
0.33594
0.16126
0.070316
0.040318
0.027401
0.01985
0.013149
0.008451
0.0069206
0.0045873
0.0046816
0.0038008
0.0044789
0.0046067
0.0033271
0.0023256
0.00174
0.0040133
0.0038852
0.0039286
0.0039864
0.0010357
0.001049
0.00067792
0.00013327
0
0
6.9209e-05
0.00017685
0.00036757
0.00040497
0.0003969
0.00050294
0.00050375
0.00031628
0.00017599
0.00012233
0.00015471
0.00026556
0.00014323
0.00014323
0
0
0
0
0
0
0
0
0
0
0
0
0
0
0
0
0
0
0
0
0
0
0
0
0
0
0
0
0
0
0
0
0
0
0
0
0
0
0
0
0
0
0
8.8016e-05
0.00090799
0.0028079
0.012141
0.058738
0.12888
0.20587
0.25099
0.28051
0.38006
0.53429
0.72347
0.82945
0.77302
0.67835
0.5513
0.38521
0.24992
0.13824
0.070814
0.044509
0.028453
0.019882
0.014548
0.0099288
0.0071486
0.0061303
0.0059435
0.0060016
0.0053233
0.0045755
0.0033202
0.002707
0.0018171
0.0038897
0.0042917
0.0038279
0.0040208
0.001845
0.0011694
0.00055557
0.00013327
0
0
0.00010696
0.00020396
0.00040532
0.00040497
0.00043465
0.00051822
0.00054936
0.00043743
0.00017599
0.00012233
0.00015471
0.00026556
0.00014323
0.00014323
0
0
0
0
0
0
0
0
0
0
0
0
0
0
0
0
0
0
0
0
0
0
0
0
0
0
0
0
0
0
0
0
0
0
0
0
0
0
0
0
0
0
0
0.00016513
0.00099677
0.0039638
0.013997
0.055525
0.13159
0.20713
0.25467
0.28759
0.41575
0.59716
0.74283
0.80592
0.77427
0.64585
0.48601
0.31462
0.18067
0.097493
0.055033
0.03871
0.026788
0.018844
0.012627
0.012125
0.010582
0.0098839
0.0090259
0.0090535
0.0083487
0.0058385
0.0046445
0.0031503
0.0026564
0.0023375
0.0021203
0.0027879
0.0016373
0.0017024
0.0011911
0.00054971
0.0001547
7.6889e-05
0.00011464
0.00018385
0.00026684
0.00040532
0.00066952
0.00094902
0.00051184
0.00045588
0.00030018
0.00013897
0.00012233
0.00015471
0.00026556
0.00014323
0.00014323
0
0
0
0
0
0
0
0
0
0
0
0
0
0
0
0
0
0
0
0
0
0
0
0
0
0
0
0
0
0
0
0
0
0
0
0
0
0
0
0
0
0
0
0.00049177
0.001168
0.0029038
0.011889
0.05311
0.11638
0.16999
0.2094
0.26166
0.42616
0.59958
0.73347
0.73604
0.66281
0.5514
0.41763
0.26857
0.17058
0.089759
0.048369
0.032404
0.024941
0.020702
0.017252
0.016892
0.01629
0.011988
0.011482
0.0092379
0.0092341
0.0062397
0.005386
0.0043636
0.0026728
0.0021504
0.001716
0.001872
0.0017629
0.0012777
0.00060929
0.0006145
0.00012392
7.6889e-05
0.00011464
0.00017637
0.00032858
0.0007316
0.00075808
0.00097996
0.00053411
0.00045588
0.00031958
8.2508e-05
0.00012233
0.00015471
0.00026556
0.00014323
0.00014323
0
0
0
0
0
0
0
0
0
0
0
0
0
0
0
0
0
0
0
0
0
0
0
0
0
0
0
0
0
0
0
0
0
0
0
0
0
0
0
0
0
0
0
6.4367e-05
0.0006995
0.0020238
0.015847
0.059807
0.13125
0.20501
0.27207
0.34797
0.53923
0.6853
0.83313
0.80434
0.70123
0.55584
0.38849
0.25163
0.15487
0.07812
0.041325
0.025855
0.023538
0.022251
0.020397
0.021976
0.016425
0.01446
0.012346
0.0089314
0.0077415
0.0074816
0.0055565
0.0039299
0.002542
0.0017215
0.0016641
0.0015762
0.0012075
0.0011661
0.00089363
0.00047031
0.00046487
0.0012628
7.6889e-05
0.00017637
0.00012659
0.00075781
0.00078241
0.00091007
0.00079003
0.00041847
0.00031958
8.2508e-05
7.7117e-05
0.00015471
0.00015471
0.00014323
0.00014323
0
0
0
0
0
0
0
0
0
0
0
0
0
0
0
0
0
0
0
0
0
0
0
0
0
0
0
0
0
0
0
0
0
0
0
0
0
0
0
0
0
0
0
5.4084e-05
0.00028646
0.0026745
0.019303
0.083834
0.18069
0.3291
0.51719
0.71605
0.86577
0.96623
0.9537
0.87804
0.78589
0.58415
0.39545
0.20738
0.098861
0.060227
0.035444
0.02146
0.020167
0.019318
0.019666
0.020757
0.018709
0.015584
0.011352
0.010105
0.007009
0.0059026
0.0046619
0.0031321
0.0013277
0.0010207
0.0014027
0.0017078
0.0015389
0.0014539
0.00082499
0.0011985
0.0015172
0.0015441
0.0014174
0.0003309
0.00023279
0.00068303
0.00065018
0.00068432
0.00075828
0.00033597
0.00031958
0
0
0.00015471
0.00015471
0.00014323
0.00014323
0
0
0
0
0
0
0
0
0
0
0
0
0
0
0
0
0
0
0
0
0
0
0
0
0
0
0
0
0
0
0
0
0
0
0
0
0
0
0
0
0
0
0
7.6192e-05
0.00062101
0.0075213
0.050659
0.14413
0.30446
0.49792
0.70081
0.88508
1
0.98411
0.9038
0.81034
0.67246
0.49062
0.29017
0.14654
0.070467
0.050947
0.035305
0.025001
0.019979
0.01848
0.018519
0.014627
0.013887
0.011016
0.0090685
0.010464
0.006471
0.006565
0.004245
0.0020364
0.0015296
0.0011304
0.00086955
0.0012309
0.0015924
0.0019716
0.00070091
0.0018305
0.0017318
0.0015866
0.0018082
0.00048486
0.00031755
0.00059654
0.0005169
0.0005453
0.00049842
0.00023707
0.00023707
0
0
0.00015471
0.00015471
0.00014323
0.00014323
0
0
0
0
0
0
0
0
0
0
0
0
0
0
0
0
0
0
0
0
0
0
0
0
0
0
0
0
0
0
0
0
0
0
0
0
0
0
0
0
0
0
0
0.00060098
0.0028948
0.015895
0.077562
0.20627
0.36685
0.53874
0.67372
0.75747
0.79198
0.76643
0.74492
0.66499
0.54116
0.3939
0.22622
0.12253
0.065031
0.045799
0.033459
0.023835
0.017394
0.015758
0.01373
0.010913
0.010098
0.006798
0.007102
0.0076744
0.0074477
0.0071212
0.0046301
0.0033545
0.0018167
0.00064412
0.00066195
0.00075315
0.0015474
0.001806
0.0014182
0.0012242
0.0016631
0.0018502
0.0018768
0.00054972
0.0004559
0.00062725
0.00045517
0.00049684
0.00023381
0.00012298
4.8459e-05
0
0
3.2384e-05
0.0001095
0.00014323
0.00014323
0
0
0
0
0
0
0
0
0
0
0
0
0
0
0
0
0
0
0
0
0
0
0
0
0
0
0
0
0
0
0
0
0
0
0
0
0
0
0
0
0
0
0
0.00070488
0.00333
0.015816
0.067816
0.17294
0.3049
0.44557
0.5774
0.64876
0.6788
0.66547
0.60723
0.56431
0.49463
0.37193
0.24419
0.12636
0.069094
0.042256
0.027745
0.018723
0.012982
0.012016
0.0097356
0.0089872
0.0082739
0.0056651
0.0057131
0.0054386
0.006762
0.0062516
0.0061121
0.0059388
0.0032131
0.0012857
0.0033796
0.0037558
0.0039804
0.0016341
0.0014447
0.00076151
0.0018527
0.0020685
0.0014914
0.00073266
0.00037158
0.00025403
0.00042232
0.00014407
7.4526e-05
0.00012298
0
0
0
3.2384e-05
3.2384e-05
0.00014323
0.00014323
0
0
0
0
0
0
0
0
0
0
0
0
0
0
0
0
0
0
0
0
0
0
0
0
0
0
0
0
0
0
0
0
0
0
0
0
0
0
0
0
0
0
0
6.3442e-05
0.0047174
0.016026
0.0426
0.12012
0.21349
0.34442
0.48453
0.61468
0.72196
0.70897
0.64073
0.53864
0.41091
0.29691
0.18824
0.091205
0.057822
0.036963
0.023499
0.015985
0.011465
0.010245
0.0093668
0.0082867
0.006283
0.0056307
0.0048959
0.0048876
0.0043555
0.00651
0.0062176
0.0060843
0.004448
0.0032788
0.0036784
0.0028295
0.0041335
0.0023879
0.001447
0.00098034
0.0013354
0.0013017
0.00095473
0.00058339
0.00032565
0.00011249
0
0
0
0
0
2.856e-05
0
3.2384e-05
3.2384e-05
3.2384e-05
0.00014323
0
0
0
0
0
0
0
0
0
0
0
0
0
0
0
0
0
0
0
0
0
0
0
0
0
0
0
0
0
0
0
0
0
0
0
0
0
0
0
0
0
0
0
0.0003327
0.0033082
0.011556
0.037209
0.089907
0.17449
0.29843
0.43184
0.56014
0.64996
0.61164
0.50948
0.36472
0.22836
0.14247
0.087329
0.057272
0.03999
0.032926
0.023199
0.014622
0.011035
0.0088987
0.0083579
0.0083862
0.0065605
0.0059375
0.0051122
0.0034064
0.002659
0.003097
0.0036142
0.0041041
0.0032629
0.0013042
0.0035239
0.0030128
0.0027856
0.00030672
0.00064132
0.00095187
0.0010466
0.0010386
0.00084766
0.00047812
2.4155e-05
0
0
0
0
0
2.856e-05
2.856e-05
2.856e-05
3.2384e-05
3.2384e-05
3.2384e-05
0.00014323
0
0
0
0
0
0
0
0
0
0
0
0
0
0
0
0
0
0
0
0
0
0
0
0
0
0
0
0
0
0
0
0
0
0
0
0
0
0
0
0
0
0
0
0
0.0031333
0.010387
0.028129
0.067998
0.12374
0.20561
0.30247
0.37739
0.39241
0.37119
0.28503
0.17514
0.10861
0.062877
0.043135
0.031795
0.025051
0.01989
0.017007
0.012095
0.0097604
0.007859
0.0067479
0.0063607
0.0050669
0.0044789
0.0038734
0.0020623
0.0014334
0.00069385
0.00087253
0.0010297
0.0010017
0.00069447
0.00032811
0.0003954
0.00012649
7.9572e-06
0.00011637
0.00063067
0.00069598
0.00086775
0.00057495
0
0
0
0
0
0
0
2.856e-05
2.856e-05
2.856e-05
0
3.2384e-05
3.2384e-05
0.00014323
0
0
0
0
0
0
0
0
0
0
0
0
0
0
0
0
0
0
0
0
0
0
0
0
0
0
0
0
0
0
0
0
0
0
0
0
0
0
0
0
0
0
0
0.00012339
0.0015745
0.0074738
0.024256
0.066245
0.11176
0.18901
0.26667
0.33812
0.39058
0.34983
0.2969
0.21864
0.098227
0.043781
0.025828
0.020762
0.015365
0.012159
0.0099451
0.0084565
0.0074437
0.0058041
0.0048429
0.0047196
0.0028553
0.002954
0.0023213
0.0012243
0.0011276
0.00081017
0.0010071
0.0011085
0.0005576
0.00042979
0.00015321
0.00015321
7.9572e-06
7.9572e-06
7.9572e-06
0.00013218
0.00045476
0.00045674
7.3268e-05
0
0
0
0
0
0
2.856e-05
2.856e-05
2.856e-05
2.856e-05
0
3.2384e-05
3.2384e-05
0.00014323
0
0
0
0
0
0
0
0
0
0
0
0
0
0
0
0
0
0
0
0
0
0
0
0
0
0
0
0
0
0
0
0
0
0
0
0
0
0
0
0
0
0
0
0.00012204
0.0016206
0.0063204
0.024958
0.065027
0.10859
0.17765
0.25934
0.32586
0.35277
0.31633
0.25183
0.15502
0.079533
0.038901
0.021644
0.014011
0.0097804
0.006863
0.006386
0.0064168
0.0053168
0.0052198
0.0056252
0.0051096
0.0039798
0.0047575
0.0032818
0.0017307
0.00136
0.0013363
0.0017775
0.0020047
0.0014261
0.00069506
0.00028423
0.00011793
3.9262e-05
7.9449e-05
0.00010589
5.4208e-05
0
0
0
5.5287e-05
9.3784e-05
9.3784e-05
6.6951e-05
6.6951e-05
0
2.856e-05
2.856e-05
2.856e-05
2.856e-05
0
3.2384e-05
3.2384e-05
0.00014323
0
0
0
0
0
0
0
0
0
0
0
0
0
0
0
0
0
0
0
0
0
0
0
0
0
0
0
0
0
0
0
0
0
0
0
0
0
0
0
0
0
0
0
6.3534e-05
0.00051283
0.0088432
0.039396
0.083191
0.12463
0.18298
0.22307
0.26128
0.24735
0.20145
0.14361
0.088732
0.044218
0.022731
0.015095
0.01076
0.0072986
0.0043535
0.0055074
0.0059251
0.0050368
0.0047823
0.0053624
0.0055808
0.006794
0.0051766
0.0038989
0.0034094
0.0015556
0.0017977
0.0019122
0.0021362
0.0015014
0.0011256
0.00064815
0.00053986
0.00044969
0.00034873
0.00021789
9.7929e-05
2.1978e-05
0
5.5287e-05
9.3784e-05
0.00012098
0.00018793
0.00010545
6.6951e-05
6.6951e-05
2.856e-05
2.856e-05
2.856e-05
2.856e-05
2.5118e-05
5.7501e-05
3.2384e-05
0.00014323
0
0
0
0
0
0
0
0
0
0
0
0
0
0
0
0
0
0
0
0
0
0
0
0
0
0
0
0
0
0
0
0
0
0
0
0
0
0
0
0
0
0
0
7.547e-05
0.0018105
0.016961
0.048769
0.099705
0.13351
0.18253
0.23159
0.22894
0.21478
0.16122
0.092355
0.061381
0.032987
0.015214
0.010117
0.0077089
0.0048281
0.0041047
0.0048682
0.0046373
0.0046157
0.0027962
0.0037364
0.0040958
0.0041423
0.0039961
0.0030758
0.0019353
0.0016846
0.00099728
0.00098125
0.0011685
0.0011
0.0013825
0.001253
0.0015407
0.0011372
0.00065272
0.00028239
9.7929e-05
2.1978e-05
0
5.5287e-05
0.00012098
0.00012098
0.00018793
0.00013264
6.6951e-05
6.6951e-05
2.856e-05
2.856e-05
2.856e-05
2.856e-05
2.5118e-05
5.7501e-05
3.2384e-05
0.00014323
0
0
0
0
0
0
0
0
0
0
0
0
0
0
0
0
0
0
0
0
0
0
0
0
0
0
0
0
0
0
0
0
0
0
0
0
0
0
0
0
0
0
0
0.00018801
0.0031788
0.014378
0.030194
0.048523
0.069913
0.11203
0.16809
0.21408
0.19186
0.13675
0.080094
0.035133
0.014982
0.010129
0.0076517
0.0052001
0.0042579
0.0037712
0.0034583
0.0031061
0.0022174
0.0010721
0.0011628
0.0012431
0.0017288
0.0014172
0.00067948
0.0013103
0.00083845
0.00055488
0.00059219
0.00032686
0.0003863
0.0010181
0.0013147
0.0014276
0.0013906
0.00056313
0.00025016
9.7189e-05
0
0
2.5346e-05
0.00012098
0.00012098
0.00018793
0.00013264
6.6951e-05
6.6951e-05
2.856e-05
2.856e-05
0.000157
0.000157
2.5118e-05
5.7501e-05
3.2384e-05
0.00014323
0
0
0
0
0
0
0
0
0
0
0
0
0
0
0
0
0
0
0
0
0
0
0
0
0
0
0
0
0
0
0
0
0
0
0
0
0
0
0
0
0
0
0
0.00045931
0.0025424
0.009751
0.015218
0.030823
0.054856
0.085629
0.11347
0.1283
0.11122
0.080071
0.043588
0.024975
0.012284
0.0055119
0.0042239
0.0040527
0.0033238
0.0028262
0.0018361
0.0013172
0.00054684
0.00031476
0.00012901
0.00043897
0.00045411
0.00066457
0.00017881
0.00046759
0.00067787
0.00052753
0.00080473
0.00012418
0.00018428
0.00074561
0.00079371
0.00089985
0.00043451
0.00031439
9.5998e-05
0
0
0
6.2189e-05
0.00016602
0.00018317
0.00013264
0.00013264
6.6951e-05
6.6951e-05
2.856e-05
2.856e-05
0.000157
0.00018211
2.5118e-05
5.7501e-05
3.2384e-05
0.00014323
0
0
0
0
0
0
0
0
0
0
0
0
0
0
0
0
0
0
0
0
0
0
0
0
0
0
0
0
0
0
0
0
0
0
0
0
0
0
0
0
0
0
0
0.00063172
0.0019033
0.0045697
0.011475
0.021576
0.040099
0.061914
0.068807
0.06
0.049323
0.03698
0.027664
0.019044
0.0097729
0.0045297
0.003711
0.0033426
0.0027966
0.0013502
0.0011473
0.0010206
0.00063859
0.00044691
0.0001038
0.00024779
0.00031807
0.00037025
0.00059351
0.00064028
0.0008714
0.0012593
0.0011055
0.00094004
0.0013805
0.00088196
0.00025952
0
0
0
0
0
0.00011753
0.000245
0.00017537
0.00017537
0.00015864
0.00013264
9.4148e-05
6.6951e-05
6.6951e-05
0
0.000157
0.000157
0.00020863
2.5118e-05
5.7501e-05
3.2384e-05
0.00014323
0
0
0
0
0
0
0
0
0
0
0
0
0
0
0
0
0
0
0
0
0
0
0
0
0
0
0
0
0
0
0
0
0
0
0
0
0
0
0
0
0
0
0
0.00016488
0.0010015
0.0020482
0.0047534
0.013085
0.035712
0.056755
0.071074
0.067205
0.052652
0.039014
0.021524
0.012192
0.0051357
0.0029498
0.0026414
0.0023972
0.0024106
0.0017317
0.0014694
0.00092426
0.00078277
0.00069042
0.00059467
0.0012094
0.00054233
0.00049494
0.0003685
0.00063482
0.00082741
0.0010758
0.0015588
0.0023677
0.0019783
0.0016988
0.001273
0.00019174
0
0
0
0.00023582
0.00029442
0.00039178
0.00039178
0.00017537
0.00017537
2.7196e-05
6.6951e-05
6.6951e-05
0
0
0.000157
0.00018351
0.00020863
0.00018007
5.7501e-05
3.2384e-05
0.00014323
0
0
0
0
0
0
0
0
0
0
0
0
0
0
0
0
0
0
0
0
0
0
0
0
0
0
0
0
0
0
0
0
0
0
0
0
0
0
0
0
0
0
0
0
5.7995e-05
0.00015055
0.0023641
0.0077797
0.022943
0.044948
0.049257
0.049615
0.03792
0.02293
0.017584
0.008591
0.0037374
0.0020485
0.0024665
0.0016811
0.0018903
0.0017379
0.00090907
0.0006197
0.00059821
0.0013058
0.0020302
0.0015942
0.0016751
0.0011991
0
0.00046037
0.0011437
0.0012061
0.001432
0.0020643
0.0021863
0.0019369
0.0014952
0.00037346
0.00012477
0
7.8017e-05
0.00034487
0.00034487
0.0005052
0.00039178
0.00017537
0.00017537
5.649e-05
5.649e-05
5.649e-05
0
0
0.000157
0.00018351
0.00018007
0.00018007
5.7501e-05
3.2384e-05
0.00014323
0
0
0
0
0
0
0
0
0
0
0
0
0
0
0
0
0
0
0
0
0
0
0
0
0
0
0
0
0
0
0
0
0
0
0
0
0
0
0
0
0
0
0
0
0
0
0.0013321
0.0045527
0.007479
0.012755
0.012994
0.0098441
0.0053079
0.0049554
0.0037608
0.004974
0.0026698
0.0011221
0.0010019
0.00045329
0.0003718
0.00037792
0.00026514
0.00056341
0.0013282
0.0015826
0.0025008
0.0021607
0.0010957
0.00044289
0.00023487
0.00074078
0.0011925
0.0015238
0.0016054
0.00089497
0.00084611
0.00091574
0.00060246
0.0004189
0.00017577
0.00011182
0.00012847
0.00039202
0.00039202
0.0004573
0.00037673
0.00017537
4.7904e-05
5.649e-05
5.649e-05
5.649e-05
0
0
0.00012844
0.00015495
0.00018007
0.00018007
5.7501e-05
3.2384e-05
0.00014323
0
0
0
0
0
0
0
0
0
0
0
0
0
0
0
0
0
0
0
0
0
0
0
0
0
0
0
0
0
0
0
0
0
0
0
0
0
0
0
0
0
0
0
0
0
0
0
8.1324e-05
0.0012049
0.0028267
0.0029753
0.0036651
0.0037301
0.0042057
0.005443
0.0053324
0.0023242
0.0010068
6.3318e-05
0
6.6001e-05
6.6001e-05
0.00027287
0.0005612
0.0011044
0.0016696
0.0018431
0.00078313
0.00026412
0
0
0.00044739
0.004661
0.004661
0.0044336
0.0022732
0.00072722
0.00069669
0.00048713
0.0004611
0.00022342
0.00014672
0.00012542
0.00017561
0.00027449
0.000314
4.7145e-05
4.7904e-05
5.649e-05
5.649e-05
5.649e-05
5.649e-05
0
0
0.00015495
0.00018007
0.00018007
0.00018007
5.7501e-05
3.2384e-05
0.00014323
0
0
0
0
0
0
0
0
0
0
0
0
0
0
0
0
0
0
0
0
0
0
0
0
0
0
0
0
0
0
0
0
0
0
0
0
0
0
0
0
0
0
0
0
0
0
0
0
0.00067907
0.00067907
0.0021211
0.00077441
0.00081898
0.0027169
0.0028992
0.0025004
0.0012264
0.00052323
0.0016089
0.0016472
0.0014036
0.00099237
8.7356e-05
0.00036866
0.0008653
0.00082581
0.00079399
0.00060002
0.00045638
0.00010147
0.00010147
0.001267
0.0041328
0.0043311
0.0046932
0.0035874
0.00090327
0.00084725
0.00055795
0.00040989
0.00010986
0.00010986
3.26e-05
0.0001302
0.0001302
7.2207e-05
4.7145e-05
0
5.649e-05
5.649e-05
5.649e-05
5.649e-05
0
0
0.00015495
0.00018007
0.00018007
0.00018007
5.7501e-05
3.2384e-05
0.00014323
0
0
0
0
0
0
0
0
0
0
0
0
0
0
0
0
0
0
0
0
0
0
0
0
0
0
0
0
0
0
0
0
0
0
0
0
0
0
0
0
0
0
0
0
0
0
0.00070459
0.0016591
0.0025374
0.0026012
0.00098728
0.00064915
0.0010601
0.0010759
0.00031256
0.00031256
0
0.00074463
0.0022279
0.0032792
0.0020414
0.00023562
0.0002608
0.00054396
0.00062011
0.00071921
0.00061964
0.00033111
0.00014977
0.00032754
0.00027924
0.00017777
0
0
0.00031538
0.00052551
0.00067537
0.00053236
0.00015872
3.4901e-05
3.4901e-05
3.4901e-05
3.26e-05
3.26e-05
5.9821e-05
7.9745e-05
0
0
0
5.649e-05
5.649e-05
5.649e-05
0
0
0.00015495
0.00018007
0.00018007
0.00018007
2.5118e-05
3.2384e-05
0.00014323
0
0
0
0
0
0
0
0
0
0
0
0
0
0
0
0
0
0
0
0
0
0
0
0
0
0
0
0
0
0
0
0
0
0
0
0
0
0
0
0
0
0
0
0
0
0.00014622
0.0002202
0.0020701
0.0026388
0.0029606
0.0021021
0.0022918
0.0017273
0.0014937
0.0012002
0.00031256
0.00013804
0.0015731
0.0017701
0.0018084
0.0015153
0.00039437
0.00051263
0.0012498
0.0015125
0.001267
0.00036696
4.8298e-05
0
0.00017777
0.00017777
0.00017777
0.00013287
0.00013171
0.00021417
0.00021417
0.00021417
0.00012028
9.6634e-05
0
0
0
3.26e-05
3.26e-05
3.26e-05
3.26e-05
0
0
0
5.649e-05
5.649e-05
5.649e-05
0
0
0.00015495
0.00018007
0.00018007
0.00024929
9.4345e-05
3.2384e-05
0.00014323
0
0
0
0
0
0
0
0
0
0
0
0
0
0
0
0
0
0
0
0
0
0
0
0
0
0
0
0
0
0
0
0
0
0
0
0
0
0
0
0
0
0
0
0
0
0
7.5439e-05
7.5439e-05
7.5439e-05
0.00053693
0.00059738
0.00013589
0.00029349
0.00039568
0.00039568
0.00058706
0.001846
0.00037483
7.0782e-05
0
0
0
0.0014603
0.0015861
0.0018324
0.0018324
0.00034207
0.00024635
1.8906e-05
0
0
0
0
0.00013171
0.00024107
0.00026471
0.00026471
0
0
0
0
0
3.26e-05
3.26e-05
3.26e-05
0
0
0
0
0
0
0
0
0
0.00015495
0.00018007
0.00018007
0.00024929
9.4345e-05
3.2384e-05
0.00014323
0
0
0
0
0
0
0
0
0
0
0
0
0
0
0
0
0
0
0
0
0
0
0
0
0
0
0
0
0
0
0
0
0
0
0
0
0
0
0
0
0
0
0
0
0
0
0.00028263
0.00035807
7.5439e-05
7.5439e-05
0
0.00086075
0.0011459
0.0015416
0.0036582
0.004582
0.0041707
0.0038074
0.0013797
0
0
0
0.00039006
0.00071943
0.00066854
0.00095632
0.00042106
0.00018672
0.00015302
3.6319e-05
1.7413e-05
0
4.7157e-05
8.7498e-05
0.00015651
0.00010935
0.00010935
6.9012e-05
0
0
0
0
0
0
0
0
0
0
0
0
0
0
0
0
0.00015495
0.00018007
0.00018007
0.00012086
9.4345e-05
3.2384e-05
0.00014323
0
0
0
0
0
0
0
0
0
0
0
0
0
0
0
0
0
0
0
0
0
0
0
0
0
0
0
0
0
0
0
0
0
0
0
0
0
0
0
0
0
0
0
0
0
0.00028263
0.00028263
0.00028263
0.00028263
9.7867e-05
9.7867e-05
0.00038021
0.0010445
0.0012791
0.0015806
0.0040436
0.0070905
0.0062645
0.0042006
0.0016292
9.4043e-05
0.00033151
0.00041416
0.00017717
0.00015792
0.00015691
0.00030065
0.00031955
0.00025403
0.00018005
1.7413e-05
0
4.7157e-05
0.0003299
0.00043926
0.00036118
0.00021099
0
0
0
0
0
0
0
0
0
0
0.00027719
6.7038e-05
0
0
0
0
0
2.6512e-05
0.00015495
0.00024929
0.00012086
9.4345e-05
3.2384e-05
0.00014323
0
0
0
0
0
0
0
0
0
0
0
0
0
0
0
0
0
0
0
0
0
0
0
0
0
0
0
0
0
0
0
0
0
0
0
0
0
0
0
0
0
0
0
0
0
0
0
0
9.7867e-05
0.0002013
0.00029279
0.00047036
0.00049737
0.00059278
0.0010918
0.0015975
0.0036187
0.0042211
0.0029467
0.00097259
0.00044038
0.00069303
0.00076801
0.00073904
0.00087174
0.00047313
0.00011841
0.00016841
0.00012352
0
0.00012944
0.00021613
0.00058643
0.00059989
0.00080099
0.00059828
0.00028539
0.00013293
0
0
5.9019e-05
5.9019e-05
9.8348e-05
3.9329e-05
0
0
0.00027719
0.00060682
0.00060682
0.00018123
0
0
0
0
0
2.6512e-05
0.00024929
0.00012086
9.4345e-05
3.2384e-05
0.00014323
0
0
0
0
0
0
0
0
0
0
0
0
0
0
0
0
0
0
0
0
0
0
0
0
0
0
0
0
0
0
0
0
0
0
0
0
0
0
0
0
0
0
0
0
0
0
0
0
0
0
0.00018874
0.00031362
0.00021019
0.00021019
0.00041995
0.00029508
0.00029508
0
0
0
0
0.00028788
0.00079371
0.0013497
0.0013472
0.001238
0.0011565
0.00066932
0.00026679
0.00012944
0.00021613
0.00024683
0.00043312
0.00073888
0.00075383
0.00070729
0.00028539
0.00013293
9.2556e-05
6.1264e-05
0.00015385
0.00015525
0.00027597
0.0002424
0.00017949
0.0001628
0.00053978
0.00060682
0.00060682
0.00032963
6.7038e-05
0
0
0
0
2.6512e-05
0.00012086
0.00012086
9.4345e-05
3.2384e-05
0.00014323
0
0
0
0
0
0
0
0
0
0
0
0
0
0
0
0
0
0
0
0
0
0
0
0
0
0
0
0
0
0
0
0
0
0
0
0
0
0
0
0
0
0
0
0
0
0
0
0
0
0
0
0.00011832
0.00011832
0.00015645
0.00045554
0.00076504
0.00084858
0.00084858
0.00045643
0
0
0
0.00065203
0.00073358
0.0012886
0.0012418
0.0011565
0.0011011
0.00011689
0.00052295
0.0003007
0.00038739
0.00024224
0.00015555
0.00015555
3.1292e-05
0.00012218
0.0001413
0.00026107
0.00023677
0.00038977
0.00044185
0.000437
0.0015976
0.0023283
0.0015185
0.00055922
0.00071303
0.00071303
0.00043584
6.7038e-05
0
0
0
0
2.6512e-05
0.00012086
0.00012086
9.4345e-05
3.2384e-05
0.00014323
0
0
0
0
0
0
0
0
0
0
0
0
0
0
0
0
0
0
0
0
0
0
0
0
0
0
0
0
0
0
0
0
0
0
0
0
0
0
0
0
0
0
0
0
0
0
0.00031514
0.0005055
0.0005055
0.00011833
0.00018514
0.00036399
0.00092385
0.0021364
0.0022367
0.0035059
0.0032102
0.0023287
0.0016434
0.00059557
0.00017632
0
0.00023769
0.00036046
0.00062463
0.00092855
0.00074889
0.00062999
0.00058823
0.00039351
0.00039351
0.00030277
0
0
0
0
9.0891e-05
0.00016851
0.00029409
0.00047002
0.00049283
0.00035395
0.00088258
0.002442
0.002523
0.0024551
0.0015765
0.00071303
0.00071303
0.00043584
0
0
0
0
0
0
0.00012086
9.4345e-05
9.4345e-05
3.2384e-05
0.00014323
0
0
0
0
0
0
0
0
0
0
0
0
0
0
0
0
0
0
0
0
0
0
0
0
0
0
0
0
0
0
0
0
0
0
0
0
0
0
0
0
0
0
0
0
0
0
0.00038716
0.00045821
0.0005055
0.00040028
0.0017865
0.0022234
0.00266
0.0026914
0.0026792
0.0026831
0.0021042
0.0019561
0.00098582
0.00032937
6.705e-05
0
0
0.00017996
0.00029311
0.00029311
0.00037093
0.00023004
0.00022225
0.00022225
0.00022225
0
0
0
0
0
9.0891e-05
9.0891e-05
0.00030453
0.00021364
0.00037467
0.00036954
0.0013339
0.0027748
0.0027175
0.0025198
0.00011862
0.0003688
0.00043584
0.00017324
0.00010621
0
0
0
0
0
6.9228e-05
9.4345e-05
9.4345e-05
3.2384e-05
0.00014323
0
0
0
0
0
0
0
0
0
0
0
0
0
0
0
0
0
0
0
0
0
0
0
0
0
0
0
0
0
0
0
0
0
0
0
0
0
0
0
0
0
0
0
0
0
0
0.00017467
0.0022114
0.0036447
0.0038556
0.0014733
0.0016869
0.0018096
0.00058971
0.00069971
0.001519
0.0023225
0.0026349
0.0016282
0.00049128
0.00010297
0
0
0
0
0.00018472
0.00018472
0.00018472
5.6601e-05
0
0
0
0
0
0
0
0
0
0
7.1707e-05
0.00013602
0.0001368
0.00077625
0.0016517
0.002669
0.002419
0.00019916
0.00010621
0.00010621
0.00010621
0
0
0
0
0
0
6.9228e-05
9.4345e-05
9.4345e-05
0.00010161
0.00014323
0
0
0
0
0
0
0
0
0
0
0
0
0
0
0
0
0
0
0
0
0
0
0
0
0
0
0
0
0
0
0
0
0
0
0
0
0
0
0
0
0
0
0
0
0
0
0.00073325
0.0036144
0.0038387
0.0038387
0.002792
9.7892e-05
0
0
0.00013559
0.0012419
0.0020701
0.0025657
0.0017789
0.00091469
0.00074306
0.00064623
0.00064623
8.2866e-05
0
0.00012812
0.00018472
0.00018472
5.6601e-05
0
0
0
0
0
0
3.2038e-05
3.2038e-05
3.2038e-05
0
0
0
0.00014088
0.00029244
0.00060222
0.0014086
0.00046134
9.9175e-05
0.00010621
0.00010621
0.00010621
0
0
0
0
0
0
6.9228e-05
6.9228e-05
6.9228e-05
0.00010161
0.00014323
0
0
0
0
0
0
0
0
0
0
0
0
0
0
0
0
0
0
0
0
0
0
0
0
0
0
0
0
0
0
0
0
0
0
0
0
0
0
0
0
0
0
0
0
0
0
0.00012634
0.00012634
0.00019402
0.00038339
0.00053763
0.0010319
0.00046996
0.00011165
0.00011165
0
0
6.9777e-05
0.00037551
0.00075598
0.0013056
0.0011045
0.00087338
0.00028122
0
8.4334e-05
8.4334e-05
8.4334e-05
0
0
0
0
0
0
0
3.2038e-05
3.2038e-05
3.2038e-05
3.2038e-05
0
0
0
9.1717e-05
0.00032532
0.00026234
0.00011511
0.00011511
0
0
0
0
2.6351e-05
2.6351e-05
2.6351e-05
0
0
6.9228e-05
6.9228e-05
6.9228e-05
0.00010161
0.00014323
0
0
0
0
0
0
0
0
0
0
0
0
0
0
0
0
0
0
0
0
0
0
0
0
0
0
0
0
0
0
0
0
0
0
0
0
0
0
0
0
0
0
0
0
0
0
0
0
0
0.0013052
0.0019055
0.0032347
0.0038898
0.0019744
0.0020048
0.0015598
0
0
0.00033294
0.00046297
0.00048304
0.00035527
0.00039666
0.00010091
0.00032517
0.0004095
0.00024993
8.4334e-05
8.4334e-05
0
0
0
0
0
0
3.2038e-05
3.2038e-05
3.2038e-05
0
6.0166e-05
0.00011662
5.6453e-05
5.6453e-05
0.00020238
8.2045e-05
8.2045e-05
0
0
0
0
2.6351e-05
2.6351e-05
2.6351e-05
2.6351e-05
0
0
6.9228e-05
6.9228e-05
6.9228e-05
0.00010161
0.00014323
0
0
0
0
0
0
0
0
0
0
0
0
0
0
0
0
0
0
0
0
0
0
0
0
0
0
0
0
0
0
0
0
0
0
0
0
0
0
0
0
0
0
0
0
0
0
0
0
0
0.00012939
0.0020658
0.0031101
0.0034692
0.0043828
0.0022353
0.0012432
0.00069155
0
0
0
0
0
4.6355e-05
0.00030617
0.00037152
0.00032671
0.00030859
0
0
0
0
6.8259e-05
6.8259e-05
0.00011858
0
0
0
0
6.0166e-05
6.0166e-05
0.00019697
0.0002463
0.00025001
0.00016966
0.00014592
0
0
0
0
0
2.6351e-05
2.6351e-05
2.6351e-05
2.6351e-05
0
0
6.9228e-05
6.9228e-05
6.9228e-05
3.2384e-05
0.00014323
0
0
0
0
0
0
0
0
0
0
0
0
0
0
0
0
0
0
0
0
0
0
0
0
0
0
0
0
0
0
0
0
0
0
0
0
0
0
0
0
0
0
0
0
0
0
0
0
8.3458e-05
0.00036059
0.0011896
0.0015175
0.0017304
0.0013841
0.00034236
0.0001131
0
0
0
0
8.9034e-05
8.9034e-05
0.00013539
4.6355e-05
0.00010502
0.00010502
0
0
0
0
8.2878e-05
0.00015568
0.00015568
0.00015568
7.2799e-05
0
0
0
6.0166e-05
0.00014052
0.00017497
0.00031018
0.00025001
0.00016966
7.8758e-05
0
0
0
0
0
2.6351e-05
2.6351e-05
2.6351e-05
2.6351e-05
0
0
6.9228e-05
6.9228e-05
6.9228e-05
0
0.00014323
0
0
0
0
0
0
0
0
0
0
0
0
0
0
0
0
0
0
0
0
0
0
0
0
0
0
0
0
0
0
0
0
0
0
0
0
0
0
0
0
0
0
0
0
0
0
0
0.00066061
0.00095939
0.001049
0.00095223
0.0002312
0
0
0
0
0
8.7572e-05
0.00022544
0.00022544
0.00031447
0.0002269
8.9034e-05
0.00015407
0.00017961
9.577e-05
0.00023685
0.00014108
0.00014108
0
1.4619e-05
8.2878e-05
0.00015568
7.2799e-05
0.00011465
0.00010217
0.00015666
0.0002655
0.0002655
5.3578e-05
0.00014052
0.00012968
0.00019356
0.00011321
6.388e-05
0
0
0
0
0
2.6351e-05
2.6351e-05
2.6351e-05
2.6351e-05
0
0
6.9228e-05
6.9228e-05
6.9228e-05
0
0.00014323
0
0
0
0
0
0
0
0
0
0
0
0
0
0
0
0
0
0
0
0
0
0
0
0
0
0
0
0
0
0
0
0
0
0
0
0
0
0
0
0
0
0
0
0
0
0
0
0.00022448
0.00081777
0.00081777
0.00033363
0.00015716
0
0
0
0
0
8.7572e-05
0.00022544
0.00022544
0.00022544
0
0.00016187
0.00034743
0.00053762
0.00093868
0.0018323
0.0032477
0.0028641
0.0018532
0.00010502
0.00010502
4.5738e-05
0
4.1852e-05
0.00031399
0.00051918
0.00047733
0.00047733
0.00015069
0
8.0349e-05
0
0
0
0
0
0
0
0
0
2.6351e-05
2.6351e-05
2.6351e-05
0
0
6.9228e-05
6.9228e-05
6.9228e-05
0
0.00014323
0
0
0
0
0
0
0
0
0
0
0
0
0
0
0
0
0
0
0
0
0
0
0
0
0
0
0
0
0
0
0
0
0
0
0
0
0
0
0
0
0
0
0
0
0
0
0
0
0
0.00025192
0.00025192
0.00027718
0.00014613
2.5259e-05
2.5259e-05
0
0
0
0
0
0
0
0.00010357
0.00021111
0.00029085
0.00091498
0.0043551
0.0050117
0.0047595
0.0046803
0.0010705
0.00090235
0.00045125
0.0001038
0
0.0003627
0.00055847
0.00061296
0.00038913
0.00011797
0
0
0
0
0
0
0
0
0
0
0
2.6351e-05
2.6351e-05
2.6351e-05
0
0
6.9228e-05
6.9228e-05
6.9228e-05
0
0.00014323
0
0
0
0
0
0
0
0
0
0
0
0
0
0
0
0
0
0
0
0
0
0
0
0
0
0
0
0
0
0
0
0
0
0
0
0
0
0
0
0
0
0
0
0
0
0
0
0
0
0.00025192
0.00029678
0.00029678
0.00048237
0.0021814
0.0020575
0.001415
0.0010545
0
0
0
0
0
0
0
0
0
0.00097938
0.0020526
0.0022072
0.00305
0.0015284
0.001606
0.0012826
0.00013492
0.00014635
0.00019334
0.00034746
0.00034746
0.00013563
1.5877e-05
0
0
0
0
0
0
0
0
0
0
0
0
0
0
0
0
6.9228e-05
6.9228e-05
6.9228e-05
0
0.00014323
0
0
0
0
0
0
0
0
0
0
0
0
0
0
0
0
0
0
0
0
0
0
0
0
0
0
0
0
0
0
0
0
0
0
0
0
0
0
0
0
0
0
0
0
0
0
0
0
0
0
4.4862e-05
0.00033183
0.0019556
0.0038704
0.0048972
0.0041979
0.0022918
0.00076058
0.0043512
0.0049829
0.0051218
0.0024523
0
0
0
0
7.8647e-05
0.00028169
0.00033901
0.00057113
0.0011691
0.0011402
0.00075184
0.00053599
0.00029729
0.00014635
0.00028198
0.00013563
2.661e-05
0
0
0
0
0
0
0
0
0
0
0
0
0
0
0
0
0
0
6.9228e-05
6.9228e-05
0
0.00014323
0
0
0
0
0
0
0
0
0
0
0
0
0
0
0
0
0
0
0
0
0
0
0
0
0
0
0
0
0
0
0
0
0
0
0
0
0
0
0
0
0
0
0
0
0
0
0
0
0
0
0
0
0
0.0011243
0.0016657
0.0016657
0.00025391
0.00024262
0.0053847
0.0057844
0.0057844
0.0047222
0.00039965
0
0
0
0
3.846e-05
3.846e-05
9.5776e-05
9.5776e-05
0.00044695
0.00038964
0.00033631
0.00038092
0.00022998
0.00022998
0
0
0
0
0
0
0
0
0
0
0
0
0
0
0
0
0
0
0
0
6.9228e-05
6.9228e-05
0
0.00014323
0
0
0
0
0
0
0
0
0
0
0
0
0
0
0
0
0
0
0
0
0
0
0
0
0
0
0
0
0
0
0
0
0
0
0
0
0
0
0
0
0
0
0
0
0
0
0.00013159
0
0
0
0
0
0
0
0
0.00066403
0.00070345
0
0.00037159
0.0006312
0.00057212
0.00050405
0
0
0
0
0
0
0
0
0
0
5.2992e-05
0.00013662
0.00013662
0.00012265
8.3631e-05
0
0
0
0
0
9.4493e-05
0.00012638
0.00012638
0
0
0
0
0
0
0
0
0
0
0
0
6.9228e-05
6.9228e-05
0
0.00014323
0
0
0
0
0
0
0
0
0
0
0
0
0
0
0
0
0
0
0
0
0
0
0
0
0
0
0
0
0
0
0
0
0
0
0
0
0
0
0
0
0
0
0
0
0.000243
0.0011779
0.0013484
0.0013484
0.0007906
0.00017054
0
0
0
4.8397e-05
0.00075185
0.00098564
0.00098564
0.00093724
9.099e-05
0
0
0
0
0
0
0
8.9602e-05
0.00012189
9.5042e-05
9.5042e-05
0
1.3971e-05
5.2992e-05
5.2992e-05
0.00013662
8.3631e-05
9.9693e-05
0.00010532
0.00010532
8.9256e-05
0
0
0.00012638
0.00012638
0.00012638
0.00012638
0
0
0
0
0
0
0
0
0
0
0
0
6.9228e-05
0
0.00014323
0
0
0
0
0
0
0
0
0
0
0
0
0
0
0
0
0
0
0
0
0
0
0
0
0
0
0
0
0
0
0
0
0
0
0
0
0
0
0
0
0
0
0
0
0.00011705
0.00042013
0.0010012
0.0008433
0.00017054
0
0
0
0
0.00021661
0.00026501
0.0004988
0.0004504
0.00023379
0
0
0
3.5271e-05
0
0
0
5.7353e-05
5.7353e-05
0.00016641
0.00016641
0.00010906
1.4015e-05
0
1.3971e-05
1.3971e-05
0
1.6062e-05
0.00010532
0.00010532
0.00010532
8.9256e-05
0
0
0.00012638
0.00012638
0.00012638
0.00012638
0
0
0
0
0
0
0
0
0
0
0
0
0
0
0.00014323
0
0
0
0
0
0
0
0
0
0
0
0
0
0
0
0
0
0
0
0
0
0
0
0
0
0
0
0
0
0
0
0
0
0
0
0
0
0
0
0
0
0
0
0
0
0
0
0
0
0
0
0
0
0.00021661
0.00021661
0.00021661
5.599e-05
4.8594e-05
7.6673e-05
0.0011363
0.0012866
0.0011177
0.0004022
9.1563e-05
0
0
3.0509e-05
7.1368e-05
1.4015e-05
1.4015e-05
0
0
0
0
0
0
0.00010532
0.00010532
0.00010532
8.9256e-05
0
0
9.4493e-05
0.00012638
0.00017677
5.0383e-05
0
0
0
0
0
0
0
0
0
0
0
0
0
0
0.00014323
0
0
0
0
0
0
0
0
0
0
0
0
0
0
0
0
0
0
0
0
0
0
0
0
0
0
0
0
0
0
0
0
0
0
0
0
0
0
0
0
0
0
0
0
0
0
0
0
0
0
0
0
0
0
0
4.8644e-05
0.00018991
0.00018991
0.00050088
0.0011778
0.0013935
0.0014245
0.00052525
0.00017764
8.7936e-05
4.5794e-05
0
0
0
0
0
0
0
0
0
0
0
0
0
0
0
0
0
0.00011753
0.00010068
0.00010068
0.00010068
0
0
0
0
0
0
0
0
0
0
0
0
0
0.00014323
0
0
0
0
0
0
0
0
0
0
0
0
0
0
0
0
0
0
0
0
0
0
0
0
0
0
0
0
0
0
0
0
0
0
0
0
0
0
0
0
0
0
0
0
0
0
0
0
0
0
0
0
0
0
3.7559e-05
3.7559e-05
0.00013023
0.00022747
9.2673e-05
0
0.00013783
0.00031972
0.00055351
0.00044663
0.00041568
0.00023379
0
0
0
0
0
0
0
0
0
0
0
0
0
0
0
1.3126e-05
8.0269e-05
0.00024649
0.00024649
0.00010068
0.00010068
0
2.4365e-05
2.4365e-05
0
0
0
0
0
0
0
0
0
0
0.00014323
0
0
0
0
0
0
0
0
0
0
0
0
0
0
0
0
0
0
0
0
0
0
0
0
0
0
0
0
0
0
0
0
0
0
0
0
0
0
0
0
0
0
0
0
0
0
0
0
0
0
0
0
0
0
0
3.7559e-05
3.7559e-05
0.00013613
0.00064688
0.00067856
3.1681e-05
0
0.00039819
0.0003852
0.0003852
0
0
0
0
0
0
0
0
0
0
0
0
0
0
0
0
8.0269e-05
0.00018369
0.00042155
0.00042155
0.00037573
0.00013513
5.8815e-05
2.4365e-05
2.4365e-05
2.4365e-05
0
0
0
0
0
0
0
0
0
0.00014323
0
0
0
0
0
0
0
0
0
0
0
0
0
0
0
0
0
0
0
0
0
0
0
0
0
0
0
0
0
0
0
0
0
0
0
0
0
0
0
0
0
0
0
0
0
0
0
0
0
0
0
0.00012471
0.00012471
0
0
0
9.857e-05
0.00084749
0.00098485
0.00091305
0.00088492
0.00010212
0.0001279
0.0001279
0.00018242
0.00018242
0.00012496
0
0
0
0
0
0
0
0
0
0
0
0
0
0
0
0.00036003
0.00043402
0.00048432
0.00032534
0.00014134
0.00010994
7.5488e-05
2.4365e-05
2.4365e-05
0
0
0
0
0
0
0
0
0
0.00014323
