0
0
0
0
0
0
0
0
0
0
0
0
0
0
0
0
0
0
0
0
0
0
0
0
0
0
0
0
0
0
0
0
0
0
0
0
0
0
0
0
0
0
0
0
0
0
0
0
0
0
0
0
0
0
0
0
0
1.0896e-05
0.0001694
0.00050098
0.001166
0.0020149
0.0028166
0.0028865
0.0026458
0.0025204
0.0027
0.0030943
0.0035577
0.0040151
0.0046284
0.005071
0.006144
0.0058794
0.0063088
0.0070935
0.0086257
0.0090876
0.009482
0.01
0.0088317
0.0078899
0.006627
0.0059227
0.0050843
0.0052027
0.0059622
0.0061274
0.0059445
0.0056917
0.0058166
0.0063296
0.0068184
0.0070979
0.0064089
0.0055898
0.0045674
0.0038237
0.0035297
0.0033108
0.0030601
0
0
0
0
0
0
0
0
0
0
0
0
0
0
0
0
0
0
0
0
0
0
0
0
0
0
0
0
0
0
0
0
0
0
0
0
0
0
0
0
0
0
0
0
0
0
0
0
0
0
0
0
0
0
0
0
0
0.0002263
0.00099481
0.0014068
0.0018465
0.0018506
0.0018912
0.0019879
0.0021942
0.0024913
0.0032263
0.0037743
0.0039372
0.0037688
0.0037084
0.0037366
0.0047562
0.005413
0.0063845
0.0076293
0.0078783
0.0093042
0.0093045
0.0092541
0.008243
0.0075365
0.0065133
0.0056601
0.0058128
0.0060462
0.0064235
0.0069736
0.0059881
0.0053626
0.0054388
0.0065373
0.0070654
0.0067492
0.006393
0.0054235
0.0046116
0.0038852
0.0034665
0.0033103
0.0030601
0
0
0
0
0
0
0
0
0
0
0
0
0
0
0
0
0
0
0
0
0
0
0
0
0
0
0
0
0
0
0
0
0
0
0
0
0
0
0
0
0
0
0
0
0
0
0
0
0
0
0
0
0
0
0
0
5.076e-06
0.00027553
0.0010209
0.0013
0.0017934
0.0017471
0.0020375
0.0025472
0.0028399
0.0030036
0.0037212
0.0041732
0.0043891
0.0043258
0.0043736
0.0046274
0.0050248
0.0057448
0.0064569
0.0071847
0.0081722
0.0082077
0.0080606
0.0081165
0.0078291
0.006842
0.0061089
0.0055373
0.006216
0.0070092
0.006584
0.0067917
0.005931
0.0051272
0.005419
0.006499
0.0070583
0.0068538
0.0061751
0.0052704
0.0044948
0.0038222
0.0035188
0.0033175
0.0030601
0
0
0
0
0
0
0
0
0
0
0
0
0
0
0
0
0
0
0
0
0
0
0
0
0
0
0
0
0
0
0
0
0
0
0
0
0
0
0
0
0
0
0
0
0
0
0
0
0
0
0
0
0
0
0
0
4.8543e-05
7.3286e-05
0.00035509
0.00083415
0.0012479
0.0017714
0.0023478
0.0027988
0.0032075
0.0035131
0.0038011
0.004102
0.0051709
0.0058128
0.0055269
0.0055988
0.0052689
0.0055413
0.0058331
0.0068018
0.0071858
0.0073182
0.007283
0.0079068
0.0080552
0.0067763
0.0057567
0.0054727
0.0062607
0.0071608
0.0068791
0.0066304
0.0062058
0.0053573
0.0056409
0.0066266
0.0069245
0.0067971
0.0059947
0.0049567
0.0044609
0.0038573
0.0034989
0.0033344
0.0030601
0
0
0
0
0
0
0
0
0
0
0
0
0
0
0
0
0
0
0
0
0
0
0
0
0
0
0
0
0
0
0
0
0
0
0
0
0
0
0
0
0
0
0
0
0
0
0
0
0
0
0
0
0
0
0
0
0
6.4879e-05
0.00025676
0.00081277
0.0011991
0.0015889
0.0020754
0.0023922
0.0026126
0.002972
0.0030949
0.0037022
0.0047014
0.0051317
0.0055188
0.0051609
0.0047227
0.0046076
0.0048037
0.0054108
0.0056833
0.0062486
0.0069196
0.0073357
0.0077665
0.0071986
0.0065901
0.0068739
0.0070151
0.007206
0.007242
0.0067265
0.0063594
0.0057515
0.0062968
0.0063868
0.006538
0.0068574
0.0056136
0.0047033
0.0044392
0.0038885
0.0034588
0.003334
0.0030601
0
0
0
0
0
0
0
0
0
0
0
0
0
0
0
0
0
0
0
0
0
0
0
0
0
0
0
0
0
0
0
0
0
0
0
0
0
0
0
0
0
0
0
0
0
0
0
0
0
0
0
0
0
0
0
0
0
9.0147e-06
9.0321e-05
0.00036939
0.00075745
0.0014548
0.0018244
0.0018505
0.0018108
0.0016862
0.001938
0.002376
0.0029549
0.0038509
0.0040795
0.0041741
0.0042072
0.0044067
0.0045811
0.0054175
0.0060481
0.0057964
0.0055884
0.0063506
0.0072084
0.0082635
0.0084512
0.0077823
0.0075159
0.0069992
0.0064256
0.00634
0.0059074
0.0059465
0.0065011
0.0062918
0.0064273
0.0066626
0.0053164
0.0045667
0.0043535
0.003929
0.0035013
0.0033418
0.0030601
0
0
0
0
0
0
0
0
0
0
0
0
0
0
0
0
0
0
0
0
0
0
0
0
0
0
0
0
0
0
0
0
0
0
0
0
0
0
0
0
0
0
0
0
0
0
0
0
0
0
0
0
0
0
0
0
0
4.5877e-06
4.6296e-05
0.00039246
0.00082516
0.0014266
0.0017871
0.0017632
0.0016779
0.0015067
0.0014875
0.0018788
0.0020781
0.0025422
0.0030501
0.0034846
0.0041569
0.0049783
0.0057854
0.0063753
0.006414
0.0063091
0.0062642
0.0066037
0.0073493
0.0083416
0.0089415
0.008889
0.0075801
0.0063991
0.005592
0.0055907
0.0058132
0.0063962
0.0068891
0.0066141
0.0063443
0.0061456
0.0048675
0.0044257
0.0042617
0.0040162
0.0036329
0.003378
0.0030601
0
0
0
0
0
0
0
0
0
0
0
0
0
0
0
0
0
0
0
0
0
0
0
0
0
0
0
0
0
0
0
0
0
0
0
0
0
0
0
0
0
0
0
0
0
0
0
0
0
0
0
0
0
0
0
0
0
4.5877e-06
5.2446e-05
0.00039053
0.00073642
0.0013991
0.002044
0.0022181
0.0021057
0.0015349
0.0014903
0.0016991
0.0019602
0.0023491
0.0027063
0.0030791
0.0039415
0.0051117
0.0059723
0.0064937
0.0068228
0.0065014
0.0066651
0.0069089
0.0073291
0.008321
0.0083526
0.0084778
0.006788
0.005678
0.0054772
0.0054496
0.0060463
0.0069163
0.007623
0.0071118
0.0063812
0.0057798
0.0047533
0.0042755
0.0042701
0.0040895
0.0036654
0.0033902
0.0030601
0
0
0
0
0
0
0
0
0
0
0
0
0
0
0
0
0
0
0
0
0
0
0
0
0
0
0
0
0
0
0
0
0
0
0
0
0
0
0
0
0
0
0
0
0
0
0
0
0
0
0
0
0
0
0
0
0
0
2.4384e-05
0.00017444
0.00036949
0.00072907
0.0013651
0.0016116
0.0018218
0.0019482
0.0020576
0.0022013
0.0024539
0.0025247
0.0026836
0.0028962
0.0033915
0.0044998
0.0050989
0.0051767
0.0052985
0.0057145
0.0071813
0.0079738
0.0078128
0.007945
0.0074116
0.0066694
0.0060245
0.0053689
0.0053883
0.0055959
0.0065107
0.0072948
0.0075417
0.0072307
0.006526
0.0050457
0.0044219
0.0040714
0.0042061
0.0041569
0.0038125
0.0033003
0.0030601
0
0
0
0
0
0
0
0
0
0
0
0
0
0
0
0
0
0
0
0
0
0
0
0
0
0
0
0
0
0
0
0
0
0
0
0
0
0
0
0
0
0
0
0
0
0
0
0
0
0
0
0
0
0
0
0
0
0
5.4209e-05
0.00023324
0.00050836
0.00072328
0.00086908
0.00091082
0.0013616
0.0020828
0.0027848
0.0029343
0.002595
0.0025887
0.0026507
0.0028977
0.0031528
0.0035707
0.0040758
0.0043562
0.0044867
0.0058267
0.0068784
0.007562
0.0074238
0.0068774
0.0066045
0.0062365
0.0055609
0.0051377
0.0050504
0.0057034
0.0064648
0.0070202
0.0070492
0.0069172
0.0058605
0.0043901
0.0040759
0.0040275
0.0041771
0.0040865
0.0037801
0.0032756
0.0030601
0
0
0
0
0
0
0
0
0
0
0
0
0
0
0
0
0
0
0
0
0
0
0
0
0
0
0
0
0
0
0
0
0
0
0
0
0
0
0
0
0
0
0
0
0
0
0
0
0
0
0
0
0
0
0
0
0
1.1493e-05
3.7449e-05
0.0002309
0.00054384
0.00072205
0.00095032
0.00099736
0.0012174
0.0017438
0.0020586
0.0024419
0.0026607
0.0024944
0.0025457
0.0027181
0.0029414
0.003668
0.0040387
0.0044098
0.0044424
0.0055313
0.0061258
0.0067353
0.0073655
0.0064974
0.0066766
0.0058893
0.0054178
0.0052642
0.0051501
0.0057545
0.0063824
0.0068971
0.006875
0.0061885
0.0050673
0.0041085
0.0038295
0.0039577
0.0039862
0.0040563
0.0037212
0.0032576
0.0030601
0
0
0
0
0
0
0
0
0
0
0
0
0
0
0
0
0
0
0
0
0
0
0
0
0
0
0
0
0
0
0
0
0
0
0
0
0
0
0
0
0
0
0
0
0
0
0
0
0
0
0
0
0
0
0
0
0
1.274e-05
5.4905e-05
0.00012987
0.00029611
0.00046613
0.00065776
0.00083713
0.00099999
0.0012873
0.0013354
0.0015456
0.0018888
0.0020938
0.0023252
0.0026551
0.002498
0.0031361
0.0038122
0.0042051
0.0045127
0.0043315
0.004849
0.0053968
0.0059064
0.0060089
0.0062747
0.0061245
0.0053638
0.0050182
0.0051569
0.005544
0.0059443
0.0064878
0.0062302
0.0055524
0.0043791
0.0035311
0.0036634
0.0038632
0.0038005
0.0040364
0.0037669
0.0032177
0.0030601
0
0
0
0
0
0
0
0
0
0
0
0
0
0
0
0
0
0
0
0
0
0
0
0
0
0
0
0
0
0
0
0
0
0
0
0
0
0
0
0
0
0
0
0
0
0
0
0
0
0
0
0
0
0
0
0
0
2.7211e-06
5.7345e-05
0.0001293
0.00026612
0.00050388
0.0006522
0.00086101
0.001089
0.0011374
0.0013566
0.0016393
0.0017881
0.0021383
0.0024194
0.0024586
0.0029716
0.0033209
0.0036608
0.0041646
0.0042636
0.0040806
0.0042729
0.0043615
0.0051151
0.0058874
0.0059746
0.0054777
0.0050868
0.0045979
0.0050655
0.0052519
0.0051462
0.0056363
0.0055815
0.0045883
0.003829
0.0032538
0.0033221
0.0036937
0.0036315
0.0039962
0.003727
0.0031074
0.0030601
0
0
0
0
0
0
0
0
0
0
0
0
0
0
0
0
0
0
0
0
0
0
0
0
0
0
0
0
0
0
0
0
0
0
0
0
0
0
0
0
0
0
0
0
0
0
0
0
0
0
0
0
0
0
0
0
0
0
1.3153e-05
0.00011754
0.00022582
0.00045791
0.00064898
0.00097535
0.0011628
0.0012576
0.0015381
0.0015589
0.0017825
0.0018443
0.0021196
0.002583
0.0033009
0.0036206
0.0036843
0.0036802
0.0039713
0.0042918
0.0044401
0.004521
0.0043758
0.0049574
0.0050242
0.0047395
0.0048578
0.0049655
0.0051537
0.0052622
0.0052259
0.0051566
0.0045586
0.0037657
0.0034159
0.0030006
0.0030856
0.0034982
0.0035295
0.0040042
0.0037248
0.0031073
0.0030601
0
0
0
0
0
0
0
0
0
0
0
0
0
0
0
0
0
0
0
0
0
0
0
0
0
0
0
0
0
0
0
0
0
0
0
0
0
0
0
0
0
0
0
0
0
0
0
0
0
0
0
0
0
0
0
0
0
3.4703e-06
1.3619e-05
0.00013407
0.00028396
0.00040396
0.00056139
0.00081104
0.0010749
0.0013685
0.0014256
0.0014054
0.0013548
0.001447
0.0015846
0.0022844
0.0029372
0.0035243
0.0036007
0.0033275
0.0036266
0.0038552
0.0041222
0.0042052
0.0041552
0.0041237
0.0046713
0.0049228
0.0046344
0.0050155
0.0054615
0.0058549
0.0055216
0.0045068
0.0041754
0.0033235
0.0031222
0.0028294
0.0029173
0.0034014
0.0034705
0.0039532
0.0036843
0.003076
0.0030601
0
0
0
0
0
0
0
0
0
0
0
0
0
0
0
0
0
0
0
0
0
0
0
0
0
0
0
0
0
0
0
0
0
0
0
0
0
0
0
0
0
0
0
0
0
0
0
0
0
0
0
0
0
0
0
0
0
0
2.5063e-05
0.00016704
0.0003012
0.00052472
0.00065071
0.00080134
0.0009657
0.0012099
0.0012723
0.0012092
0.001312
0.001537
0.0019021
0.0022474
0.0026486
0.0031277
0.0031023
0.0027591
0.0027626
0.0032278
0.0039071
0.0039471
0.0042626
0.0045621
0.0047466
0.0049507
0.004921
0.0054423
0.0055673
0.0062104
0.0058391
0.0049176
0.004333
0.0032842
0.0028834
0.0028194
0.0028017
0.0035202
0.0034013
0.0037919
0.0036131
0.0029659
0.0030601
0
0
0
0
0
0
0
0
0
0
0
0
0
0
0
0
0
0
0
0
0
0
0
0
0
0
0
0
0
0
0
0
0
0
0
0
0
0
0
0
0
0
0
0
0
0
0
0
0
0
0
0
0
0
0
0
0
0
1.2344e-05
6.7549e-05
0.00031457
0.00050918
0.00062617
0.00062987
0.00062298
0.00068421
0.00081513
0.00095027
0.0011836
0.0014619
0.0016477
0.0018082
0.002247
0.0022665
0.0023161
0.0022283
0.0021466
0.0023544
0.0029732
0.0033171
0.0038158
0.0044495
0.0049818
0.005089
0.0053838
0.0057224
0.0056557
0.0062338
0.0060219
0.0051873
0.0046789
0.0033472
0.0029457
0.0028917
0.0028264
0.0033577
0.0033056
0.0036176
0.0035943
0.0030051
0.0030601
0
0
0
0
0
0
0
0
0
0
0
0
0
0
0
0
0
0
0
0
0
0
0
0
0
0
0
0
0
0
0
0
0
0
0
0
0
0
0
0
0
0
0
0
0
0
0
0
0
0
0
0
0
0
0
0
0
0
1.2302e-05
4.9107e-05
0.00017833
0.00041355
0.00044841
0.00048433
0.00047426
0.00046886
0.00061461
0.00079149
0.0010541
0.0012933
0.0014395
0.0015308
0.0016177
0.0017811
0.0018258
0.0017101
0.0019065
0.0021582
0.0024349
0.0026778
0.0031141
0.0038803
0.0045475
0.004748
0.0045973
0.0045086
0.0049816
0.005625
0.0056678
0.0052096
0.0046952
0.0036105
0.0032589
0.0028577
0.0028524
0.0032884
0.0032513
0.0035724
0.0034716
0.0029678
0.0030601
0
0
0
0
0
0
0
0
0
0
0
0
0
0
0
0
0
0
0
0
0
0
0
0
0
0
0
0
0
0
0
0
0
0
0
0
0
0
0
0
0
0
0
0
0
0
0
0
0
0
0
0
0
0
0
0
0
0
0
2.6885e-05
5.9581e-05
0.00013475
0.0002174
0.00023878
0.00029667
0.00039929
0.0006416
0.00087105
0.0011981
0.0012893
0.0013851
0.0016326
0.0017053
0.0019099
0.0017966
0.0015454
0.0017363
0.002043
0.0022661
0.0026643
0.002691
0.0032978
0.0037593
0.0041826
0.0040276
0.0036406
0.0040761
0.0044857
0.004754
0.0047649
0.0045103
0.0039817
0.0036527
0.0030864
0.0027725
0.0031412
0.0031787
0.0035807
0.0033755
0.0029736
0.0030601
0
0
0
0
0
0
0
0
0
0
0
0
0
0
0
0
0
0
0
0
0
0
0
0
0
0
0
0
0
0
0
0
0
0
0
0
0
0
0
0
0
0
0
0
0
0
0
0
0
0
0
0
0
0
0
0
0
0
0
2.4104e-06
4.465e-05
0.00011589
0.00018875
0.00022374
0.00028578
0.00036892
0.00057218
0.00076936
0.00098991
0.0011076
0.0011376
0.0013572
0.0016129
0.0017678
0.0015946
0.0015967
0.0017183
0.001795
0.0018899
0.0022883
0.0025639
0.0029423
0.0031536
0.0034742
0.0034896
0.0032613
0.0031856
0.00349
0.0041428
0.0043702
0.0041997
0.0040068
0.00373
0.0031691
0.0027509
0.0029207
0.0031127
0.0034954
0.0032729
0.0029371
0.0030601
0
0
0
0
0
0
0
0
0
0
0
0
0
0
0
0
0
0
0
0
0
0
0
0
0
0
0
0
0
0
0
0
0
0
0
0
0
0
0
0
0
0
0
0
0
0
0
0
0
0
0
0
0
0
0
0
0
0
0
8.4443e-06
8.5788e-05
0.00015125
0.00020277
0.00024571
0.00028415
0.00032497
0.00044888
0.00054494
0.0006093
0.00064458
0.00071484
0.00087445
0.0011209
0.0013833
0.0015532
0.0014873
0.0015023
0.0018521
0.0018066
0.001966
0.0022458
0.0025186
0.0027734
0.0026894
0.002978
0.0029027
0.0028107
0.0027981
0.0034188
0.0038638
0.0037085
0.0039957
0.0038409
0.0032637
0.0027392
0.0026526
0.0030336
0.0033544
0.0030978
0.0029213
0.0030601
0
0
0
0
0
0
0
0
0
0
0
0
0
0
0
0
0
0
0
0
0
0
0
0
0
0
0
0
0
0
0
0
0
0
0
0
0
0
0
0
0
0
0
0
0
0
0
0
0
0
0
0
0
0
0
0
0
0
5.9023e-06
2.9714e-05
6.0612e-05
0.00011937
0.00014532
0.00016228
0.00022742
0.0003342
0.00032313
0.00037535
0.0003686
0.00038812
0.00056284
0.00082412
0.001143
0.0013513
0.0014097
0.00147
0.00151
0.0014608
0.0014467
0.0016383
0.0018338
0.00191
0.0020413
0.0024175
0.0027663
0.0029367
0.0029259
0.0029958
0.0030424
0.0034049
0.0035235
0.0039454
0.0039199
0.0034515
0.0028182
0.0024243
0.0028753
0.0031146
0.003025
0.0028796
0.0030601
0
0
0
0
0
0
0
0
0
0
0
0
0
0
0
0
0
0
0
0
0
0
0
0
0
0
0
0
0
0
0
0
0
0
0
0
0
0
0
0
0
0
0
0
0
0
0
0
0
0
0
0
0
0
0
0
0
0
2.8907e-06
1.8649e-05
3.7825e-05
5.1138e-05
5.3017e-05
7.6853e-05
0.00018384
0.00027384
0.00029321
0.00027035
0.00026482
0.00032454
0.00049866
0.00074171
0.0010121
0.0011812
0.0012573
0.0012001
0.0012011
0.001238
0.0012033
0.0012978
0.0014433
0.0017459
0.0018402
0.0022208
0.0026148
0.0029084
0.003195
0.0029976
0.0030076
0.0030919
0.0033369
0.0036334
0.0037937
0.0034916
0.002868
0.0023515
0.0027242
0.0030444
0.0030114
0.0028205
0.0030601
0
0
0
0
0
0
0
0
0
0
0
0
0
0
0
0
0
0
0
0
0
0
0
0
0
0
0
0
0
0
0
0
0
0
0
0
0
0
0
0
0
0
0
0
0
0
0
0
0
0
0
0
0
0
0
0
0
0
0
0
3.9784e-06
4.5458e-05
4.2736e-05
6.4325e-05
8.8076e-05
0.00013203
0.00018452
0.00021514
0.00024568
0.0002669
0.00034576
0.00054844
0.00070514
0.00077572
0.0008787
0.00090993
0.00097147
0.00099884
0.0010896
0.0012133
0.0013051
0.0015636
0.001637
0.0019922
0.0023266
0.0026011
0.0027762
0.0027584
0.0028084
0.0027767
0.0030192
0.0034862
0.0037636
0.0034652
0.0027164
0.0022983
0.0025623
0.0028024
0.0028739
0.0028078
0.0030601
0
0
0
0
0
0
0
0
0
0
0
0
0
0
0
0
0
0
0
0
0
0
0
0
0
0
0
0
0
0
0
0
0
0
0
0
0
0
0
0
0
0
0
0
0
0
0
0
0
0
0
0
0
0
0
0
0
0
0
3.5037e-05
6.9634e-05
8.6099e-05
7.4639e-05
5.7046e-05
4.0048e-05
6.0125e-05
8.5078e-05
0.00010645
0.00013141
0.00023254
0.00034379
0.00044553
0.00050106
0.0010599
0.0011569
0.0010999
0.0011745
0.001377
0.0013632
0.0015103
0.0014754
0.0016328
0.0016593
0.0017572
0.0020581
0.0021182
0.00234
0.0024417
0.0024175
0.0024233
0.002635
0.0031832
0.003446
0.0033317
0.0026178
0.0022759
0.0024183
0.002729
0.0028241
0.00278
0.0030601
0
0
0
0
0
0
0
0
0
0
0
0
0
0
0
0
0
0
0
0
0
0
0
0
0
0
0
0
0
0
0
0
0
0
0
0
0
0
0
0
0
0
0
0
0
0
0
0
0
0
0
0
0
0
0
0
0
0
1.1042e-05
3.8658e-05
4.8168e-05
4.8168e-05
4.6648e-05
1.8713e-05
6.8896e-05
0.00011392
0.00019103
0.00023756
0.00021753
0.00021918
0.00033782
0.00043376
0.0010071
0.001011
0.0011945
0.0013152
0.0011754
0.0012731
0.0013535
0.0015982
0.0015459
0.0016265
0.0014633
0.0013229
0.0015254
0.0017671
0.0019073
0.0021136
0.0020495
0.0019799
0.0022621
0.0027414
0.0030827
0.0028398
0.0024006
0.0021445
0.0021727
0.0025696
0.0027206
0.0027624
0.0030601
0
0
0
0
0
0
0
0
0
0
0
0
0
0
0
0
0
0
0
0
0
0
0
0
0
0
0
0
0
0
0
0
0
0
0
0
0
0
0
0
0
0
0
0
0
0
0
0
0
0
0
0
0
0
0
0
0
0
0
0
0
2.3839e-06
1.5704e-05
2.8563e-05
6.3509e-05
0.00018538
0.00033317
0.00036571
0.00033808
0.00030596
0.0003091
0.00041184
0.00067979
0.00094352
0.0010073
0.00085975
0.00075772
0.00098153
0.001163
0.0013038
0.0013427
0.0013917
0.0012484
0.0010576
0.0011681
0.0014275
0.0015123
0.0015877
0.0016097
0.001655
0.0019306
0.0024624
0.0027156
0.0024834
0.0022693
0.0020783
0.0021171
0.0024946
0.0026382
0.0027522
0.0030601
0
0
0
0
0
0
0
0
0
0
0
0
0
0
0
0
0
0
0
0
0
0
0
0
0
0
0
0
0
0
0
0
0
0
0
0
0
0
0
0
0
0
0
0
0
0
0
0
0
0
0
0
0
0
0
0
0
0
0
0
0
0
5.2419e-06
1.0634e-05
2.7755e-05
0.00011727
0.00019768
0.00034556
0.00032741
0.0002842
0.00028125
0.00036551
0.00037914
0.00037215
0.00045888
0.00050832
0.00052243
0.00050504
0.00065697
0.00096759
0.0012633
0.0012944
0.0011708
0.0010437
0.0011704
0.0014171
0.0014831
0.0014891
0.0013352
0.0013636
0.0016702
0.0022195
0.0023857
0.0022968
0.0021334
0.0020699
0.0020718
0.0023661
0.0025262
0.0027559
0.0030601
0
0
0
0
0
0
0
0
0
0
0
0
0
0
0
0
0
0
0
0
0
0
0
0
0
0
0
0
0
0
0
0
0
0
0
0
0
0
0
0
0
0
0
0
0
0
0
0
0
0
0
0
0
0
0
0
0
0
0
0
2.8346e-06
2.8346e-06
0
5.6945e-06
1.5303e-05
2.3945e-05
9.0147e-05
0.00012358
0.00015201
0.00014698
0.00014861
0.00022664
0.00027294
0.00041321
0.0004821
0.00060855
0.00057034
0.00053025
0.00057918
0.00073879
0.00096442
0.0010253
0.0010272
0.0010066
0.0011243
0.0013363
0.0014173
0.0014087
0.0012555
0.0012912
0.0014902
0.0019464
0.0021509
0.0021211
0.0019526
0.0019985
0.0021202
0.0023089
0.0024342
0.0027517
0.0030601
0
0
0
0
0
0
0
0
0
0
0
0
0
0
0
0
0
0
0
0
0
0
0
0
0
0
0
0
0
0
0
0
0
0
0
0
0
0
0
0
0
0
0
0
0
0
0
0
0
0
0
0
0
0
0
0
0
0
0
2.8346e-06
2.8346e-06
2.8346e-06
2.8346e-06
5.6945e-06
1.7434e-05
2.2601e-05
3.2433e-05
2.8127e-05
9.5521e-06
2.0134e-05
6.0541e-05
0.00010516
0.00018278
0.00030059
0.00049135
0.00057975
0.00056199
0.00050181
0.0005084
0.0006174
0.00082842
0.00086656
0.00086745
0.00089381
0.00096145
0.0012048
0.0013067
0.0012556
0.0011571
0.001264
0.0014672
0.0018051
0.0019008
0.0019117
0.0018361
0.0019323
0.0020861
0.0022405
0.0024033
0.0027219
0.0030601
0
0
0
0
0
0
0
0
0
0
0
0
0
0
0
0
0
0
0
0
0
0
0
0
0
0
0
0
0
0
0
0
0
0
0
0
0
0
0
0
0
0
0
0
0
0
0
0
0
0
0
0
0
0
0
0
0
0
0
2.4316e-06
4.4955e-06
4.4955e-06
2.0638e-06
2.5374e-06
4.2266e-06
1.2214e-05
1.5886e-05
9.8215e-06
9.8215e-06
4.5741e-06
3.1016e-05
5.6564e-05
0.00011471
0.00018828
0.0003676
0.00039253
0.00042429
0.00033767
0.00036821
0.00039061
0.00050675
0.0006281
0.00076893
0.00081825
0.00091953
0.0011132
0.0011982
0.0011538
0.0012068
0.0012108
0.0015251
0.0016735
0.0018102
0.0018165
0.0017594
0.001882
0.0020742
0.0022631
0.0024065
0.0026982
0.0030601
0
0
0
0
0
0
0
0
0
0
0
0
0
0
0
0
0
0
0
0
0
0
0
0
0
0
0
0
0
0
0
0
0
0
0
0
0
0
0
0
0
0
0
0
0
0
0
0
0
0
0
0
0
0
0
0
0
0
0
1.4278e-05
2.2751e-05
3.8952e-05
6.1548e-05
3.7314e-05
5.9658e-06
0
6.1496e-06
6.1496e-06
6.1496e-06
4.5741e-06
1.5758e-05
3.9568e-05
7.9583e-05
0.00014939
0.00020298
0.00027483
0.00028686
0.00026548
0.00030015
0.000351
0.0004173
0.00057322
0.00066493
0.00068951
0.00072257
0.00087624
0.00095497
0.001061
0.0012083
0.0011993
0.001559
0.0016324
0.0017127
0.0016981
0.0016541
0.0018405
0.0021077
0.0021957
0.0024144
0.0027063
0.0030601
0
0
0
0
0
0
0
0
0
0
0
0
0
0
0
0
0
0
0
0
0
0
0
0
0
0
0
0
0
0
0
0
0
0
0
0
0
0
0
0
0
0
0
0
0
0
0
0
0
0
0
0
0
0
0
0
0
0
0
0
2.31e-05
6.4594e-05
6.4594e-05
4.8634e-05
3.1395e-05
0
2.5201e-06
6.0984e-06
6.0984e-06
3.5783e-06
8.2781e-06
1.3663e-05
1.6552e-05
6.7402e-05
0.00012288
0.00017043
0.00021006
0.00022875
0.00024552
0.00026056
0.00037112
0.00044308
0.00053849
0.00060415
0.00059827
0.00075476
0.00082118
0.00095291
0.001089
0.001164
0.0014733
0.0017609
0.0016212
0.0016362
0.0015584
0.0018111
0.0021016
0.0021928
0.0024336
0.0027154
0.0030601
0
0
0
0
0
0
0
0
0
0
0
0
0
0
0
0
0
0
0
0
0
0
0
0
0
0
0
0
0
0
0
0
0
0
0
0
0
0
0
0
0
0
0
0
0
0
0
0
0
0
0
0
0
0
0
0
0
0
0
0
0
2.091e-06
1.132e-05
1.772e-05
3.0196e-06
2.5201e-06
9.8336e-06
1.4969e-05
1.4969e-05
1.0663e-05
3.704e-06
8.4619e-06
1.6341e-05
3.7734e-05
0.00011209
0.00015004
0.00022217
0.00022581
0.00025458
0.00025323
0.0003311
0.00041612
0.00048318
0.00049586
0.00055958
0.00073264
0.00092436
0.00090714
0.00092616
0.001083
0.0015538
0.0017431
0.0016695
0.0015681
0.0015276
0.0018039
0.0020255
0.0021145
0.002446
0.0027163
0.0030601
0
0
0
0
0
0
0
0
0
0
0
0
0
0
0
0
0
0
0
0
0
0
0
0
0
0
0
0
0
0
0
0
0
0
0
0
0
0
0
0
0
0
0
0
0
0
0
0
0
0
0
0
0
0
0
0
0
0
0
0
1.1211e-05
1.1211e-05
2.3589e-05
4.3916e-06
0
1.7518e-05
2.3531e-05
4.9755e-05
5.1738e-05
2.0117e-05
0
2.8038e-06
8.3111e-06
3.4036e-05
7.9068e-05
0.00012984
0.00017147
0.00023098
0.00027503
0.00032257
0.00033408
0.00032835
0.00037063
0.00041006
0.00054426
0.00076651
0.00081945
0.00087974
0.00081481
0.00106
0.0014742
0.0016438
0.0016898
0.0016144
0.0015636
0.001787
0.0020307
0.0020258
0.002438
0.0027045
0.0030601
0
0
0
0
0
0
0
0
0
0
0
0
0
0
0
0
0
0
0
0
0
0
0
0
0
0
0
0
0
0
0
0
0
0
0
0
0
0
0
0
0
0
0
0
0
0
0
0
0
0
0
0
0
0
0
0
0
0
1.6865e-05
3.1084e-05
6.1202e-05
6.6822e-05
7.4633e-05
5.4653e-05
2.2874e-05
3.2624e-05
4.7403e-05
5.6997e-05
4.8708e-05
3.0337e-05
5.5218e-06
0
3.0631e-06
1.2292e-05
4.4218e-05
6.5099e-05
0.00015013
0.00024112
0.00034554
0.00037269
0.00036886
0.00032555
0.00033033
0.00038677
0.0005821
0.00073657
0.00077184
0.00078829
0.0007389
0.00095823
0.0013421
0.0015542
0.0015912
0.0015779
0.0015005
0.0016965
0.0019106
0.0019772
0.0023725
0.0026394
0.0030601
0
0
0
0
0
0
0
0
0
0
0
0
0
0
0
0
0
0
0
0
0
0
0
0
0
0
0
0
0
0
0
0
0
0
0
0
0
0
0
0
0
0
0
0
0
0
0
0
0
0
0
0
0
0
0
0
2.7828e-06
6.244e-05
9.5279e-05
8.0746e-05
7.0724e-05
7.1356e-05
8.7717e-05
6.0265e-05
3.3811e-05
2.8801e-05
2.3478e-05
3.2324e-05
2.6447e-05
1.0331e-05
2.8349e-06
0
2.4622e-06
1.5343e-05
3.2447e-05
3.5332e-05
0.00010744
0.00021041
0.00032343
0.00035692
0.00032926
0.00026496
0.00025764
0.00038173
0.00055926
0.00073731
0.00083086
0.00073235
0.00070768
0.00083063
0.001178
0.0014961
0.0015728
0.0014259
0.0014423
0.0016474
0.0018604
0.0019737
0.0023555
0.0026315
0.0030601
0
0
0
0
0
0
0
0
0
0
0
0
0
0
0
0
0
0
0
0
0
0
0
0
0
0
0
0
0
0
0
0
0
0
0
0
0
0
0
0
0
0
0
0
0
0
0
0
0
0
0
0
0
0
0
0
3.2762e-05
9.139e-05
0.00011854
0.00012979
8.6304e-05
5.1443e-05
4.7113e-05
4.1699e-05
3.6024e-05
3.7331e-05
3.1249e-05
3.0891e-05
2.279e-05
1.0882e-05
0
0
5.0091e-06
1.1381e-05
2.8967e-05
4.3858e-05
7.2463e-05
9.8907e-05
0.00015424
0.00023802
0.0002139
0.00020683
0.00018497
0.00036042
0.00052413
0.00066336
0.00078222
0.00066422
0.00060781
0.00068188
0.0010337
0.0013402
0.0014629
0.001398
0.0013388
0.0015648
0.0017695
0.001902
0.002315
0.0026286
0.0030601
0
0
0
0
0
0
0
0
0
0
0
0
0
0
0
0
0
0
0
0
0
0
0
0
0
0
0
0
0
0
0
0
0
0
0
0
0
0
0
0
0
0
0
0
0
0
0
0
0
0
0
0
0
0
0
0
1.207e-05
5.6619e-05
0.00011532
9.76e-05
6.5814e-05
4.2585e-05
2.3354e-05
1.9456e-05
1.8651e-05
3.2974e-05
4.1193e-05
5.3152e-05
5.8402e-05
2.66e-05
1.7985e-05
1.4181e-05
1.8607e-05
1.9237e-05
1.7297e-05
4.1567e-05
6.4606e-05
6.3178e-05
0.00013468
0.0001529
0.00015243
0.00014541
0.00013182
0.00030818
0.00047787
0.00057116
0.00064872
0.00052017
0.00054499
0.00064269
0.00099171
0.0012237
0.0013517
0.0011671
0.0013156
0.0015253
0.0016946
0.0018964
0.0022121
0.0026489
0.0030601
0
0
0
0
0
0
0
0
0
0
0
0
0
0
0
0
0
0
0
0
0
0
0
0
0
0
0
0
0
0
0
0
0
0
0
0
0
0
0
0
0
0
0
0
0
0
0
0
0
0
0
0
0
0
0
0
0.00019047
0.00021193
0.00025019
0.00025036
5.3462e-05
3.0529e-05
1.3543e-05
8.9099e-06
0
1.8842e-05
2.8357e-05
5.8402e-05
5.2258e-05
4.4245e-05
4.5934e-05
2.6186e-05
2.2853e-05
1.9864e-05
2.8116e-05
5.006e-05
6.6594e-05
0.00013141
0.00018536
0.00019983
0.00018315
0.00013857
0.00012724
0.00022539
0.00040857
0.00053689
0.00054351
0.00048552
0.00050486
0.00064795
0.00086663
0.0011062
0.0011575
0.0010919
0.0011551
0.0014507
0.0016412
0.0019143
0.0022022
0.0026272
0.0030601
0
0
0
0
0
0
0
0
0
0
0
0
0
0
0
0
0
0
0
0
0
0
0
0
0
0
0
0
0
0
0
0
0
0
0
0
0
0
0
0
0
0
0
0
0
0
0
0
0
0
0
0
0
0
0
0
2.623e-05
0.00021614
0.00025387
0.00012552
7.9047e-05
2.0077e-05
0
3.5594e-06
8.6657e-06
3.5594e-06
1.7313e-05
3.6333e-05
3.0311e-05
2.8368e-05
7.4269e-06
2.9352e-05
3.1098e-05
2.8653e-05
2.396e-05
4.2097e-05
7.3069e-05
0.00013999
0.00017597
0.00019563
0.00021537
0.00016866
0.00017945
0.00020562
0.00033674
0.00047433
0.00046338
0.00041221
0.00044018
0.00056326
0.00079925
0.0010116
0.0010939
0.0010664
0.0010649
0.0013809
0.001625
0.0018546
0.0021516
0.0025905
0.0030601
0
0
0
0
0
0
0
0
0
0
0
0
0
0
0
0
0
0
0
0
0
0
0
0
0
0
0
0
0
0
0
0
0
0
0
0
0
0
0
0
0
0
0
0
0
0
0
0
0
0
0
0
0
0
0
0
1.591e-05
4.8998e-05
0.00024877
0.0004213
0.00039857
0.00030961
0.00015334
6.2101e-05
4.0325e-05
3.0562e-05
8.5214e-06
1.005e-05
1.3208e-05
1.4147e-05
1.4172e-05
2.4702e-05
3.3587e-05
4.4412e-05
3.4295e-05
5.2391e-05
6.5876e-05
0.00012734
0.0001714
0.00018571
0.00019133
0.00021842
0.00021668
0.00024718
0.00035267
0.0003991
0.00037998
0.0003464
0.00035591
0.0004621
0.00075413
0.00093499
0.00099664
0.0010121
0.0010334
0.001352
0.0015587
0.0018221
0.0021192
0.0025889
0.0030601
0
0
0
0
0
0
0
0
0
0
0
0
0
0
0
0
0
0
0
0
0
0
0
0
0
0
0
0
0
0
0
0
0
0
0
0
0
0
0
0
0
0
0
0
0
0
0
0
0
0
0
0
0
0
0
0
3.08e-05
6.8571e-05
0.00022446
0.00043522
0.0004131
0.00036528
0.0001884
0.00013294
9.2278e-05
5.4116e-05
1.9829e-05
2.7347e-05
4.1458e-05
4.6252e-05
3.8873e-05
3.4035e-05
5.1466e-05
5.8571e-05
5.0881e-05
5.3092e-05
4.4045e-05
6.2765e-05
8.4255e-05
0.0001018
0.00014357
0.00018231
0.00022028
0.00027234
0.00030172
0.00034911
0.0003481
0.00031361
0.00031333
0.00051783
0.0006815
0.00084927
0.00089017
0.00098888
0.0010129
0.0013368
0.0016027
0.0018486
0.0021146
0.0025796
0.0030601
0
0
0
0
0
0
0
0
0
0
0
0
0
0
0
0
0
0
0
0
0
0
0
0
0
0
0
0
0
0
0
0
0
0
0
0
0
0
0
0
0
0
0
0
0
0
0
0
0
0
0
0
0
0
0
0
1.5577e-05
4.7229e-05
7.548e-05
0.0001087
0.00013448
0.00018475
0.00015752
0.00017626
0.00010286
4.6867e-05
5.8216e-05
5.8067e-05
8.1597e-05
7.1704e-05
5.2695e-05
4.2929e-05
3.2618e-05
4.7832e-05
3.4723e-05
2.9153e-05
1.1518e-05
2.0298e-05
6.1959e-05
7.8577e-05
9.2075e-05
0.00011689
0.00015826
0.00024271
0.00027779
0.00031289
0.00031269
0.00033755
0.00037539
0.00047723
0.00065116
0.00079596
0.00082958
0.00094598
0.0010159
0.0012193
0.0015385
0.0018135
0.0021375
0.0025963
0.0030601
0
0
0
0
0
0
0
0
0
0
0
0
0
0
0
0
0
0
0
0
0
0
0
0
0
0
0
0
0
0
0
0
0
0
0
0
0
0
0
0
0
0
0
0
0
0
0
0
0
0
0
0
0
0
0
0
5.5847e-06
1.1128e-05
6.2852e-05
0.00011439
0.0001435
0.000162
0.00012313
9.6687e-05
5.7836e-05
7.66e-05
9.2696e-05
0.00011202
8.126e-05
7.3505e-05
5.3187e-05
2.7366e-05
1.4167e-05
1.0829e-05
1.356e-05
2.7304e-06
1.6549e-05
2.5247e-05
3.5403e-05
5.0536e-05
9.8054e-05
0.00011599
0.00012275
0.00015129
0.00024098
0.00027392
0.0003127
0.00032555
0.00038457
0.00050559
0.00062924
0.00073194
0.00084254
0.00084118
0.00099052
0.0011777
0.001497
0.0017693
0.0021571
0.0026118
0.0030601
0
0
0
0
0
0
0
0
0
0
0
0
0
0
0
0
0
0
0
0
0
0
0
0
0
0
0
0
0
0
0
0
0
0
0
0
0
0
0
0
0
0
0
0
0
0
0
0
0
0
0
0
0
0
0
0
1.7034e-05
5.4876e-05
0.00020693
0.00029174
0.00028254
0.00024417
0.00014063
0.0002131
0.00018627
0.00018262
0.00020936
0.00010629
8.9681e-05
6.2834e-05
4.5558e-05
3.6214e-05
2.2333e-05
1.282e-05
6.4949e-06
0
1.0664e-05
1.9507e-05
2.9755e-05
7.958e-05
0.00011901
0.0001331
0.00014286
0.0001637
0.0002568
0.00030245
0.00031608
0.00038187
0.00043728
0.00047002
0.00047562
0.00063058
0.00077474
0.00075544
0.00094181
0.0011318
0.001439
0.0017373
0.0021502
0.0026246
0.0030601
0
0
0
0
0
0
0
0
0
0
0
0
0
0
0
0
0
0
0
0
0
0
0
0
0
0
0
0
0
0
0
0
0
0
0
0
0
0
0
0
0
0
0
0
0
0
0
0
0
0
0
0
0
0
0
0
8.7927e-06
8.5802e-05
0.00024026
0.00033327
0.00038306
0.0002582
0.00019112
0.0002212
0.00020839
0.00020641
0.00011162
4.3265e-05
4.8823e-05
4.4664e-05
4.6674e-05
4.6095e-05
3.7134e-05
3.9585e-05
2.3169e-05
1.3964e-05
5.2746e-06
8.2328e-06
1.8549e-05
5.1926e-05
0.00012186
0.0001432
0.00016846
0.00016379
0.00024363
0.00026677
0.0003259
0.00035346
0.00045402
0.00049454
0.00052702
0.00058836
0.0007022
0.00069538
0.00089678
0.0011408
0.0014445
0.0017301
0.0020946
0.0025806
0.0030601
0
0
0
0
0
0
0
0
0
0
0
0
0
0
0
0
0
0
0
0
0
0
0
0
0
0
0
0
0
0
0
0
0
0
0
0
0
0
0
0
0
0
0
0
0
0
0
0
0
0
0
0
0
0
0
0
1.4982e-05
0.00012728
0.00021354
0.00029508
0.00033731
0.00027159
0.00019475
0.00013515
7.2461e-05
5.9744e-05
3.6533e-05
4.0842e-05
3.7048e-05
2.9882e-05
3.3834e-05
6.2189e-05
7.0282e-05
5.361e-05
4.0881e-05
1.4376e-05
1.1537e-05
9.0982e-06
3.199e-06
3.194e-05
8.9757e-05
0.00013402
0.00017687
0.00021323
0.00026049
0.00028639
0.00032389
0.00036576
0.00043955
0.00056367
0.00052665
0.00049985
0.0006308
0.00071338
0.00087503
0.0010893
0.0014131
0.0017124
0.0020387
0.0025664
0.0030601
0
0
0
0
0
0
0
0
0
0
0
0
0
0
0
0
0
0
0
0
0
0
0
0
0
0
0
0
0
0
0
0
0
0
0
0
0
0
0
0
0
0
0
0
0
0
0
0
0
0
0
0
0
0
0
0
1.7711e-05
0.00012083
0.00017971
0.00029369
0.00038389
0.00032777
0.00027395
0.00010965
3.8708e-05
3.1834e-05
3.3322e-05
3.8645e-05
3.6883e-05
2.1707e-05
5.7777e-05
7.1309e-05
8.2343e-05
8.3053e-05
4.5929e-05
3.8686e-05
4.458e-05
4.7186e-05
4.3049e-05
4.3793e-05
5.6624e-05
7.9572e-05
0.00014348
0.00019526
0.00026336
0.00029834
0.00036116
0.00039671
0.00048732
0.00048731
0.00050287
0.00048218
0.00055205
0.00071931
0.00087317
0.0010514
0.001401
0.0017058
0.0020444
0.0025382
0.0030601
0
0
0
0
0
0
0
0
0
0
0
0
0
0
0
0
0
0
0
0
0
0
0
0
0
0
0
0
0
0
0
0
0
0
0
0
0
0
0
0
0
0
0
0
0
0
0
0
0
0
0
0
0
0
0
0
2.7511e-06
2.382e-05
5.6522e-05
9.0184e-05
0.00018727
0.0002021
0.00013577
8.2153e-05
6.0179e-05
4.3979e-05
2.5288e-05
4.1129e-05
3.4712e-05
2.2011e-05
3.6059e-05
5.1661e-05
6.426e-05
6.973e-05
5.1182e-05
7.177e-05
6.8617e-05
6.3431e-05
6.2878e-05
4.6188e-05
4.9491e-05
5.2638e-05
7.7067e-05
0.00011293
0.00018866
0.00024657
0.0003353
0.00041035
0.00050341
0.00048888
0.00045706
0.00045562
0.00058118
0.00069378
0.00083316
0.0010646
0.0013804
0.0016595
0.0020409
0.0025185
0.0030601
0
0
0
0
0
0
0
0
0
0
0
0
0
0
0
0
0
0
0
0
0
0
0
0
0
0
0
0
0
0
0
0
0
0
0
0
0
0
0
0
0
0
0
0
0
0
0
0
0
0
0
0
0
0
0
0
0
0
0
1.3728e-05
5.6864e-05
9.0108e-05
0.00012
0.00010115
6.661e-05
4.1926e-05
2.9801e-05
3.2554e-05
2.5223e-05
1.4506e-05
9.3733e-06
3.76e-05
5.069e-05
7.6542e-05
8.9052e-05
7.4445e-05
6.6352e-05
6.0832e-05
8.5805e-05
7.7834e-05
3.9022e-05
2.7903e-05
3.4498e-05
8.3325e-05
0.00016212
0.00024006
0.00030406
0.00040351
0.00045292
0.00043947
0.00044082
0.00049098
0.00057468
0.0006455
0.00083024
0.0010986
0.0013454
0.0016483
0.0020368
0.0025166
0.0030601
0
0
0
0
0
0
0
0
0
0
0
0
0
0
0
0
0
0
0
0
0
0
0
0
0
0
0
0
0
0
0
0
0
0
0
0
0
0
0
0
0
0
0
0
0
0
0
0
0
0
0
0
0
0
0
0
0
6.5198e-06
4.742e-05
6.3593e-05
0.00010145
0.00015862
0.00015628
0.00011025
7.3106e-05
4.1682e-05
3.8806e-05
3.6778e-05
2.0712e-05
1.8652e-05
8.4687e-06
3.2133e-05
4.1704e-05
8.2223e-05
8.1646e-05
7.2265e-05
6.5889e-05
4.9589e-05
5.5212e-05
6.0732e-05
5.2066e-05
4.9697e-05
3.0568e-05
4.1862e-05
8.4478e-05
0.00018383
0.00027858
0.00036585
0.00045754
0.00044558
0.00047397
0.00046909
0.00053339
0.00063211
0.00076813
0.0010866
0.0014373
0.001643
0.0020555
0.0024942
0.0030601
0
0
0
0
0
0
0
0
0
0
0
0
0
0
0
0
0
0
0
0
0
0
0
0
0
0
0
0
0
0
0
0
0
0
0
0
0
0
0
0
0
0
0
0
0
0
0
0
0
0
0
0
0
0
0
0
9.9335e-05
0.00025345
0.00034356
0.00049554
0.00040686
0.00032893
0.00032241
0.0001491
7.6967e-05
4.7834e-05
3.049e-05
5.3706e-05
4.4865e-05
3.2728e-05
3.8766e-05
3.7097e-05
8.1165e-05
8.9054e-05
9.8069e-05
6.1629e-05
3.7751e-05
6.2134e-05
6.5907e-05
9.2365e-05
8.33e-05
6.4731e-05
6.0708e-05
5.366e-05
8.0783e-05
0.0001177
0.00022222
0.00029776
0.00039057
0.00039972
0.00044695
0.00049204
0.00052501
0.00062659
0.00077611
0.0010714
0.0014672
0.001621
0.002048
0.0024938
0.0030601
0
0
0
0
0
0
0
0
0
0
0
0
0
0
0
0
0
0
0
0
0
0
0
0
0
0
0
0
0
0
0
0
0
0
0
0
0
0
0
0
0
0
0
0
0
0
0
0
0
0
0
0
0
0
0
0
5.2925e-05
0.00037186
0.00054454
0.00060008
0.000619
0.00043903
0.00037864
0.00021898
0.00010532
2.6434e-05
2.3802e-05
3.0768e-05
3.0521e-05
3.9781e-05
4.6632e-05
4.0936e-05
0.00010516
9.2663e-05
9.2202e-05
7.6382e-05
5.2823e-05
7.4038e-05
8.2577e-05
8.5987e-05
6.7358e-05
7.3173e-05
6.915e-05
5.5878e-05
8.1219e-05
0.00010911
0.00014744
0.00025291
0.00032266
0.00041979
0.00041675
0.00052247
0.00057684
0.00066742
0.00081195
0.0011267
0.0014448
0.0016565
0.0020885
0.0024975
0.0030601
0
0
0
0
0
0
0
0
0
0
0
0
0
0
0
0
0
0
0
0
0
0
0
0
0
0
0
0
0
0
0
0
0
0
0
0
0
0
0
0
0
0
0
0
0
0
0
0
0
0
0
0
0
0
0
0
0
0.00021877
0.00042568
0.00055185
0.00056514
0.00043261
0.00040202
0.00028817
0.00017338
4.2777e-05
9.7987e-06
1.0708e-05
6.9216e-06
9.4583e-06
1.9317e-05
4.9181e-05
6.2698e-05
7.213e-05
6.1514e-05
4.1054e-05
4.4828e-05
6.2423e-05
7.2118e-05
8.1408e-05
8.339e-05
8.4831e-05
7.7472e-05
7.7144e-05
7.3758e-05
8.9465e-05
0.00014954
0.00023376
0.00034063
0.0003956
0.00045395
0.00049905
0.00059422
0.00068535
0.00085713
0.0011471
0.0014154
0.0016853
0.0021179
0.002513
0.0030601
0
0
0
0
0
0
0
0
0
0
0
0
0
0
0
0
0
0
0
0
0
0
0
0
0
0
0
0
0
0
0
0
0
0
0
0
0
0
0
0
0
0
0
0
0
0
0
0
0
0
0
0
0
0
0
0
6.0262e-06
0.00013665
0.00028693
0.0005242
0.00055285
0.00040106
0.0002762
0.00020774
0.00013397
8.341e-05
6.4497e-05
2.8698e-05
2.8354e-05
1.6108e-05
2.4328e-05
2.2828e-05
4.0022e-05
3.2151e-05
2.8556e-05
1.342e-05
3.3175e-05
3.7479e-05
6.0144e-05
6.6755e-05
6.8131e-05
6.8764e-05
0.00010073
0.00011311
0.00010702
0.00013089
0.00016415
0.00022855
0.00035773
0.00041722
0.00049977
0.00055302
0.00063603
0.00073548
0.00093417
0.0011977
0.001394
0.001665
0.0021373
0.0025039
0.0030601
0
0
0
0
0
0
0
0
0
0
0
0
0
0
0
0
0
0
0
0
0
0
0
0
0
0
0
0
0
0
0
0
0
0
0
0
0
0
0
0
0
0
0
0
0
0
0
0
0
0
0
0
0
0
0
0
2.0762e-05
0.00016431
0.00046495
0.00068981
0.00057164
0.00042244
0.00027468
0.0001578
0.00011801
0.00010454
5.463e-05
6.9013e-05
4.4872e-05
2.5488e-05
3.6376e-05
2.5907e-05
1.8221e-05
2.502e-05
2.0007e-05
2.1383e-05
2.5502e-05
2.9603e-05
2.4258e-05
3.6766e-05
5.9525e-05
9.9095e-05
0.000122
0.000111
0.00013384
0.00015881
0.00019528
0.00026069
0.00034637
0.00044566
0.00054904
0.00059357
0.00070604
0.00079753
0.0009524
0.0012223
0.0014089
0.0017048
0.0021467
0.0025201
0.0030601
0
0
0
0
0
0
0
0
0
0
0
0
0
0
0
0
0
0
0
0
0
0
0
0
0
0
0
0
0
0
0
0
0
0
0
0
0
0
0
0
0
0
0
0
0
0
0
0
0
0
0
0
0
0
0
0
0
0.00030122
0.00044665
0.00088827
0.00095089
0.00035583
0.00021429
0.00016838
8.0823e-05
6.7687e-05
4.2483e-05
4.5732e-05
3.6998e-05
5.2432e-05
3.7857e-05
3.8114e-05
3.8488e-05
3.2985e-05
2.6919e-05
2.8045e-05
3.3683e-05
2.617e-05
2.7454e-05
3.3462e-05
6.3012e-05
9.4887e-05
0.0001138
0.00014541
0.0001487
0.00015351
0.00017456
0.00023847
0.00036953
0.00049329
0.00063592
0.00064944
0.00069022
0.00083731
0.0010211
0.0012321
0.0014045
0.0017538
0.0021761
0.0025031
0.0030601
0
0
0
0
0
0
0
0
0
0
0
0
0
0
0
0
0
0
0
0
0
0
0
0
0
0
0
0
0
0
0
0
0
0
0
0
0
0
0
0
0
0
0
0
0
0
0
0
0
0
0
0
0
0
0
0
0
6.3189e-05
0.0005577
0.0006445
0.00067649
0.00063897
0.00016689
0.00012239
8.586e-05
6.6206e-05
6.1877e-05
5.7035e-05
6.5284e-05
4.82e-05
5.4156e-05
6.0258e-05
4.177e-05
4.2848e-05
5.5861e-05
3.9383e-05
4.3084e-05
3.9267e-05
2.1346e-05
2.6412e-05
6.0739e-05
7.862e-05
9.3685e-05
0.00013301
0.00014564
0.00016965
0.0001771
0.00024878
0.00041822
0.00053189
0.00064679
0.00072417
0.00078101
0.00090061
0.001126
0.0013559
0.0014463
0.0018147
0.0022093
0.0025312
0.0030601
0
0
0
0
0
0
0
0
0
0
0
0
0
0
0
0
0
0
0
0
0
0
0
0
0
0
0
0
0
0
0
0
0
0
0
0
0
0
0
0
0
0
0
0
0
0
0
0
0
0
0
0
0
0
0
0
4.5568e-06
6.7211e-05
0.00020547
0.0003637
0.00038955
0.00034906
0.00025871
0.00011159
0.00012275
0.00010148
7.5641e-05
8.1878e-05
5.9408e-05
6.7029e-05
5.4763e-05
5.0667e-05
5.7653e-05
5.8856e-05
7.1652e-05
9.1061e-05
6.979e-05
5.2654e-05
2.0573e-05
1.9365e-05
4.2067e-05
5.585e-05
0.00011486
0.00012573
0.0001337
0.00019154
0.00018254
0.00022691
0.00041976
0.00052846
0.00061992
0.00072025
0.00078967
0.00092685
0.0012058
0.0013905
0.0015343
0.0018608
0.0022142
0.0025569
0.0030601
0
0
0
0
0
0
0
0
0
0
0
0
0
0
0
0
0
0
0
0
0
0
0
0
0
0
0
0
0
0
0
0
0
0
0
0
0
0
0
0
0
0
0
0
0
0
0
0
0
0
0
0
0
0
0
0
2.233e-05
0.00018434
0.0003021
0.00045676
0.00051962
0.00033738
0.00020684
0.00011167
8.6229e-05
0.00010566
8.8999e-05
5.0009e-05
5.8272e-05
5.9009e-05
6.0456e-05
3.658e-05
3.839e-05
5.5005e-05
7.4509e-05
7.3284e-05
6.8388e-05
5.5795e-05
2.5144e-05
2.3582e-05
3.264e-05
6.2139e-05
9.0267e-05
0.00013249
0.00015341
0.00016654
0.00014279
0.00024892
0.00046491
0.00053816
0.00063446
0.00072313
0.00079556
0.00098573
0.0012965
0.0015432
0.0016058
0.0018914
0.0021865
0.0025517
0.0030601
0
0
0
0
0
0
0
0
0
0
0
0
0
0
0
0
0
0
0
0
0
0
0
0
0
0
0
0
0
0
0
0
0
0
0
0
0
0
0
0
0
0
0
0
0
0
0
0
0
0
0
0
0
0
0
0
0.00023535
0.00043614
0.00059147
0.00071221
0.00049651
0.00033519
0.00025714
8.0234e-05
6.833e-05
5.782e-05
3.8625e-05
3.4184e-05
4.5102e-05
5.6099e-05
4.5438e-05
3.9373e-05
2.9152e-05
2.7893e-05
2.4729e-05
5.7997e-05
7.1718e-05
4.7838e-05
4.6844e-05
4.1473e-05
4.6076e-05
5.6255e-05
8.044e-05
0.00012297
0.00014748
0.00016026
0.00015901
0.00027083
0.00048024
0.00058935
0.00071257
0.00077386
0.00094714
0.0011501
0.0014722
0.0016545
0.0017082
0.0019362
0.002198
0.002498
0.0030601
0
0
0
0
0
0
0
0
0
0
0
0
0
0
0
0
0
0
0
0
0
0
0
0
0
0
0
0
0
0
0
0
0
0
0
0
0
0
0
0
0
0
0
0
0
0
0
0
0
0
0
0
0
0
0
2.7988e-06
0.00021619
0.00060951
0.00089928
0.00083797
0.00062502
0.00030941
0.0001427
5.6073e-05
4.3429e-05
6.9782e-05
6.356e-05
4.7916e-05
1.4668e-05
3.7064e-05
4.5269e-05
5.1969e-05
4.2893e-05
5.0327e-05
5.4313e-05
8.3198e-05
6.9323e-05
7.2858e-05
7.6085e-05
6.3325e-05
7.199e-05
7.8584e-05
0.00011361
0.00014193
0.00016607
0.00016104
0.00021562
0.000375
0.0004964
0.00062264
0.00070958
0.00080664
0.0010129
0.0012573
0.0014555
0.0016846
0.0017967
0.0019569
0.0022479
0.0025311
0.0030601
0
0
0
0
0
0
0
0
0
0
0
0
0
0
0
0
0
0
0
0
0
0
0
0
0
0
0
0
0
0
0
0
0
0
0
0
0
0
0
0
0
0
0
0
0
0
0
0
0
0
0
0
0
0
0
3.7959e-06
3.0125e-05
0.00025009
0.0005193
0.00057408
0.00054019
0.00022194
6.2747e-05
4.9659e-05
5.1495e-05
7.2096e-05
0.00010347
8.8045e-05
4.8157e-05
5.7805e-05
4.1596e-05
4.0159e-05
8.0877e-05
7.5687e-05
6.8566e-05
7.7616e-05
7.9015e-05
8.2216e-05
6.6399e-05
6.7599e-05
7.9349e-05
0.00011256
0.00011827
0.00018923
0.00017535
0.00020821
0.00028475
0.00041697
0.00052815
0.00063529
0.00070788
0.00091068
0.0011459
0.0012875
0.0014634
0.0017116
0.0018093
0.001924
0.0022308
0.0025158
0.0030601
0
0
0
0
0
0
0
0
0
0
0
0
0
0
0
0
0
0
0
0
0
0
0
0
0
0
0
0
0
0
0
0
0
0
0
0
0
0
0
0
0
0
0
0
0
0
0
0
0
0
0
0
0
0
0
0
7.344e-06
1.5659e-05
6.3391e-05
0.00013083
0.00015754
0.00018798
0.00012604
9.4853e-05
0.00010065
0.00011011
0.0001003
0.00010327
9.1237e-05
7.8245e-05
6.0985e-05
6.1209e-05
7.4457e-05
8.5699e-05
8.7625e-05
7.3945e-05
6.1128e-05
6.501e-05
5.0835e-05
6.4726e-05
9.1807e-05
0.00014483
0.0002173
0.00026113
0.00025701
0.00027588
0.00038633
0.00049394
0.00059915
0.00069161
0.00078827
0.00095183
0.0011602
0.0013331
0.001494
0.0016994
0.0018585
0.0020201
0.0022593
0.0025455
0.0030601
0
0
0
0
0
0
0
0
0
0
0
0
0
0
0
0
0
0
0
0
0
0
0
0
0
0
0
0
0
0
0
0
0
0
0
0
0
0
0
0
0
0
0
0
0
0
0
0
0
0
0
0
0
0
0
0
0
0
0
0.00011034
0.00019088
0.00023749
0.00023434
0.00011709
5.0858e-05
7.4834e-05
6.6712e-05
9.1412e-05
7.1078e-05
7.1317e-05
0.00010378
9.5092e-05
0.00011837
0.00014051
0.00011563
0.00015449
0.00011314
9.7357e-05
0.00010512
0.00010686
0.00013205
0.00024443
0.00029109
0.00034271
0.00039837
0.00039364
0.0005203
0.00060191
0.00064725
0.00068645
0.00084738
0.0010605
0.0012155
0.0013908
0.0015808
0.0017404
0.0018967
0.0020775
0.0022669
0.0026095
0.0030601
0
0
0
0
0
0
0
0
0
0
0
0
0
0
0
0
0
0
0
0
0
0
0
0
0
0
0
0
0
0
0
0
0
0
0
0
0
0
0
0
0
0
0
0
0
0
0
0
0
0
0
0
0
0
0
0
0
2.9111e-06
2.9111e-06
3.4737e-05
0.00018664
0.0001884
0.00014083
3.8219e-05
2.0111e-05
4.8445e-05
2.0192e-05
4.2739e-05
6.5367e-05
7.4915e-05
8.6048e-05
0.00012376
0.00020241
0.00023996
0.00026466
0.00021626
0.00017942
0.0001459
0.00017385
0.00018591
0.00020851
0.00027508
0.00031629
0.00043739
0.00054948
0.00055337
0.000667
0.00073298
0.00075505
0.00083732
0.00093121
0.0011887
0.0012706
0.0013299
0.0016568
0.0018169
0.0019055
0.0021559
0.0022837
0.0026473
0.0030601
0
0
0
0
0
0
0
0
0
0
0
0
0
0
0
0
0
0
0
0
0
0
0
0
0
0
0
0
0
0
0
0
0
0
0
0
0
0
0
0
0
0
0
0
0
0
0
0
0
0
0
0
0
0
0
0
0
0
2.9111e-06
1.0741e-05
3.0763e-05
4.6963e-05
4.798e-05
6.7569e-05
5.8981e-05
5.4528e-05
6.7126e-05
4.5423e-05
6.0038e-05
6.7895e-05
7.9201e-05
0.00016795
0.00024561
0.00033622
0.00034461
0.00030028
0.00025532
0.00027486
0.00028244
0.00027166
0.00028989
0.00026487
0.00036464
0.00048693
0.00052777
0.00063068
0.00071962
0.00075286
0.00077828
0.00095826
0.0010241
0.0012501
0.001382
0.0013626
0.0016995
0.0018831
0.0019438
0.0022279
0.0023121
0.0027482
0.0030601
0
0
0
0
0
0
0
0
0
0
0
0
0
0
0
0
0
0
0
0
0
0
0
0
0
0
0
0
0
0
0
0
0
0
0
0
0
0
0
0
0
0
0
0
0
0
0
0
0
0
0
0
0
0
0
0
0
0
0
1.9522e-06
7.606e-05
0.0001078
8.2216e-05
5.7034e-05
9.4752e-05
9.4133e-05
9.2218e-05
6.208e-05
6.3573e-05
6.8011e-05
7.1186e-05
0.00012714
0.00020511
0.00028658
0.00033314
0.00030531
0.00030137
0.00029809
0.00041795
0.0004116
0.00036268
0.00032202
0.00040752
0.00049619
0.00058011
0.00069394
0.00075892
0.00086281
0.00094845
0.0010545
0.0011542
0.0012886
0.0014139
0.0015656
0.0017687
0.0019312
0.0020703
0.0022811
0.0024153
0.0027578
0.0030601
0
0
0
0
0
0
0
0
0
0
0
0
0
0
0
0
0
0
0
0
0
0
0
0
0
0
0
0
0
0
0
0
0
0
0
0
0
0
0
0
0
0
0
0
0
0
0
0
0
0
0
0
0
0
0
0
0
0
1.2224e-05
9.1504e-05
0.00012997
0.000138
0.00015478
0.00010213
8.9511e-05
9.2479e-05
8.1105e-05
9.0765e-05
9.2276e-05
7.4919e-05
6.5602e-05
0.00010089
0.00018329
0.00024715
0.00030621
0.00031121
0.00035565
0.00039015
0.00045603
0.00046515
0.00041098
0.00046914
0.00046304
0.00059509
0.00066206
0.00072843
0.00078792
0.00096852
0.0011527
0.0012082
0.0012857
0.0012773
0.0013601
0.0015475
0.0017444
0.0019794
0.0021649
0.0023466
0.0025187
0.0028167
0.0030601
0
0
0
0
0
0
0
0
0
0
0
0
0
0
0
0
0
0
0
0
0
0
0
0
0
0
0
0
0
0
0
0
0
0
0
0
0
0
0
0
0
0
0
0
0
0
0
0
0
0
0
0
0
0
0
0
0
2.7356e-06
2.2879e-05
2.7116e-05
4.7482e-05
9.563e-05
0.00011515
0.00011475
0.00012093
0.00017477
0.00014689
0.00010527
0.00010431
0.00012869
0.00017986
0.00020778
0.00027218
0.00036775
0.00042091
0.00040172
0.00041288
0.00045255
0.00046584
0.00051922
0.00054544
0.00056648
0.00047009
0.00058994
0.00059665
0.00074796
0.00088379
0.0010307
0.0012872
0.0014054
0.0014834
0.0013332
0.0013618
0.0015076
0.0017098
0.0019636
0.0022559
0.0023828
0.0025632
0.0028755
0.0030601
0
0
0
0
0
0
0
0
0
0
0
0
0
0
0
0
0
0
0
0
0
0
0
0
0
0
0
0
0
0
0
0
0
0
0
0
0
0
0
0
0
0
0
0
0
0
0
0
0
0
0
0
0
0
0
2.685e-05
6.8779e-05
8.9183e-05
7.5112e-05
4.9635e-05
5.669e-05
8.4901e-05
0.00013466
0.00020626
0.00028058
0.00028412
0.00030486
0.0003369
0.00024256
0.00031278
0.00036132
0.00040087
0.00055991
0.00058377
0.00066633
0.00055378
0.00052885
0.00052642
0.00056228
0.00059846
0.00058245
0.00059168
0.0005166
0.00061767
0.00064738
0.00087083
0.001003
0.0010999
0.0013915
0.001482
0.0017252
0.0015355
0.0014128
0.0015784
0.0016674
0.0019429
0.0023335
0.0024186
0.002605
0.0029006
0.0030601
0
0
0
0
0
0
0
0
0
0
0
0
0
0
0
0
0
0
0
0
0
0
0
0
0
0
0
0
0
0
0
0
0
0
0
0
0
0
0
0
0
0
0
0
0
0
0
0
0
0
0
0
0
0
0
4.0166e-05
8.3807e-05
0.00010447
0.00013641
8.5791e-05
0.00011535
0.00013958
0.00022965
0.00029341
0.00035628
0.00045361
0.00055007
0.00050438
0.00049606
0.00049896
0.00052429
0.00057393
0.00063902
0.0006687
0.00069733
0.00075733
0.00081987
0.0007567
0.00074874
0.00074026
0.00070628
0.00067866
0.0006011
0.00066343
0.00082248
0.00093474
0.0011237
0.0013757
0.0015208
0.0016792
0.0017583
0.0016089
0.0015376
0.0016396
0.0016951
0.002086
0.002306
0.0024974
0.0027002
0.0029082
0.0030601
0
0
0
0
0
0
0
0
0
0
0
0
0
0
0
0
0
0
0
0
0
0
0
0
0
0
0
0
0
0
0
0
0
0
0
0
0
0
0
0
0
0
0
0
0
0
0
0
0
0
0
0
0
0
0
1.9476e-05
7.4097e-05
0.00011349
0.00014435
0.0001219
0.00011834
0.00017301
0.00016876
0.00025179
0.00029394
0.00041028
0.00056858
0.00061326
0.00072498
0.0007648
0.00075503
0.00081276
0.00075207
0.00078528
0.00075312
0.00091921
0.0009847
0.00098815
0.00091516
0.0008839
0.00097058
0.0009411
0.00080376
0.0009692
0.0011239
0.0012583
0.00146
0.0015684
0.0016858
0.0017484
0.0016956
0.0017091
0.0016842
0.0017435
0.0018624
0.0021646
0.0023791
0.0025635
0.0028166
0.0028998
0.0030601
0
0
0
0
0
0
0
0
0
0
0
0
0
0
0
0
0
0
0
0
0
0
0
0
0
0
0
0
0
0
0
0
0
0
0
0
0
0
0
0
0
0
0
0
0
0
0
0
0
0
0
0
0
0
0
4.2423e-05
0.00011645
0.00018067
0.00022383
0.00020073
0.00014665
0.0001615
0.00016697
0.00015004
0.00020587
0.00034962
0.00045668
0.00075197
0.00093144
0.0011158
0.0012193
0.0011426
0.00097913
0.0010559
0.0009735
0.001005
0.0010852
0.0010943
0.0013048
0.0014459
0.001517
0.0013727
0.0013218
0.0015192
0.0016216
0.0018286
0.0019517
0.0017055
0.0018223
0.0018844
0.0017669
0.0017959
0.0017962
0.0018475
0.0019361
0.0022722
0.0023991
0.0025762
0.002911
0.0029161
0.0030601
0
0
0
0
0
0
0
0
0
0
0
0
0
0
0
0
0
0
0
0
0
0
0
0
0
0
0
0
0
0
0
0
0
0
0
0
0
0
0
0
0
0
0
0
0
0
0
0
0
0
0
0
0
0
0
7.5101e-06
3.4621e-05
8.9096e-05
0.00012526
0.00014376
0.00018161
0.00026296
0.00027197
0.00034088
0.00043449
0.00058339
0.00055528
0.00065862
0.0010033
0.0011702
0.0012498
0.0012189
0.0012681
0.0012418
0.0012208
0.0011584
0.0012496
0.0014535
0.0017168
0.0019188
0.0018765
0.0019015
0.0017857
0.0019929
0.0022851
0.0024878
0.0022306
0.0019427
0.0019674
0.002027
0.0019443
0.0018235
0.0017271
0.0018428
0.002019
0.0023798
0.0024118
0.0027022
0.0029003
0.0029082
0.0030601
0
0
0
0
0
0
0
0
0
0
0
0
0
0
0
0
0
0
0
0
0
0
0
0
0
0
0
0
0
0
0
0
0
0
0
0
0
0
0
0
0
0
0
0
0
0
0
0
0
0
0
0
0
0
0
6.875e-06
5.5986e-05
8.6882e-05
0.00013225
0.00019277
0.00024101
0.00031723
0.00045171
0.00062577
0.00078369
0.00085337
0.00082694
0.00070668
0.00077299
0.00080091
0.00097757
0.0010438
0.0012658
0.0014481
0.0015493
0.0014374
0.0015305
0.0016798
0.0019248
0.0020025
0.0020462
0.0019531
0.0019528
0.0022293
0.0027083
0.0027021
0.0022641
0.0021245
0.0018946
0.0019415
0.0020272
0.0019792
0.0017817
0.0018456
0.0021309
0.002407
0.0024642
0.0027678
0.0029232
0.0029231
0.0030601
0
0
0
0
0
0
0
0
0
0
0
0
0
0
0
0
0
0
0
0
0
0
0
0
0
0
0
0
0
0
0
0
0
0
0
0
0
0
0
0
0
0
0
0
0
0
0
0
0
0
0
0
0
0
0
0
5.4505e-05
0.0001087
0.0001722
0.00025121
0.00034575
0.00049209
0.00070326
0.0011667
0.0013468
0.0011091
0.00086688
0.00085149
0.00093572
0.00092764
0.00097636
0.0010892
0.001205
0.0015261
0.0014313
0.001482
0.0017697
0.0018656
0.0020815
0.0019825
0.0018687
0.0016665
0.0020158
0.0023189
0.0027128
0.0026238
0.0023595
0.0021318
0.0018124
0.0018504
0.0019924
0.0019776
0.001891
0.0019116
0.0022656
0.0025084
0.0025877
0.0028931
0.0029301
0.0029547
0.0030601
0
0
0
0
0
0
0
0
0
0
0
0
0
0
0
0
0
0
0
0
0
0
0
0
0
0
0
0
0
0
0
0
0
0
0
0
0
0
0
0
0
0
0
0
0
0
0
0
0
0
0
0
0
0
0
0
0
3.8892e-05
0.0001241
0.00020943
0.00033015
0.00057353
0.0013347
0.0018703
0.001808
0.0017754
0.0012189
0.00090534
0.0011485
0.001315
0.0014411
0.0014761
0.001421
0.0014599
0.001722
0.0021804
0.0023861
0.0022139
0.0021125
0.0019926
0.0018047
0.001764
0.0020117
0.0023879
0.0027257
0.0027458
0.0022673
0.0019527
0.0017722
0.001952
0.0019923
0.0019376
0.0019807
0.0020027
0.0023488
0.0025074
0.0027169
0.0029052
0.0029562
0.0029598
0.0030601
0
0
0
0
0
0
0
0
0
0
0
0
0
0
0
0
0
0
0
0
0
0
0
0
0
0
0
0
0
0
0
0
0
0
0
0
0
0
0
0
0
0
0
0
0
0
0
0
0
0
0
0
0
0
0
0
3.9705e-05
8.0963e-05
0.0001899
0.00023698
0.0003142
0.00043299
0.00074748
0.0011365
0.0014618
0.0010624
0.00076833
0.0010899
0.0019547
0.0021608
0.0022609
0.0018256
0.0016953
0.001722
0.0022338
0.0025552
0.0028845
0.0027683
0.0023752
0.0021443
0.001963
0.0021044
0.0024398
0.0028621
0.0031887
0.0028122
0.0022782
0.001951
0.0020575
0.0022074
0.0020233
0.00197
0.0020352
0.0022287
0.0024456
0.0026516
0.0028615
0.0029088
0.0030238
0.0029881
0.0030601
0
0
0
0
0
0
0
0
0
0
0
0
0
0
0
0
0
0
0
0
0
0
0
0
0
0
0
0
0
0
0
0
0
0
0
0
0
0
0
0
0
0
0
0
0
0
0
0
0
0
0
0
0
0
0
0
3.8744e-05
0.00014301
0.00027079
0.00031945
0.00041834
0.00049341
0.00065861
0.00069895
0.00070383
0.00064778
0.00074965
0.001531
0.0019943
0.0023498
0.0024682
0.0020894
0.0019101
0.0019896
0.0023379
0.0027805
0.0028377
0.0029369
0.0027543
0.0025227
0.0024668
0.0026109
0.0029587
0.0035201
0.0037375
0.00303
0.0024224
0.0023018
0.0024134
0.0024107
0.0021986
0.0019733
0.0021289
0.0023134
0.0025445
0.0027171
0.0029037
0.0030078
0.0029372
0.0030684
0.0030601
0
0
0
0
0
0
0
0
0
0
0
0
0
0
0
0
0
0
0
0
0
0
0
0
0
0
0
0
0
0
0
0
0
0
0
0
0
0
0
0
0
0
0
0
0
0
0
0
0
0
0
0
0
0
0
0
8.5535e-05
0.00022302
0.00029998
0.00033583
0.00045207
0.00055352
0.00077075
0.00089564
0.00075682
0.00085239
0.0009099
0.0012074
0.0017668
0.0022254
0.0021139
0.0020431
0.0020471
0.002028
0.0024396
0.0032338
0.0035419
0.0034961
0.0036581
0.0036559
0.0033689
0.0034918
0.0039265
0.0043659
0.0043535
0.0033986
0.0028064
0.0026512
0.0028623
0.0028963
0.0023869
0.0020366
0.0020367
0.0024913
0.0027229
0.0029231
0.003036
0.0029922
0.0028983
0.0030823
0.0030601
0
0
0
0
0
0
0
0
0
0
0
0
0
0
0
0
0
0
0
0
0
0
0
0
0
0
0
0
0
0
0
0
0
0
0
0
0
0
0
0
0
0
0
0
0
0
0
0
0
0
0
0
0
0
0
3.2907e-05
0.00014145
0.000279
0.00038476
0.0004312
0.00041067
0.00061255
0.00079416
0.00085125
0.0010101
0.00095402
0.0010862
0.0012584
0.00186
0.0020124
0.0021824
0.0020562
0.0018724
0.0021251
0.0030142
0.0035313
0.004045
0.0043719
0.0046149
0.0042738
0.0041624
0.0042008
0.004496
0.0048907
0.0048383
0.0038926
0.0031515
0.0032906
0.0031961
0.003508
0.0029276
0.0022018
0.0020955
0.0025539
0.0029499
0.0030112
0.003073
0.0029837
0.0028825
0.0031248
0.0030601
0
0
0
0
0
0
0
0
0
0
0
0
0
0
0
0
0
0
0
0
0
0
0
0
0
0
0
0
0
0
0
0
0
0
0
0
0
0
0
0
0
0
0
0
0
0
0
0
0
0
0
0
0
0
0
2.5405e-06
0.00010123
0.00018869
0.00030545
0.00046671
0.00056954
0.00064446
0.00081347
0.00084143
0.0011168
0.0013945
0.0016477
0.0016711
0.0020647
0.0026339
0.0028357
0.0026663
0.0024106
0.0023086
0.0029787
0.0036739
0.0045022
0.0051619
0.005415
0.0052143
0.00461
0.0041901
0.004733
0.0052542
0.0052683
0.0048226
0.0039438
0.0040914
0.003902
0.003854
0.0035003
0.0025648
0.0023484
0.0026766
0.0030824
0.003134
0.0031687
0.0030018
0.0028347
0.0031458
0.0030601
0
0
0
0
0
0
0
0
0
0
0
0
0
0
0
0
0
0
0
0
0
0
0
0
0
0
0
0
0
0
0
0
0
0
0
0
0
0
0
0
0
0
0
0
0
0
0
0
0
0
0
0
0
0
0
6.345e-06
7.726e-05
0.00028049
0.00047874
0.0006906
0.00075396
0.00067542
0.00069904
0.00095783
0.001315
0.0015915
0.001728
0.0019237
0.0024116
0.002874
0.0031816
0.0031032
0.0028817
0.0028754
0.0033111
0.00387
0.0048647
0.005048
0.0053809
0.0052661
0.0043565
0.0041108
0.0048813
0.0055498
0.0061275
0.0053719
0.0047159
0.0050982
0.0045546
0.0042702
0.0037621
0.0029883
0.0027124
0.0027886
0.0031469
0.0032712
0.0032851
0.0030523
0.0028525
0.0031475
0.0030601
0
0
0
0
0
0
0
0
0
0
0
0
0
0
0
0
0
0
0
0
0
0
0
0
0
0
0
0
0
0
0
0
0
0
0
0
0
0
0
0
0
0
0
0
0
0
0
0
0
0
0
0
0
0
0
0
5.1669e-05
0.00038699
0.00061434
0.00087661
0.00091755
0.0010138
0.001185
0.0017054
0.0018796
0.001918
0.0020243
0.0019812
0.0022315
0.0024863
0.0026121
0.0025804
0.0025151
0.0030376
0.0035905
0.0044084
0.004953
0.0053571
0.0052749
0.004684
0.0040382
0.0040235
0.0050531
0.0060824
0.0067656
0.0065299
0.0056896
0.0056525
0.0052348
0.0043262
0.0037928
0.0033
0.0030929
0.0030097
0.0032386
0.0034443
0.0033
0.003155
0.002869
0.0031724
0.0030601
0
0
0
0
0
0
0
0
0
0
0
0
0
0
0
0
0
0
0
0
0
0
0
0
0
0
0
0
0
0
0
0
0
0
0
0
0
0
0
0
0
0
0
0
0
0
0
0
0
0
0
0
0
0
0
7.659e-06
6.6465e-05
0.00024877
0.00047683
0.00070351
0.00081052
0.0011618
0.0015005
0.0020588
0.0023576
0.0024437
0.0023839
0.0024632
0.0022944
0.0023448
0.002374
0.0021947
0.0024634
0.0027663
0.0032807
0.0042442
0.0045147
0.0046696
0.004987
0.0047238
0.0049298
0.005616
0.0064243
0.0064301
0.0068747
0.007391
0.0061435
0.0058442
0.0052204
0.0043149
0.0043218
0.00374
0.003553
0.0033259
0.0035428
0.0036575
0.0032417
0.0031711
0.0029398
0.0031301
0.0030601
0
0
0
0
0
0
0
0
0
0
0
0
0
0
0
0
0
0
0
0
0
0
0
0
0
0
0
0
0
0
0
0
0
0
0
0
0
0
0
0
0
0
0
0
0
0
0
0
0
0
0
0
0
0
0
0
4.9332e-05
0.00022808
0.00049674
0.00070492
0.00085083
0.0012843
0.0015902
0.0019683
0.0023427
0.0023336
0.0025436
0.002861
0.0028418
0.002657
0.0030921
0.0031349
0.0028549
0.0027956
0.0031517
0.0037109
0.004444
0.005322
0.0056229
0.0059222
0.0064123
0.0068665
0.0081125
0.0078811
0.0067642
0.0069597
0.0062629
0.0059128
0.0050119
0.0043844
0.004876
0.0041582
0.0040684
0.0034798
0.0036933
0.0038387
0.0033461
0.0031419
0.0029324
0.0031391
0.0030601
0
0
0
0
0
0
0
0
0
0
0
0
0
0
0
0
0
0
0
0
0
0
0
0
0
0
0
0
0
0
0
0
0
0
0
0
0
0
0
0
0
0
0
0
0
0
0
0
0
0
0
0
0
0
0
0
6.167e-05
0.00017268
0.00043735
0.00096488
0.0012161
0.0016671
0.0018602
0.0019735
0.0021203
0.0025554
0.0031122
0.0031808
0.0031174
0.0035236
0.0034492
0.0034978
0.0034074
0.0029881
0.0035031
0.0041134
0.0050844
0.0058024
0.0061623
0.006676
0.0079141
0.0080748
0.0086795
0.0086917
0.0069528
0.0063295
0.0062146
0.0058201
0.0051761
0.0044358
0.0048581
0.00475
0.0045007
0.0038669
0.0038323
0.0039227
0.0035471
0.0030826
0.0029695
0.0031408
0.0030601
0
0
0
0
0
0
0
0
0
0
0
0
0
0
0
0
0
0
0
0
0
0
0
0
0
0
0
0
0
0
0
0
0
0
0
0
0
0
0
0
0
0
0
0
0
0
0
0
0
0
0
0
0
0
0
0
2.5984e-06
4.339e-05
0.00024704
0.00078032
0.0014937
0.0018366
0.0017088
0.0017686
0.0021828
0.0023758
0.0024732
0.0027719
0.0032761
0.003745
0.0038198
0.0038056
0.0033195
0.0032197
0.0040674
0.0048446
0.0057731
0.0067113
0.0062999
0.0063395
0.0074418
0.0089015
0.0090366
0.0079347
0.0069875
0.0062894
0.0058531
0.0056313
0.004883
0.0050563
0.005683
0.0054575
0.0051832
0.0044138
0.0042163
0.0040348
0.0036044
0.0031576
0.0029963
0.0031383
0.0030601
0
0
0
0
0
0
0
0
0
0
0
0
0
0
0
0
0
0
0
0
0
0
0
0
0
0
0
0
0
0
0
0
0
0
0
0
0
0
0
0
0
0
0
0
0
0
0
0
0
0
0
0
0
0
0
0
4.6746e-06
4.5541e-05
0.00030576
0.00092181
0.0014108
0.0017518
0.0017788
0.0017373
0.0018261
0.0018746
0.0017625
0.0018638
0.002676
0.0030396
0.0036196
0.0036907
0.0030099
0.0034245
0.0045437
0.005806
0.00617
0.0060775
0.0059206
0.0060114
0.0072401
0.0084962
0.0088878
0.0080041
0.0067106
0.00619
0.0058537
0.0054231
0.0050622
0.005141
0.0059219
0.0058224
0.0054523
0.0048162
0.0045574
0.0042818
0.003799
0.0032403
0.0031033
0.0031382
0.0030601
0
0
0
0
0
0
0
0
0
0
0
0
0
0
0
0
0
0
0
0
0
0
0
0
0
0
0
0
0
0
0
0
0
0
0
0
0
0
0
0
0
0
0
0
0
0
0
0
0
0
0
0
0
0
0
0
4.6746e-06
0.00017403
0.00066184
0.0010663
0.0013062
0.0012985
0.0014147
0.0013064
0.0012971
0.001459
0.001633
0.0019301
0.0022343
0.0029501
0.0031177
0.0032628
0.0038461
0.0041519
0.0048048
0.0061283
0.0069475
0.0069092
0.0068877
0.0067951
0.0080269
0.0084201
0.0088993
0.0084068
0.0065313
0.00604
0.0057377
0.0053051
0.0056586
0.0058592
0.0062047
0.0060845
0.0056631
0.0050274
0.0047892
0.0044771
0.0040078
0.0033312
0.003167
0.0031353
0.0030601
0
0
0
0
0
0
0
0
0
0
0
0
0
0
0
0
0
0
0
0
0
0
0
0
0
0
0
0
0
0
0
0
0
0
0
0
0
0
0
0
0
0
0
0
0
0
0
0
0
0
0
0
0
0
0
0
0
0.00019902
0.0004199
0.00057993
0.00091113
0.0009009
0.0013927
0.0015486
0.0018879
0.0021204
0.0022871
0.0024395
0.0025266
0.0027849
0.0031622
0.0036337
0.0044483
0.0049207
0.0055494
0.0065087
0.0065019
0.0067677
0.007052
0.0067833
0.0080509
0.0081302
0.0078399
0.0074735
0.0063738
0.0061553
0.005435
0.0058362
0.0060263
0.0061452
0.0064215
0.0063312
0.0057499
0.0051909
0.0049727
0.0047375
0.0041742
0.0033395
0.0032467
0.0031232
0.0030601
0
0
0
0
0
0
0
0
0
0
0
0
0
0
0
0
0
0
0
0
0
0
0
0
0
0
0
0
0
0
0
0
0
0
0
0
0
0
0
0
0
0
0
0
0
0
0
0
0
0
0
0
0
0
0
0
0
9.467e-05
0.0007169
0.0013453
0.0015007
0.00089264
0.0014276
0.0019528
0.0021759
0.0024158
0.0026669
0.0025411
0.0028228
0.0029119
0.0035952
0.004436
0.0055498
0.0060288
0.0063555
0.0067005
0.0068295
0.0071736
0.0070479
0.0069949
0.0079778
0.0073473
0.006981
0.0062699
0.0061616
0.0061415
0.0057365
0.0058626
0.0061365
0.0060003
0.0063229
0.0060369
0.0056419
0.0054166
0.0052296
0.0049316
0.0043568
0.0036312
0.0032681
0.0031506
0.0030601
0
0
0
0
0
0
0
0
0
0
0
0
0
0
0
0
0
0
0
0
0
0
0
0
0
0
0
0
0
0
0
0
0
0
0
0
0
0
0
0
0
0
0
0
0
0
0
0
0
0
0
0
0
0
0
0
2.9061e-06
0.00062232
0.0014557
0.001657
0.0019981
0.002621
0.002691
0.0028365
0.002786
0.002153
0.0025812
0.0026121
0.0026686
0.0027918
0.0038354
0.0048618
0.0055895
0.0071138
0.0072407
0.0072212
0.0069336
0.0064689
0.0067837
0.0070459
0.0068288
0.0059913
0.005666
0.0054315
0.0056166
0.0055328
0.0055581
0.0056974
0.0060108
0.0058153
0.0060814
0.0058833
0.0057559
0.0056375
0.0054359
0.005186
0.0045269
0.0037473
0.0033465
0.0032058
0.0030601
0
0
0
0
0
0
0
0
0
0
0
0
0
0
0
0
0
0
0
0
0
0
0
0
0
0
0
0
0
0
0
0
0
0
0
0
0
0
0
0
0
0
0
0
0
0
0
0
0
0
0
0
0
0
0
0
0
2.6704e-05
0.00026373
0.00070797
0.00095795
0.0016778
0.0024914
0.0026255
0.0023682
0.0021782
0.0022934
0.0026138
0.0031183
0.0034162
0.0039133
0.0040719
0.0048596
0.0056745
0.005936
0.0064803
0.0062753
0.0063443
0.0069779
0.0072558
0.006827
0.0062762
0.0055283
0.00522
0.0053644
0.0053934
0.0056991
0.006094
0.0063359
0.0058935
0.0055461
0.0057381
0.0059053
0.0059088
0.0054964
0.0053222
0.0045539
0.0038177
0.0034098
0.0032972
0.0030601
0
0
0
0
0
0
0
0
0
0
0
0
0
0
0
0
0
0
0
0
0
0
0
0
0
0
0
0
0
0
0
0
0
0
0
0
0
0
0
0
0
0
0
0
0
0
0
0
0
0
0
0
0
0
0
0
0
7.3285e-06
0.00045171
0.00064923
0.0011319
0.0016903
0.0019931
0.0021856
0.0017571
0.001967
0.0025922
0.0031444
0.0035204
0.0038493
0.0038442
0.0037811
0.0038783
0.0042903
0.0047999
0.0053404
0.0056564
0.006423
0.0072572
0.0078197
0.0072431
0.0062514
0.0053161
0.0053406
0.0054173
0.0056366
0.0059693
0.0061812
0.0065668
0.0059223
0.0056122
0.0057469
0.0064453
0.0063579
0.0057322
0.0054051
0.0045164
0.0037812
0.0034974
0.0033043
0.0030601
0
0
0
0
0
0
0
0
0
0
0
0
0
0
0
0
0
0
0
0
0
0
0
0
0
0
0
0
0
0
0
0
0
0
0
0
0
0
0
0
0
0
0
0
0
0
0
0
0
0
0
0
0
0
0
0
3.812e-06
0.00013527
0.00031268
0.00054632
0.0012256
0.0018297
0.0022397
0.0024318
0.0023938
0.0026829
0.0030691
0.0035455
0.0040187
0.0040801
0.003912
0.0037455
0.0043236
0.004649
0.0051281
0.0054602
0.0060113
0.0067128
0.0076534
0.0079075
0.0073965
0.0065922
0.0057875
0.0057433
0.0052871
0.0052009
0.0057946
0.0064451
0.0062306
0.0057607
0.0058792
0.0059349
0.0065727
0.0066868
0.0061735
0.0057249
0.0045599
0.0038287
0.0035306
0.0033173
0.0030601
0
0
0
0
0
0
0
0
0
0
0
0
0
0
0
0
0
0
0
0
0
0
0
0
0
0
0
0
0
0
0
0
0
0
0
0
0
0
0
0
0
0
0
0
0
0
0
0
0
0
0
0
0
0
0
0
0
8.514e-06
7.6272e-05
0.0002834
0.00060306
0.0011274
0.0018086
0.0021727
0.0023079
0.0027164
0.0033698
0.0042197
0.0045851
0.0047275
0.0046335
0.0050502
0.005088
0.0054674
0.0057555
0.0057789
0.0057484
0.006627
0.0074494
0.007698
0.0078212
0.0067143
0.0057418
0.0053102
0.0049623
0.0053048
0.0058223
0.0063134
0.0063312
0.0058149
0.0058822
0.005995
0.0069785
0.0069403
0.0065324
0.0056534
0.0044981
0.0038466
0.0035101
0.0033318
0.0030601
0
0
0
0
0
0
0
0
0
0
0
0
0
0
0
0
0
0
0
0
0
0
0
0
0
0
0
0
0
0
0
0
0
0
0
0
0
0
0
0
0
0
0
0
0
0
0
0
0
0
0
0
0
0
0
0
0
5.4778e-05
0.00015095
0.00030281
0.00079923
0.0014939
0.0023107
0.0027134
0.0030531
0.0025371
0.0027934
0.003748
0.0040785
0.0049058
0.0054186
0.0059767
0.0062516
0.006664
0.0069001
0.0064571
0.00681
0.008297
0.0091608
0.009399
0.008119
0.0069869
0.0060847
0.0054867
0.0051198
0.0052352
0.0058318
0.0059763
0.0060752
0.0059373
0.0059075
0.006069
0.0069696
0.0071677
0.0066124
0.0056253
0.0045354
0.0038381
0.0034866
0.0032937
0.0030601
0
0
0
0
0
0
0
0
0
0
0
0
0
0
0
0
0
0
0
0
0
0
0
0
0
0
0
0
0
0
0
0
0
0
0
0
0
0
0
0
0
0
0
0
0
0
0
0
0
0
0
0
0
0
0
0
0
1.0896e-05
0.0001694
0.00050098
0.001166
0.0020149
0.0028166
0.0028865
0.0026458
0.0025204
0.0027
0.0030943
0.0035577
0.0040151
0.0046284
0.005071
0.006144
0.0058794
0.0063088
0.0070935
0.0086257
0.0090876
0.009482
0.01
0.0088317
0.0078899
0.006627
0.0059227
0.0050843
0.0052027
0.0059622
0.0061274
0.0059445
0.0056917
0.0058166
0.0063296
0.0068184
0.0070979
0.0064089
0.0055898
0.0045674
0.0038237
0.0035297
0.0033108
0.0030601
