0.00037474
0.0027047
0.094057
0.11736
0.1191
0.094106
0.091769
0.089955
0.09178
0.098399
0.10718
0.11248
0.09374
0.10113
0.11809
0.13156
0.13895
0.14503
0.17909
0.32518
0.46999
0.56724
0.56992
0.51268
0.44103
0.39265
0.34647
0.30659
0.24903
0.21869
0.22164
0.21447
0.20056
0.20963
0.22226
0.22852
0.2377
0.229
0.26249
0.33679
0.35842
0.38441
0.39737
0.46634
0.60728
0.70735
0.71267
0.68772
0.74079
0.33679
0.35842
0.38441
0.39737
0.46634
0.60728
0.70735
0.71267
0.68772
0.74079
0.74873
0.72984
0.58286
0.60526
0.55612
0.42626
0.32426
0.23589
0.15725
0.12281
0.11884
0.15716
0.1405
0.11215
0.075812
0.047067
0.029393
0.017911
0.015875
0.01363
0.012802
0.01457
0.014694
0.012161
0.008686
0.0048519
0.0032242
0.00090016
0.00031304
0
0
0
0
0
0
0
0
0
0
0
0
0
0.00037474
0.002843
0.096917
0.10958
0.11007
0.094355
0.088131
0.083257
0.083748
0.094289
0.096015
0.1041
0.10501
0.10051
0.1054
0.13184
0.1361
0.14167
0.19565
0.32312
0.46923
0.5699
0.5409
0.50386
0.49531
0.45703
0.39489
0.30699
0.25273
0.2533
0.26813
0.26089
0.23811
0.23488
0.24331
0.25939
0.25815
0.25785
0.2821
0.35291
0.40024
0.46568
0.50303
0.55427
0.6264
0.69654
0.72114
0.71001
0.7729
0.35291
0.40024
0.46568
0.50303
0.55427
0.6264
0.69654
0.72114
0.71001
0.7729
0.85383
0.80709
0.71697
0.73124
0.66171
0.65597
0.55744
0.4007
0.28654
0.22544
0.21223
0.1773
0.13122
0.11138
0.081826
0.061
0.039975
0.024576
0.018286
0.017998
0.01851
0.018966
0.015649
0.015365
0.0093868
0.0074458
0.0051177
0.0014655
0.00077197
0.00015642
0
0
0
0
0
0
0
0
0
0
0
0
0.00037474
0.002843
0.095488
0.099822
0.10502
0.096268
0.084451
0.084826
0.077637
0.084168
0.095933
0.10376
0.1099
0.11738
0.12524
0.13141
0.12844
0.13328
0.19098
0.32475
0.44055
0.47486
0.49544
0.47622
0.49402
0.50223
0.44082
0.33374
0.29466
0.29283
0.2991
0.3078
0.28925
0.27063
0.27508
0.30159
0.31265
0.34041
0.38827
0.43007
0.4888
0.59535
0.63808
0.69474
0.80005
0.88145
0.8912
0.94162
0.9212
0.43007
0.4888
0.59535
0.63808
0.69474
0.80005
0.88145
0.8912
0.94162
0.9212
0.93415
0.9314
0.81835
0.8119
0.83972
0.86216
0.77937
0.60397
0.49466
0.40132
0.37531
0.30235
0.19289
0.14029
0.11947
0.1036
0.087
0.053664
0.033021
0.026454
0.024353
0.020994
0.017571
0.016373
0.014726
0.010673
0.0068184
0.0040784
0.0012073
0.00028705
8.1767e-05
8.1767e-05
0
0
0
0
0
0
0
0
0
0
0.00037474
0.0027349
0.088296
0.096813
0.1003
0.098229
0.08936
0.086727
0.08388
0.082738
0.099084
0.10903
0.1064
0.11818
0.11822
0.11985
0.11472
0.1113
0.16846
0.29152
0.40215
0.43113
0.37961
0.35578
0.40074
0.42641
0.45304
0.41704
0.3343
0.31669
0.28484
0.272
0.26541
0.27026
0.27825
0.28368
0.3202
0.35714
0.41005
0.47905
0.52947
0.61424
0.67847
0.80327
0.88053
0.97624
1
0.97999
0.95598
0.47905
0.52947
0.61424
0.67847
0.80327
0.88053
0.97624
1
0.97999
0.95598
0.90869
0.9236
0.80804
0.88693
0.87889
0.83309
0.75978
0.64269
0.60003
0.56378
0.51553
0.40524
0.2943
0.23392
0.2116
0.18543
0.14493
0.089249
0.059344
0.039418
0.034841
0.041704
0.037843
0.026341
0.020508
0.015249
0.0088674
0.0052197
0.0013602
0.00076814
0.00026508
8.1767e-05
8.1767e-05
0
0
0
0
0
0
0
0
0
0.00037474
0.0026508
0.078965
0.09172
0.097767
0.097881
0.10192
0.095086
0.099199
0.10293
0.10435
0.10128
0.1031
0.10303
0.1066
0.11922
0.11229
0.12307
0.20741
0.286
0.37073
0.36399
0.31693
0.28822
0.29833
0.35586
0.38729
0.38636
0.34588
0.30699
0.27818
0.26689
0.25891
0.26782
0.29156
0.32555
0.36675
0.4048
0.45053
0.50362
0.58304
0.67168
0.7636
0.81968
0.86577
0.90403
0.86181
0.84293
0.91298
0.50362
0.58304
0.67168
0.7636
0.81968
0.86577
0.90403
0.86181
0.84293
0.91298
0.90752
0.86358
0.90657
0.91263
0.90733
0.87087
0.69201
0.60211
0.56721
0.53168
0.51352
0.44017
0.37359
0.34667
0.27929
0.24667
0.19115
0.12374
0.081389
0.058927
0.068776
0.065722
0.061395
0.049287
0.026935
0.018943
0.011143
0.00584
0.0019815
0.00090001
0.00056055
0.00023807
8.1767e-05
0
0
0
0
0
0
0
0
0
0.00037474
0.0025011
0.076063
0.08212
0.090303
0.089829
0.10614
0.099911
0.10551
0.10352
0.098545
0.095497
0.081694
0.086349
0.094596
0.10918
0.11852
0.12582
0.19396
0.23163
0.27386
0.26597
0.2581
0.26287
0.265
0.28326
0.29365
0.27877
0.27133
0.25746
0.24413
0.25827
0.25538
0.27958
0.33888
0.36958
0.40501
0.42764
0.45439
0.52005
0.59371
0.69022
0.73496
0.78457
0.86918
0.84716
0.88373
0.89541
0.91007
0.52005
0.59371
0.69022
0.73496
0.78457
0.86918
0.84716
0.88373
0.89541
0.91007
0.88043
0.86436
0.83098
0.87574
0.84453
0.80075
0.73076
0.69133
0.55452
0.48036
0.41473
0.3936
0.38528
0.39607
0.33988
0.24731
0.21014
0.17289
0.11463
0.085914
0.10078
0.085712
0.075527
0.060002
0.0301
0.02179
0.013329
0.0063186
0.0024394
0.0012031
0.00065237
0.00029489
0.00023807
0
0
0
0
0
0
0
0
0
0.00037474
0.0025055
0.075306
0.07804
0.089506
0.084875
0.089581
0.098948
0.10232
0.11002
0.10448
0.095722
0.08104
0.074982
0.083426
0.089502
0.089358
0.096484
0.11865
0.16495
0.21284
0.24703
0.25943
0.2466
0.25481
0.23657
0.22803
0.24278
0.23349
0.23633
0.25103
0.2416
0.26171
0.2724
0.27883
0.30843
0.34877
0.3667
0.4055
0.46339
0.51951
0.55468
0.59969
0.67155
0.77734
0.86832
0.99211
0.97012
0.96329
0.46339
0.51951
0.55468
0.59969
0.67155
0.77734
0.86832
0.99211
0.97012
0.96329
0.88818
0.80436
0.78555
0.72339
0.58899
0.68423
0.70501
0.71499
0.64384
0.45479
0.3696
0.38438
0.39858
0.36863
0.34837
0.35881
0.31646
0.26907
0.17203
0.11336
0.12234
0.10026
0.081753
0.049146
0.029077
0.020562
0.010578
0.0062497
0.0033348
0.0014991
0.00086283
0.00050766
0.00035253
0
0
0
0
0
0
0
0
0
0.00037474
0.0025055
0.081194
0.078501
0.07885
0.076436
0.07629
0.080515
0.090757
0.10279
0.094615
0.081108
0.079144
0.067847
0.059823
0.04952
0.047541
0.054322
0.087205
0.16434
0.22208
0.27222
0.28255
0.24776
0.21196
0.21487
0.21355
0.21288
0.2426
0.24684
0.25771
0.27867
0.29421
0.28244
0.28269
0.30148
0.33645
0.34497
0.37493
0.39181
0.46578
0.49
0.53275
0.56831
0.64637
0.71579
0.75521
0.81364
0.80164
0.39181
0.46578
0.49
0.53275
0.56831
0.64637
0.71579
0.75521
0.81364
0.80164
0.75738
0.74213
0.69889
0.66237
0.70121
0.70657
0.68694
0.62958
0.51781
0.44889
0.33702
0.27919
0.32872
0.33779
0.35117
0.35473
0.31238
0.26515
0.18388
0.14012
0.11809
0.10075
0.070908
0.038741
0.02367
0.015761
0.0096855
0.0066279
0.0040296
0.0024538
0.0013832
0.00099659
0.00082836
0.00021099
0
0
0
0
0
0
0
0
0.00037474
0.0023513
0.075516
0.077021
0.068513
0.065583
0.066511
0.073496
0.077359
0.079447
0.079208
0.069468
0.059014
0.053566
0.045462
0.042299
0.040848
0.043793
0.06737
0.12171
0.18763
0.22381
0.21539
0.20005
0.17907
0.17593
0.18219
0.19217
0.20151
0.2026
0.23281
0.24093
0.26338
0.26346
0.24514
0.25099
0.25994
0.26947
0.29222
0.3111
0.33547
0.36779
0.41851
0.46288
0.49507
0.53597
0.53669
0.53483
0.53122
0.3111
0.33547
0.36779
0.41851
0.46288
0.49507
0.53597
0.53669
0.53483
0.53122
0.57061
0.60261
0.57648
0.68514
0.70366
0.71985
0.65188
0.55957
0.48397
0.39903
0.32239
0.26726
0.29184
0.25914
0.23099
0.22993
0.23641
0.20045
0.14415
0.1305
0.1188
0.09294
0.060339
0.03281
0.022627
0.014184
0.012012
0.0089518
0.0044718
0.0031711
0.0023467
0.0018237
0.0011809
0.00054907
0
0
0
0
0
0
0
0
0.00037474
0.0022644
0.069928
0.070374
0.064029
0.057208
0.060447
0.059124
0.058985
0.056376
0.050716
0.044404
0.041589
0.038698
0.034625
0.033894
0.037156
0.040819
0.054567
0.07707
0.10776
0.14006
0.15316
0.14364
0.13881
0.13618
0.12912
0.13821
0.1778
0.18965
0.19186
0.17755
0.185
0.18292
0.18636
0.19577
0.20894
0.21667
0.23791
0.3063
0.30853
0.31032
0.3126
0.35741
0.41831
0.45106
0.4527
0.43803
0.44657
0.3063
0.30853
0.31032
0.3126
0.35741
0.41831
0.45106
0.4527
0.43803
0.44657
0.43768
0.43161
0.45622
0.52737
0.56889
0.58119
0.57588
0.52353
0.47144
0.44683
0.36547
0.36601
0.33372
0.29512
0.25774
0.17773
0.15314
0.15188
0.13048
0.12716
0.1101
0.085132
0.056289
0.032907
0.018649
0.013896
0.011339
0.0097255
0.006725
0.0039886
0.0027894
0.0021528
0.0012906
0.00071718
0.00014807
0
0
0
0
0
0
0
0.00037474
0.0020549
0.063284
0.055612
0.050091
0.048667
0.050743
0.053679
0.053613
0.049235
0.03844
0.037603
0.036902
0.032928
0.033998
0.033219
0.036799
0.041635
0.042322
0.066517
0.089985
0.1122
0.12443
0.12098
0.11786
0.10087
0.098421
0.12016
0.151
0.18131
0.18453
0.15466
0.14929
0.15232
0.18565
0.21037
0.22362
0.22902
0.23787
0.23949
0.24357
0.2526
0.24429
0.28523
0.34416
0.35894
0.37635
0.3557
0.32782
0.23949
0.24357
0.2526
0.24429
0.28523
0.34416
0.35894
0.37635
0.3557
0.32782
0.36099
0.36156
0.4244
0.47486
0.52775
0.56301
0.51392
0.47127
0.42994
0.3384
0.34413
0.35243
0.3155
0.27851
0.21261
0.17276
0.15828
0.18044
0.17866
0.14557
0.12018
0.10136
0.060859
0.027643
0.015751
0.015093
0.011926
0.0098061
0.0073196
0.0040342
0.0030426
0.0023306
0.0018426
0.0010685
0.00038073
0
0
0
0
0
0
0
0.00037474
0.0018129
0.057122
0.046031
0.036024
0.036861
0.041688
0.047828
0.045299
0.043282
0.035868
0.0346
0.03299
0.029707
0.033317
0.030996
0.035199
0.039345
0.045344
0.064031
0.085165
0.098437
0.10951
0.10945
0.10376
0.090441
0.077759
0.085323
0.11539
0.13637
0.16495
0.17888
0.16757
0.16202
0.15917
0.17668
0.19419
0.18201
0.17304
0.15862
0.15521
0.21414
0.22125
0.26016
0.30507
0.33778
0.3225
0.29014
0.24719
0.15862
0.15521
0.21414
0.22125
0.26016
0.30507
0.33778
0.3225
0.29014
0.24719
0.24067
0.27165
0.35445
0.38896
0.43173
0.38321
0.37776
0.3476
0.29693
0.3028
0.28351
0.24629
0.19644
0.18372
0.16886
0.17414
0.21436
0.19948
0.20718
0.18778
0.12707
0.10019
0.056541
0.028006
0.014877
0.013546
0.012157
0.0096782
0.0067035
0.0039812
0.0036268
0.0024011
0.0018482
0.0013267
0.00038073
0
0
0
0
0
0
0
0.00037474
0.0018129
0.048309
0.040627
0.031128
0.029251
0.034765
0.039182
0.038157
0.035823
0.032733
0.028953
0.025305
0.023739
0.023979
0.024586
0.026933
0.030904
0.038756
0.051735
0.06751
0.077616
0.087572
0.097095
0.1038
0.093927
0.087818
0.082987
0.094602
0.12087
0.13832
0.15574
0.15051
0.14134
0.12867
0.13367
0.12404
0.11205
0.11741
0.13296
0.15461
0.21847
0.22005
0.25102
0.30718
0.28696
0.29537
0.24283
0.20468
0.13296
0.15461
0.21847
0.22005
0.25102
0.30718
0.28696
0.29537
0.24283
0.20468
0.2485
0.26621
0.31351
0.31196
0.30098
0.28835
0.26298
0.23068
0.22022
0.2279
0.22745
0.19365
0.1257
0.1305
0.14315
0.1636
0.22128
0.21751
0.20528
0.18643
0.10006
0.066456
0.0359
0.022227
0.013004
0.010926
0.0088484
0.0076271
0.0041687
0.0029704
0.0026277
0.0024945
0.0019085
0.0012912
0.00020675
0
0
0
0
0
0
0
0.00037474
0.001589
0.041682
0.035589
0.033672
0.037485
0.03874
0.039179
0.037925
0.033551
0.025821
0.020667
0.017982
0.01685
0.017792
0.021905
0.021653
0.019176
0.024292
0.040124
0.051418
0.061613
0.071777
0.076558
0.079654
0.07208
0.08404
0.092385
0.098926
0.099678
0.10286
0.099811
0.10434
0.10559
0.10755
0.11443
0.11159
0.1066
0.1151
0.13481
0.15701
0.16789
0.16793
0.17033
0.14514
0.15615
0.14811
0.14099
0.18746
0.13481
0.15701
0.16789
0.16793
0.17033
0.14514
0.15615
0.14811
0.14099
0.18746
0.23432
0.28357
0.31465
0.27128
0.24089
0.21105
0.2009
0.18566
0.17448
0.1666
0.15607
0.12556
0.10882
0.10745
0.11227
0.12244
0.14559
0.13683
0.11997
0.087421
0.047255
0.037584
0.022574
0.014776
0.011055
0.0085547
0.0066069
0.0039607
0.0033597
0.0021584
0.0016406
0.0021964
0.0020249
0.001547
0.00020787
0
0
0
0
0
0
0
0.00037474
0.0014256
0.036273
0.034016
0.037041
0.039603
0.040503
0.04189
0.034917
0.028782
0.022115
0.017075
0.017101
0.015602
0.015752
0.014673
0.015992
0.017638
0.025581
0.033109
0.038482
0.044653
0.045918
0.050323
0.056674
0.061528
0.08194
0.092862
0.09397
0.076326
0.063218
0.060557
0.062316
0.062716
0.074988
0.084192
0.096324
0.11635
0.12039
0.11792
0.11557
0.10495
0.10388
0.11093
0.10605
0.11944
0.12336
0.11955
0.12533
0.11792
0.11557
0.10495
0.10388
0.11093
0.10605
0.11944
0.12336
0.11955
0.12533
0.15533
0.20057
0.20647
0.18001
0.16164
0.16378
0.16228
0.16707
0.16167
0.14176
0.13206
0.093879
0.07023
0.07344
0.074929
0.075697
0.069877
0.082321
0.074079
0.052831
0.033685
0.021169
0.017672
0.014
0.010351
0.0064552
0.0045663
0.0027637
0.0020928
0.0013903
0.0014868
0.0016415
0.0016035
0.001221
0.00020787
0
0
0
0
0
0
0
0.00037474
0.0014256
0.032884
0.034394
0.036636
0.039144
0.038824
0.041149
0.032146
0.023549
0.020891
0.018715
0.01576
0.014005
0.014246
0.010054
0.0093292
0.012472
0.019422
0.024035
0.028872
0.024617
0.028323
0.031802
0.032916
0.044479
0.059899
0.070913
0.070467
0.063568
0.050461
0.046149
0.040256
0.039524
0.042007
0.047347
0.05876
0.073109
0.084719
0.085834
0.074603
0.081933
0.088357
0.084399
0.08417
0.087561
0.10047
0.12594
0.13317
0.085834
0.074603
0.081933
0.088357
0.084399
0.08417
0.087561
0.10047
0.12594
0.13317
0.1297
0.12777
0.13159
0.12659
0.12516
0.11509
0.10342
0.10514
0.11594
0.096094
0.080202
0.041283
0.044107
0.05166
0.049933
0.04741
0.042569
0.049296
0.044346
0.037151
0.026575
0.019507
0.017123
0.015561
0.010921
0.0042947
0.0030161
0.0024535
0.0015624
0.0012598
0.0013162
0.0012866
0.0012506
0.0011015
0.00016077
0
0
0
0
0
0
0
0.00037474
0.001332
0.029955
0.030976
0.033623
0.036685
0.035577
0.031588
0.024825
0.020558
0.017361
0.016242
0.016873
0.014372
0.010202
0.0078615
0.0082047
0.010323
0.01458
0.01694
0.019095
0.019459
0.020609
0.021635
0.022366
0.021147
0.023164
0.02784
0.034423
0.036756
0.035187
0.035021
0.031761
0.029253
0.033251
0.031622
0.048509
0.061529
0.071791
0.073183
0.065797
0.066293
0.072858
0.06865
0.057213
0.077075
0.085105
0.10022
0.095775
0.073183
0.065797
0.066293
0.072858
0.06865
0.057213
0.077075
0.085105
0.10022
0.095775
0.094786
0.091094
0.10616
0.11219
0.10119
0.081267
0.075942
0.061029
0.055844
0.05218
0.043204
0.03976
0.041851
0.038876
0.034514
0.034765
0.031171
0.034393
0.033757
0.027587
0.019605
0.01435
0.014163
0.012659
0.0089254
0.003567
0.0013762
0.0013721
0.0010594
0.00059504
0.00095156
0.00101
0.0010383
0.00062718
9.9932e-05
0
0
0
0
0
0
0
0.00037474
0.0011779
0.027788
0.026442
0.025196
0.026071
0.024066
0.020405
0.017374
0.017749
0.01664
0.0138
0.013843
0.009895
0.0060162
0.0085488
0.012228
0.012419
0.013571
0.013241
0.013778
0.015393
0.018513
0.019837
0.019526
0.017566
0.017538
0.017582
0.017224
0.019427
0.021389
0.023852
0.025711
0.022499
0.021164
0.026156
0.035231
0.042985
0.052445
0.046931
0.042568
0.048107
0.048624
0.049328
0.045924
0.063252
0.066044
0.073516
0.074832
0.046931
0.042568
0.048107
0.048624
0.049328
0.045924
0.063252
0.066044
0.073516
0.074832
0.068832
0.074611
0.071802
0.06031
0.055289
0.049897
0.052974
0.050073
0.045498
0.046567
0.047735
0.045422
0.039916
0.034537
0.024813
0.02252
0.021402
0.022198
0.019091
0.015497
0.010951
0.011057
0.011012
0.0099592
0.0059148
0.0021558
0.00063578
0.00066127
0.00066534
0.00042845
0.000236
0.00053628
0.00053628
0.00039131
0
0
0
0
0
0
0
0
0.00037474
0.00095077
0.023643
0.022149
0.023189
0.022013
0.01754
0.017793
0.016806
0.016411
0.013031
0.0094615
0.0081689
0.0054341
0.0066794
0.010112
0.010932
0.01207
0.012216
0.0086864
0.009079
0.010347
0.013131
0.016019
0.015639
0.013899
0.011682
0.010879
0.011849
0.011453
0.012565
0.015647
0.015737
0.013385
0.020738
0.024518
0.029906
0.037469
0.029983
0.03044
0.030052
0.030907
0.034702
0.035451
0.03199
0.033453
0.035141
0.037623
0.040591
0.03044
0.030052
0.030907
0.034702
0.035451
0.03199
0.033453
0.035141
0.037623
0.040591
0.049919
0.05246
0.055234
0.052844
0.04018
0.038167
0.03183
0.030246
0.027773
0.028109
0.031046
0.033903
0.029581
0.021234
0.011979
0.013847
0.014478
0.014323
0.013428
0.012342
0.009449
0.0077489
0.0068916
0.0046904
0.0022467
0.00090704
0.00017474
0.000301
0.00014118
9.9192e-05
0
0.00026163
0.00041778
0.00030213
0
0
0
0
0
0
0
0
0.00037474
0.00083055
0.02033
0.020598
0.017821
0.016886
0.015242
0.013796
0.01438
0.014148
0.0098736
0.0069704
0.0051452
0.004703
0.0047272
0.0074874
0.0092143
0.010713
0.0090442
0.0069831
0.0072168
0.0078683
0.0091785
0.010284
0.011892
0.01165
0.011181
0.0095552
0.0082123
0.0075406
0.0075792
0.0084196
0.00821
0.007776
0.00949
0.015573
0.019499
0.019215
0.017737
0.018015
0.018708
0.019116
0.020524
0.020536
0.020444
0.020281
0.022682
0.021501
0.020641
0.018015
0.018708
0.019116
0.020524
0.020536
0.020444
0.020281
0.022682
0.021501
0.020641
0.018433
0.023531
0.026302
0.03108
0.029416
0.023025
0.017711
0.018727
0.020536
0.019143
0.022996
0.019845
0.016458
0.013193
0.0077962
0.0073913
0.0095696
0.009539
0.0090143
0.0098166
0.0088141
0.0070144
0.00453
0.0018716
0.00074766
0.00030062
3.1186e-05
0
0
0
0
0
0.00026163
0
0
0
0
0
0
0
0
0
0.00037474
0.00080812
0.016306
0.017069
0.014381
0.014126
0.017089
0.01554
0.01611
0.013623
0.0097515
0.0059008
0.00429
0.0031295
0.0037197
0.0042168
0.0042631
0.0044895
0.0046826
0.0047945
0.0045606
0.0045792
0.0061486
0.0084329
0.0098084
0.0097517
0.0096741
0.0093135
0.008971
0.0081689
0.0063952
0.0052263
0.0047609
0.0043966
0.004891
0.0071042
0.0082592
0.008452
0.0090281
0.0072004
0.0078377
0.0082908
0.010079
0.0097502
0.010012
0.013222
0.01495
0.01564
0.016182
0.0072004
0.0078377
0.0082908
0.010079
0.0097502
0.010012
0.013222
0.01495
0.01564
0.016182
0.012777
0.011028
0.010543
0.010469
0.0098001
0.010282
0.011423
0.01154
0.011711
0.012018
0.011867
0.012404
0.01042
0.0083286
0.006082
0.0062667
0.0075346
0.0070386
0.0060673
0.0061303
0.0056343
0.004307
0.0021396
0.0011165
0.00036566
6.0491e-05
0
0
0
0
0
0
0
0
0
0
0
0
0
0
0
0
0.00037474
0.00071407
0.013099
0.013704
0.013637
0.014406
0.016525
0.015651
0.015732
0.012379
0.0083556
0.0053771
0.0035362
0.0030876
0.0030714
0.0027812
0.0029609
0.0029299
0.00247
0.0020488
0.0017923
0.0021302
0.0041383
0.0062545
0.0064422
0.0064904
0.0047351
0.0048433
0.0055114
0.0049625
0.0058876
0.0044056
0.004066
0.001564
0.0023582
0.0027548
0.0034
0.0032535
0.0030443
0.0028689
0.0033388
0.0038792
0.0047136
0.0053063
0.0056805
0.0056001
0.0066086
0.0083183
0.0092233
0.0028689
0.0033388
0.0038792
0.0047136
0.0053063
0.0056805
0.0056001
0.0066086
0.0083183
0.0092233
0.0090574
0.009212
0.008593
0.0084879
0.0078988
0.0070404
0.0063556
0.0064434
0.0059226
0.004734
0.0040143
0.0039473
0.0039704
0.0040262
0.0047754
0.0055928
0.0048428
0.0045703
0.003577
0.0019422
0.0021325
0.0023717
0.001516
0.00071846
0.00028444
0
0
0
0
0
0
0
0
0
0
0
0
0
0
0
0
0
0.00037474
0.00049248
0.010421
0.0094363
0.011959
0.013202
0.013139
0.012258
0.011213
0.0084096
0.0060872
0.0040679
0.0023904
0.0023754
0.0022666
0.0026293
0.0021733
0.0018151
0.0012669
0.0011825
0.0010112
0.0011747
0.002059
0.0027779
0.0025915
0.002268
0.0021412
0.0020566
0.0020384
0.003526
0.0032956
0.0030159
0.0026306
0.0004723
0.00046901
0.00073388
0.0011557
0.001386
0.0017077
0.0015008
0.001122
0.0010305
0.0011581
0.0018945
0.0024838
0.002145
0.0023912
0.0036615
0.0048645
0.0015008
0.001122
0.0010305
0.0011581
0.0018945
0.0024838
0.002145
0.0023912
0.0036615
0.0048645
0.0052232
0.0066274
0.0065286
0.0061299
0.0056812
0.0042978
0.0032934
0.0028331
0.0029814
0.0027718
0.0023421
0.0024894
0.0022949
0.0028187
0.0035213
0.0042505
0.0041875
0.0031916
0.0020585
0.0011708
0.0013819
0.0012889
0.00092538
0.00064406
0
0
0
0
0
0
0
0
0
0
0
0
0
0
0
0
0
0
0.00037474
0.0004683
0.0093908
0.0082023
0.0079843
0.0077743
0.0087311
0.0084237
0.0067395
0.0036357
0.0020107
0.0017176
0.0023794
0.0024671
0.0024599
0.0020183
0.00099084
0.0006649
0.00057325
0.00056947
0.00091052
0.0013185
0.0017218
0.0016209
0.0014555
0.0013105
0.001151
0.001295
0.0012631
0.0010964
0.0007716
0.00063148
0.00039939
0.00038659
0.0006174
0.00084601
0.0011418
0.0012053
0.0013669
0.0015454
0.0016993
0.0015922
0.0013519
0.00089597
0.00099491
0.00078777
0.00082249
0.0015056
0.0024654
0.0015454
0.0016993
0.0015922
0.0013519
0.00089597
0.00099491
0.00078777
0.00082249
0.0015056
0.0024654
0.0029155
0.0023952
0.0019606
0.0025885
0.0022799
0.001849
0.0015193
0.0009955
0.0012455
0.0016061
0.0020771
0.0024547
0.0024535
0.0026207
0.002824
0.0030827
0.0029067
0.0023609
0.0016312
0.0010895
0.0015469
0.00090572
0.00066522
0.00051174
5.324e-05
0
0
0
0
0
0
0
0
0
0
0
0
0
0
0
0
0
0.00037474
0.00043435
0.0074567
0.0069007
0.0055828
0.0049992
0.0034482
0.0028987
0.0017925
0.0013786
0.0012279
0.0016321
0.0022617
0.0024583
0.0023339
0.0014436
0.00069889
0.00044703
0.00032986
0.00055517
0.00092558
0.0011631
0.0012496
0.0012307
0.0011074
0.00082392
0.00061203
0.00072859
0.00069997
0.00048036
0.00064524
0.00069162
0.00044135
0.00034553
0.00039684
0.00048266
0.00059999
0.00059283
0.00077421
0.0010715
0.001309
0.0013011
0.0012225
0.0011402
0.00087307
0.00062329
0.00044096
0.00039238
0.00072819
0.0010715
0.001309
0.0013011
0.0012225
0.0011402
0.00087307
0.00062329
0.00044096
0.00039238
0.00072819
0.0010765
0.0013898
0.0016105
0.0010912
0.00077421
0.00070645
0.00051406
0.00053064
0.00078587
0.00096249
0.0015346
0.0018139
0.0019181
0.0019759
0.0021653
0.0017874
0.0017834
0.0013051
0.0010234
0.0010433
0.001213
0.0008406
0.00060141
0.00037646
5.324e-05
5.324e-05
0
0
0
0
0
0
0
0
0
0
0
0
0
0
0
0
0.00037474
0.00071407
0.00489
0.0043984
0.0037223
0.0029474
0.0019358
0.0018393
0.0012803
0.0012606
0.00087963
0.0012205
0.0014512
0.001429
0.0012427
0.00065595
0.00031672
0.00045561
0.0011694
0.0012568
0.0014699
0.0011809
0.00080423
0.00052262
0.00038245
0.00024112
0.00032959
0.0003576
0.00026062
0.0003769
0.00064597
0.00073834
0.00068151
0.00032298
0.00010649
8.9218e-05
0.00027069
0.00055779
0.00072638
0.00072694
0.00046305
0.00024058
0.00060525
0.00098769
0.00090697
0.00076428
0.00052062
0.00045045
0.00076103
0.00072694
0.00046305
0.00024058
0.00060525
0.00098769
0.00090697
0.00076428
0.00052062
0.00045045
0.00076103
0.0010727
0.0010424
0.00090941
0.00067718
0.00040118
0.00034635
0.00060181
0.00077214
0.00088132
0.00082964
0.00093732
0.00098229
0.0010136
0.00069819
0.00071846
0.00074046
0.00075091
0.00055356
0.00086513
0.00084025
0.0007923
0.0007136
0.00045639
0.0001988
5.324e-05
5.324e-05
0
0
0
0
0
0
0
0
0
0
0
0
0
0
0
0
0.00037474
0.0012687
0.0038772
0.0031852
0.002403
0.0015723
0.0013493
0.0016435
0.0016402
0.0016692
0.0011987
0.00086324
0.00079826
0.0004343
0.00023918
0.00015359
0.00014457
0.00053197
0.0011916
0.0017561
0.0017162
0.0012129
0.00065839
0.00053216
0.00063503
0.00046137
0.00044646
0.00028641
0.00029641
0.00039687
0.00051111
0.00046754
0.00033281
5.9738e-05
6.6663e-05
0.00013523
0.00030471
0.00038682
0.00055262
0.00047584
0.00024418
0.00014992
0.00015275
0.00031874
0.00036405
0.00033527
0.00013976
0.00016745
0.00029441
0.00047584
0.00024418
0.00014992
0.00015275
0.00031874
0.00036405
0.00033527
0.00013976
0.00016745
0.00029441
0.00036025
0.00062447
0.00058079
0.0003634
0.00018673
0.00027768
0.00076186
0.00094544
0.0010279
0.00086311
0.00051477
0.0003463
0.0002603
0.0003323
0.00039524
0.00031328
0.0001973
0.00010213
0.00031442
0.00031619
0.00042701
0.000234
0.00011645
0.00011665
5.324e-05
0
0
0
0
0
0
0
0
0
0
0
0
0
0
0
0
0
0.00037474
0.0013594
0.0030857
0.003092
0.00232
0.0016871
0.001362
0.0066275
0.0065014
0.0021263
0.0011401
0.00061607
0.00041105
0.00037273
0.0003211
0.00027128
0.00027326
0.00026863
0.00038751
0.00065661
0.00063534
0.00058056
0.00049312
0.00050651
0.00064964
0.00063253
0.00062999
0.00052071
0.00048294
0.00042484
0.00047004
0.00048182
0.00041524
0.00033614
0.0001961
0.00016018
0.00029108
0.00037262
0.00039194
0.00040303
0.00025571
0.00015742
0.00010045
0.00010063
6.6475e-05
0.00010615
9.9994e-05
0.00010032
8.4916e-05
0.00040303
0.00025571
0.00015742
0.00010045
0.00010063
6.6475e-05
0.00010615
9.9994e-05
0.00010032
8.4916e-05
3.6731e-05
0.00013389
0.00021039
0.00027819
0.00039221
0.00031761
0.00063608
0.0010264
0.00097544
0.00094076
0.00069301
0.00043253
0.00021524
0.00022321
0.00018102
0.00013249
4.6905e-05
0
0
0
0
0
0
0
0
0
0
0
0
0
0
0
0
0
0
0
0
0
0
0
0
0
0.00037474
0.0019846
0.0026948
0.0021729
0.0017112
0.0012578
0.0058684
0.006288
0.0062647
0.0060872
0.00086528
0.00051992
0.00036046
0.00035661
0.00047836
0.00071614
0.00058481
0.00052643
0.00047812
0.00035445
0.00023642
0.00024609
0.0002589
0.00084875
0.0016543
0.0016629
0.001672
0.0008586
0.00066674
0.0007489
0.00068941
0.00075979
0.00088492
0.00077249
0.00059803
0.00038593
0.00057711
0.00064465
0.00066925
0.00066595
0.000487
0.00035193
0.00022804
4.905e-05
1.5405e-05
5.0204e-05
6.3075e-05
0.00025971
0.00099579
0.00066595
0.000487
0.00035193
0.00022804
4.905e-05
1.5405e-05
5.0204e-05
6.3075e-05
0.00025971
0.00099579
0.00071924
0.00030237
0.00028952
0.00027532
0.00029803
0.00032275
0.00023153
0.00041137
0.00034951
0.00051583
0.00050859
0.00027666
0.00030691
0.00013227
0.00013739
5.4796e-05
0
0
0
0
0
0
0
0
0
0
0
0
0
0
0
0
0
0
0
0
0
0
0
0
0
0
0.00037474
0.0029309
0.0022885
0.0018572
0.0012574
0.0010392
0.005319
0.0058219
0.0055748
0.0055141
0.00032353
0.00028666
0.00035158
0.00051415
0.00093993
0.0013423
0.0014629
0.0011323
0.00064981
0.00056859
0.00039901
0.00042641
0.00036351
0.0010995
0.0016416
0.0019237
0.0022333
0.0012981
0.0011702
0.001
0.0010036
0.0010255
0.0010524
0.00088685
0.00093599
0.0008626
0.00073285
0.00065693
0.00065087
0.0005858
0.00058252
0.00046227
0.0003055
0.0001428
4.6165e-05
0.0001925
0.00057517
0.0022101
0.0022338
0.0005858
0.00058252
0.00046227
0.0003055
0.0001428
4.6165e-05
0.0001925
0.00057517
0.0022101
0.0022338
0.0022362
0.0019197
0.00058831
0.00059387
0.00051082
0.0002722
0.00026878
0.00016529
0.00010067
0.0001221
0.00012128
8.6935e-05
0.00014641
0.00010934
0.00010934
0.00010934
2.7511e-05
0
0
0
0
0
0
0
0
0
0
0
0
0
0
0
0
0
0
0
0
0
0
0
0
0
0.00037474
0.0029579
0.001512
0.001496
0.00061952
0.00054403
0.00081315
0.0050759
0.0050002
0.00032328
0.00022864
0.00014615
0.00024076
0.00053053
0.0011294
0.0015011
0.0016904
0.0015893
0.0011973
0.00095209
0.00066364
0.0005978
0.000636
0.00077411
0.00079979
0.00089251
0.0012087
0.0014721
0.0016602
0.0014757
0.0011704
0.0010887
0.00096531
0.00096792
0.00098115
0.0010335
0.00064002
0.00048015
0.00026163
0.00028868
0.00042214
0.00049878
0.00042874
0.00030185
0.00029683
0.00037917
0.00053841
0.00094762
0.0015123
0.00028868
0.00042214
0.00049878
0.00042874
0.00030185
0.00029683
0.00037917
0.00053841
0.00094762
0.0015123
0.001081
0.00059713
0.00072947
0.00072124
0.00067191
0.00050525
0.00038011
0.00027238
0.00028246
0.00036424
0.00042566
0.0003385
0.00014784
0.0001317
0.00010934
2.7511e-05
0
0
0
0
0
0
0
0
0
0
0
0
0
0
0
0
0
0
0
0
0
0
0
0
0
0
0.00037474
0.0029022
0.00088601
0.00054804
0.0002943
0.00014201
0.00011245
0.00014474
0.00016932
0.00022736
0.00025507
0.00030111
0.00051099
0.0007286
0.00088539
0.0013419
0.001431
0.0016561
0.001441
0.0012615
0.0011965
0.0011792
0.0013941
0.0017039
0.0016192
0.0016989
0.0020426
0.0022919
0.0022691
0.0023332
0.0021579
0.0016066
0.0012749
0.0011407
0.00082513
0.00089878
0.00080578
0.00082429
0.00065942
0.00072689
0.00057199
0.00062547
0.00073137
0.00070944
0.0006119
0.00066698
0.00055257
0.00064298
0.00062598
0.00072689
0.00057199
0.00062547
0.00073137
0.00070944
0.0006119
0.00066698
0.00055257
0.00064298
0.00062598
0.000578
0.00071223
0.00081793
0.00074556
0.00053447
0.00026369
0.00028447
0.00022213
0.00022621
0.00054344
0.000504
0.0004735
0.00036563
0.00020612
0.0020248
0.0022456
0.00123
6.2874e-05
0
0
0
0
0
0
0
0
0
0
0
0
0
0
0
0
0
0
0
0
0
0
0
0
0.00037474
0.002878
0.00035045
0.00010505
5.812e-05
3.7873e-05
0
0
0.00012047
0.00018107
0.00033265
0.00049529
0.00063216
0.00076651
0.00091455
0.00076665
0.0011441
0.0016718
0.0019235
0.0018504
0.0018404
0.0018195
0.0021843
0.0022883
0.0033426
0.0035352
0.0032442
0.0034038
0.0025196
0.0023374
0.0020996
0.001931
0.0018597
0.0016787
0.0012402
0.0012243
0.0010218
0.0011414
0.0010549
0.00079773
0.00074409
0.00061581
0.00076156
0.0010471
0.0010501
0.00089709
0.00074483
0.00069864
0.00065604
0.00079773
0.00074409
0.00061581
0.00076156
0.0010471
0.0010501
0.00089709
0.00074483
0.00069864
0.00065604
0.00061837
0.0010455
0.0011363
0.0011855
0.0011747
0.0006313
0.00034527
0.00016647
0.00015939
0.00025278
0.00037357
0.0003179
0.00021095
0.0020667
0.0027896
0.0027086
0.0026249
0.000823
0
0
0
0
0
0
0
0
0
0
0
0
0
0
0
0
0
0
0
0
0
0
0
0
0.00037474
0.002878
0.00017757
4.4559e-05
0
0
0
0
0.00012624
0.00022473
0.00030535
0.00065284
0.00075379
0.00087998
0.00082134
0.0016446
0.0012783
0.0018037
0.0021688
0.0023752
0.0028557
0.0026713
0.0023318
0.0023135
0.0030919
0.003478
0.0039635
0.0029664
0.0025945
0.0022742
0.0020786
0.0020448
0.002367
0.0020014
0.0016382
0.0012463
0.00083809
0.00085228
0.0010283
0.0012734
0.0011745
0.0010396
0.0010341
0.0010663
0.0013642
0.0011399
0.00093101
0.00075107
0.00039422
0.0012734
0.0011745
0.0010396
0.0010341
0.0010663
0.0013642
0.0011399
0.00093101
0.00075107
0.00039422
0.00052472
0.00076221
0.0013118
0.0012104
0.0011496
0.00072234
0.00037607
0.00012886
7.0339e-05
7.0803e-05
9.4036e-05
0.00032339
0.000442
0.00081048
0.0026584
0.0028188
0.0016487
0.00019907
0
0
0
0
0
0
0
0
0
0
0
0
0
0
0
0
0
0
0
0
0
0
0
0
0.00037474
0.002878
0
0
0
0
0
0
0.00011204
0.00019759
0.00024417
0.0003718
0.00053978
0.00073807
0.0015097
0.001687
0.0018139
0.002355
0.0021753
0.0028529
0.0033389
0.0028329
0.0020397
0.001539
0.0016311
0.0022773
0.0033118
0.0033443
0.0032447
0.002931
0.0026496
0.00243
0.0026732
0.0025801
0.0022208
0.0014586
0.0012577
0.0013576
0.0014924
0.0015499
0.001241
0.00087244
0.00082176
0.00085726
0.0011294
0.0012792
0.0011336
0.00097587
0.00079026
0.0015499
0.001241
0.00087244
0.00082176
0.00085726
0.0011294
0.0012792
0.0011336
0.00097587
0.00079026
0.00046658
0.00045638
0.00057273
0.00052714
0.00060476
0.0004695
0.00017185
0.00013247
0.00018566
0.00031464
0.00026769
0.00020356
0.00031737
0.00034747
0.00041144
0.0003691
0.0002583
0
0
0
0
0
0
0
0
0
0
0
0
0
0
0
0
0
0
0
0
0
0
0
0
0
0.00037474
0.002878
0
0
0
0
0
0
0
0.00021548
0.00020079
0.0002495
0.0004856
0.00080611
0.0016353
0.0017376
0.0023207
0.001977
0.0026362
0.0036642
0.0032022
0.0032263
0.0024157
0.0015823
0.0022044
0.0022251
0.0025731
0.0031623
0.0037686
0.0032482
0.0025891
0.0016499
0.0021514
0.0020997
0.0020284
0.0016758
0.00083536
0.00054542
0.00068873
0.0006352
0.00056058
0.00063546
0.00050838
0.00071099
0.00079791
0.00084601
0.0011413
0.00097104
0.0010303
0.0006352
0.00056058
0.00063546
0.00050838
0.00071099
0.00079791
0.00084601
0.0011413
0.00097104
0.0010303
0.00088462
0.00048474
0.0004894
0.00042055
0.00040867
0.00011865
0.00010565
0.00017773
0.00048836
0.00049224
0.00038215
0.00023309
2.7021e-05
8.5179e-05
0.0002529
0.00022588
0.00022588
0.00012796
0
0
0
0
0
0
0
0
0
0
0
0
0
0
0
0
0
0
0
0
0
0
0
0
0.00037474
0.002878
0
0
0
0
0
0
0
1.7889e-05
0.00011343
0.00018229
0.00039843
0.00061536
0.0011911
0.0012352
0.0018004
0.0022655
0.0025458
0.0030701
0.0032329
0.0029187
0.0027101
0.0029604
0.0025576
0.0023289
0.0035169
0.0035922
0.0038531
0.0031525
0.0025799
0.0018259
0.0018445
0.0019881
0.0015886
0.0012464
0.00047708
0.00015249
0
0.00013556
0.00021129
0.00027731
0.0002405
0.00044787
0.00035498
0.00039567
0.00054118
0.0005873
0.00054735
0.00013556
0.00021129
0.00027731
0.0002405
0.00044787
0.00035498
0.00039567
0.00054118
0.0005873
0.00054735
0.00050357
0.00039585
0.00046793
0.00029495
0.00025511
0.00019809
0
0.00013532
0.00032719
0.00044248
0.00039562
5.5034e-05
0
0
0.00018611
0.00018611
0.00018611
8.6709e-05
0
0
0
0
0
0
0
0
0
0
0
0
0
0
0
0
0
0
0
0
0
0
0
0
0.00037474
0.002878
0
0
0
0
0
0
0
0
1.6823e-05
9.0134e-05
0.00028401
0.00052446
0.00085513
0.000845
0.0011718
0.001853
0.002296
0.0023681
0.0024681
0.0024376
0.0024676
0.0024055
0.0023919
0.0023129
0.0025746
0.0030151
0.0032937
0.0029356
0.0027135
0.0027761
0.002474
0.0018505
0.0012903
0.00062931
0.00025007
7.3889e-05
5.1935e-05
5.1935e-05
5.1935e-05
2.5453e-05
0
0.00023204
0.00037674
0.00037674
0.00025629
0.00011648
9.1477e-05
5.1935e-05
5.1935e-05
2.5453e-05
0
0.00023204
0.00037674
0.00037674
0.00025629
0.00011648
9.1477e-05
0.00014233
0.00014273
0.00015177
0.00013926
0.00011057
2.7711e-05
0
0
9.233e-05
0.0001373
2.721e-05
0
0
0
0
0
0
0
0
0
0
0
0
0
0
0
0
0
0
0
0
0
0
0
0
0
0
0
0
0
0
0
0.00037474
0.002878
0
0
0
0
0
0
0
0
0
8.6873e-05
0.00015805
0.00040641
0.00078187
0.0009432
0.0014529
0.0014665
0.0017781
0.0024257
0.0023949
0.0024696
0.0023979
0.0025463
0.0025547
0.002381
0.0022163
0.0022027
0.0022912
0.0016258
0.0018397
0.0019521
0.0017813
0.0017478
0.001432
0.0010052
0.00044777
0.00018026
5.2939e-05
2.6482e-05
2.6482e-05
0
0
0.00017441
0.00029912
0.00029912
0.00022842
0
7.8744e-05
2.6482e-05
2.6482e-05
0
0
0.00017441
0.00029912
0.00029912
0.00022842
0
7.8744e-05
0.00024441
0.0002731
0.0002731
0.00012015
0
0
0
0
0
0
0
0
0
0
0
0
0
0
0
0
0
0
0
0
0
0
0
0
0
0
0
0
0
0
0
0
0
0
0
0
0
0
0.00037474
0.002878
0
0
0
0
0
0
0
0
0
7.005e-05
0.00027961
0.00043415
0.00080593
0.00081069
0.0011328
0.001508
0.0019343
0.0020024
0.0019153
0.0020691
0.0023663
0.0025189
0.0024339
0.0022114
0.002153
0.0020094
0.001742
0.0014064
0.00099898
0.00044161
0.00054197
0.00069861
0.00087632
0.00081547
0.00055873
0.00017827
0
0
2.1288e-05
8.6973e-05
8.6973e-05
8.6973e-05
1.9771e-05
0
0
0
0
0
2.1288e-05
8.6973e-05
8.6973e-05
8.6973e-05
1.9771e-05
0
0
0
0
0.00017583
0.00017583
9.7084e-05
0
0
0
0
0
0
0
0
0
0
0
0
0
0
0
0
0
0
0
0
0
0
0
0
0
0
0
0
0
0
0
0
0
0
0
0
0
0
0
0.00037474
0.0021947
0
0
0
0
0
0
0
0
0
0.0001124
0.00030851
0.00041118
0.00066787
0.00090448
0.00081644
0.0010508
0.0015303
0.0017224
0.0021589
0.0020978
0.001972
0.0016065
0.0012545
0.00083472
0.00077148
0.0013619
0.0014403
0.0013879
0.0011214
0.00046399
0.00018584
5.0568e-05
5.9977e-05
5.7643e-05
5.7643e-05
0
0
0
0
6.7202e-05
6.5684e-05
6.5684e-05
2.2781e-05
0
0
0
0
0
0
6.7202e-05
6.5684e-05
6.5684e-05
2.2781e-05
0
0
0
0
0
0
0
0.00011033
0.00023319
0.00023319
4.836e-05
0
0
0
0
0
0
0
0
0
0
0
0
0
0
0
0
0
0
0
0
0
0
0
0
0
0
0
0
0
0
0
0
0
0
0
0.00037474
0.0021947
0
0
0
0
0
0
0
0
0
4.2351e-05
0.00022902
0.0002725
0.00024933
0.00052122
0.00075962
0.0011239
0.0015722
0.0020383
0.0019619
0.0015786
0.0014257
0.00083502
0.00068246
0.00057052
0.00068763
0.00085883
0.001124
0.0011899
0.0010371
0.00062667
0.00027104
9.7761e-05
2.1665e-05
0
0
0
0
0
0
0
0
0
0
0
0
0
0
0
0
0
0
0
0
0
0
0
0
0
0
0
0.00021588
0.00026424
0.00026424
0.00023319
0
0
0
0
0
0
0
0
0
0
0
0
0
0
0
0
0
0
0
0
0
0
0
0
0
0
0
0
0
0
0
0
0
0
0
0.00037474
0.0021947
0
0
0
0
0
0
0
0
0
2.317e-05
0.00010619
0.00017185
0.00010687
0.00031417
0.0004167
0.00085124
0.0016824
0.0016391
0.0015042
0.0013137
0.00087337
0.00063229
0.00079612
0.00092409
0.00090617
0.00097394
0.00086023
0.00086173
0.00051695
0.00024446
2.1665e-05
2.1665e-05
0
0
0
0
0
0
0
0
0
0
0
0
0
0
0
0
0
0
0
0
0
0
0
0
0
0
0
0
3.1048e-05
3.1048e-05
3.1048e-05
0
0
0
0
0
0
0
0
0
0
0
0
0
0
0
0
0
0
0
0
0
0
0
0
0
0
0
0
0
0
0
0
0
0
0
0
0.00037474
0.0015143
0
0
0
0
0
0
0
0
0
0
0
0
0
0
8.1077e-05
0.00025236
0.00093702
0.0012623
0.0011901
0.00096006
0.00067713
0.00070623
0.00069487
0.00073195
0.00090289
0.0007605
0.00047942
0.0002963
0
0
0
0
0
0
0
0
0
0
0
0
2.9029e-05
6.1959e-05
6.1959e-05
6.1959e-05
0
0
0
0
0
0
2.9029e-05
6.1959e-05
6.1959e-05
6.1959e-05
0
0
0
0
0
0
0
0
0
0
0
0
0
0
0
0
0
0
0
0
0
0
0
0
0
0
0
0
0
0
0
0
0
0
0
0
0
0
0
0
0
0
0
0
0
0.00037474
0.0010905
0
0
0
0
0
0
0
0
0
0
0
0
0
0
4.1373e-05
6.3803e-05
0.00047714
0.00041736
0.00056281
0.00052341
0.00056191
0.00058089
0.00056211
0.00051974
0.00039258
0.00020576
0.00017163
0
0
0
0
0
0
0
0
0
0
0
0
0
2.9029e-05
6.1959e-05
6.1959e-05
3.293e-05
0
0
0
0
0
0
2.9029e-05
6.1959e-05
6.1959e-05
3.293e-05
0
0
0
0
0
0
0
0
0
0
0
0
0
0
0
0
0
0
0
0
0
0
0
0
0
0
0
0
0
0
0
0
0
0
0
0
0
0
0
0
0
0
0
0
0
0.00037474
0.0010905
0
0
0
0
0
0
0
0
0
0
0
0
0
0
0
0
0
0
0.00015473
0.00017155
0.00028883
0.00037319
0.0004616
0.00041356
0.00031076
9.7874e-05
0
0
0
0
0
0
0
0
0
0
0
0
0
0
0
0
0
0
0
0
0
0
0
0
0
0
0
0
0
0
0
0
0
0
0
0
0
0
0
0
0
0
0
0
0
0
0
0
0
0
0
0
0
0
0
0
0
0
0
0
0
0
0
0
0
0
0
0
0
0
0
0
0
0.00037474
0.00085949
0
0
0
0
0
0
0
0
0
0
0
0
0
0
0
0
0
0
0
0
0
0.00013187
0.00016099
0.00018924
0.00014713
2.9116e-05
0
0
0
0
0
0
0
0
0
0
0
0
0
0
0
0
0
0
0
0
0
0
0
0
0
0
0
0
0
0
0
0
0
0
0
0
0
0
0
0
0
0
0
0
0
0
0
0
0
0
0
0
0
0
0
0
0
0
0
0
0
0
0
0
0
0
0
0
0
0
0
0
0
0.00037474
0.0008325
0
0
0
0
0
0
0
0
0
0
0
0
0
0
0
0
0
0
0
0
0
0
0
2.9116e-05
2.9116e-05
0
0
0
0
0
0
0
0
0
0
0
0
0
0
0
0
0
0
0
0
0
0
0
0
0
0
0
0
0
0
0
0
0
0
0
0
0
0
0
0
0
0
0
0
0
0
0
0
0
0
0
0
0
0
0
0
0
0
0
0
0
0
0
0
0
0
0
0
0
0
0
0
0
0
0.00037474
0.00041921
0
0
0
0
0
0
0
0
0
0
0
0
0
0
0
0
0
0
0
0
0
0
0
0
0
0
0
0
0
0
0
0
0
0
0
0
0
0
0
0
0
0
0
0
0
0
0
0
0
0
0
0
0
0
0
0
0
0
0
0
0
0
0
0
0
0
0
0
0
0
0
0
0
0
0
0
0
0
0
0
0
0
0
0
0
0
0
0
0
0
0
0
0
0
0
0
0
0
0
0.00037474
0.00041921
0
0
0
0
0
0
0
0
0
0
0
0
0
0
0
0
0
0
0
0
0
0
0
0
0
0
0
0
0
0
0
0
0
0
0
0
0
0
0
0
0
0
0
0
0
0
0
0
0
0
0
0
0
0
0
0
0
0
0
0
0
0
0
0
0
0
0
0
0
0
0
0
0
0
0
0
0
0
0
0
0
0
0
0
0
0
0
0
0
0
0
0
0
0
0
0
0
0
0
0.00037474
7.4867e-05
0
0
0
0
0
0
0
0
0
0
0
0
0
0
0
0
0
0
0
0
0
0
0
0
0
0
0
0
0
0
0
0
0
0
0
0
0
0
0
0
0
0
0
0
0
0
0
0
0
0
0
0
0
0
0
0
0
0
0
0
0
0
0
0
0
0
0
0
0
0
0
0
0
0
0
0
0
0
0
0
0
0
0
0
0
0
0
0
0
0
0
0
0
0
0
0
0
0
0
0.00037474
0.00041921
0
0
0
0
0
0
0
0
0
0
0
0
0
0
0
0
0
0
0
0
0
0
0
0
0
0
0
0
0
0
0
0
0
0
0
0
0
0
0
0
0
0
0
0
0
0
0
0
0
0
0
0
0
0
0
0
0
0
0
0
0
0
0
0
0
0
0
0
0
0
0
0
0
0
0
0
0
0
0
0
0
0
0
0
0
0
0
0
0
0
0
0
0
0
0
0
0
0
0
0.00037474
0.00041921
0
0
0
0
0
0
0
0
0
0
0
0
0
0
0
0
0
0
0
0
0
0
0
0
0
0
0
0
0
0
0
0
0
0
0
0
0
0
0
0
0
0
0
0
0
0
0
0
0
0
0
0
0
0
0
0
0
0
0
0
0
0
0
0
0
0
0
0
0
0
0
0
0
0
0
0
0
0
0
0
0
0
0
0
0
0
0
0
0
0
0
0
0
0
0
0
0
0
0
0.00037474
0.0008325
0
0
0
0
0
0
0
0
0
0
0
0
0
0
0
0
0
0
0
0
0
0
0
2.9116e-05
2.9116e-05
0
0
0
0
0
0
0
0
0
0
0
0
0
0
0
0
0
0
0
0
0
0
0
0
0
0
0
0
0
0
0
0
0
0
0
0
0
0
0
0
0
0
0
0
0
0
0
0
0
0
0
0
0
0
0
0
0
0
0
0
0
0
0
0
0
0
0
0
0
0
0
0
0
0
0.00037474
0.00085949
0
0
0
0
0
0
0
0
0
0
0
0
0
0
0
0
0
0
0
0
0
0.00013187
0.00016099
0.00018924
0.00014713
2.9116e-05
0
0
0
0
0
0
0
0
0
0
0
0
0
0
0
0
0
0
0
0
0
0
0
0
0
0
0
0
0
0
0
0
0
0
0
0
0
0
0
0
0
0
0
0
0
0
0
0
0
0
0
0
0
0
0
0
0
0
0
0
0
0
0
0
0
0
0
0
0
0
0
0
0
0.00037474
0.0010905
0
0
0
0
0
0
0
0
0
0
0
0
0
0
0
0
0
0
0.00015473
0.00017155
0.00028883
0.00037319
0.0004616
0.00041356
0.00031076
9.7874e-05
0
0
0
0
0
0
0
0
0
0
0
0
0
0
0
0
0
0
0
0
0
0
0
0
0
0
0
0
0
0
0
0
0
0
0
0
0
0
0
0
0
0
0
0
0
0
0
0
0
0
0
0
0
0
0
0
0
0
0
0
0
0
0
0
0
0
0
0
0
0
0
0
0
0.00037474
0.0010905
0
0
0
0
0
0
0
0
0
0
0
0
0
0
4.1373e-05
6.3803e-05
0.00047714
0.00041736
0.00056281
0.00052341
0.00056191
0.00058089
0.00056211
0.00051974
0.00039258
0.00020576
0.00017163
0
0
0
0
0
0
0
0
0
0
0
0
0
2.9029e-05
6.1959e-05
6.1959e-05
3.293e-05
0
0
0
0
0
0
2.9029e-05
6.1959e-05
6.1959e-05
3.293e-05
0
0
0
0
0
0
0
0
0
0
0
0
0
0
0
0
0
0
0
0
0
0
0
0
0
0
0
0
0
0
0
0
0
0
0
0
0
0
0
0
0
0
0
0
0
0.00037474
0.0015143
0
0
0
0
0
0
0
0
0
0
0
0
0
0
8.1077e-05
0.00025236
0.00093702
0.0012623
0.0011901
0.00096006
0.00067713
0.00070623
0.00069487
0.00073195
0.00090289
0.0007605
0.00047942
0.0002963
0
0
0
0
0
0
0
0
0
0
0
0
2.9029e-05
6.1959e-05
6.1959e-05
6.1959e-05
0
0
0
0
0
0
2.9029e-05
6.1959e-05
6.1959e-05
6.1959e-05
0
0
0
0
0
0
0
0
0
0
0
0
0
0
0
0
0
0
0
0
0
0
0
0
0
0
0
0
0
0
0
0
0
0
0
0
0
0
0
0
0
0
0
0
0
0.00037474
0.0021947
0
0
0
0
0
0
0
0
0
2.317e-05
0.00010619
0.00017185
0.00010687
0.00031417
0.0004167
0.00085124
0.0016824
0.0016391
0.0015042
0.0013137
0.00087337
0.00063229
0.00079612
0.00092409
0.00090617
0.00097394
0.00086023
0.00086173
0.00051695
0.00024446
2.1665e-05
2.1665e-05
0
0
0
0
0
0
0
0
0
0
0
0
0
0
0
0
0
0
0
0
0
0
0
0
0
0
0
0
3.1048e-05
3.1048e-05
3.1048e-05
0
0
0
0
0
0
0
0
0
0
0
0
0
0
0
0
0
0
0
0
0
0
0
0
0
0
0
0
0
0
0
0
0
0
0
0
0.00037474
0.0021947
0
0
0
0
0
0
0
0
0
4.2351e-05
0.00022902
0.0002725
0.00024933
0.00052122
0.00075962
0.0011239
0.0015722
0.0020383
0.0019619
0.0015786
0.0014257
0.00083502
0.00068246
0.00057052
0.00068763
0.00085883
0.001124
0.0011899
0.0010371
0.00062667
0.00027104
9.7761e-05
2.1665e-05
0
0
0
0
0
0
0
0
0
0
0
0
0
0
0
0
0
0
0
0
0
0
0
0
0
0
0
0.00021588
0.00026424
0.00026424
0.00023319
0
0
0
0
0
0
0
0
0
0
0
0
0
0
0
0
0
0
0
0
0
0
0
0
0
0
0
0
0
0
0
0
0
0
0
0.00037474
0.0021947
0
0
0
0
0
0
0
0
0
0.0001124
0.00030851
0.00041118
0.00066787
0.00090448
0.00081644
0.0010508
0.0015303
0.0017224
0.0021589
0.0020978
0.001972
0.0016065
0.0012545
0.00083472
0.00077148
0.0013619
0.0014403
0.0013879
0.0011214
0.00046399
0.00018584
5.0568e-05
5.9977e-05
5.7643e-05
5.7643e-05
0
0
0
0
6.7202e-05
6.5684e-05
6.5684e-05
2.2781e-05
0
0
0
0
0
0
6.7202e-05
6.5684e-05
6.5684e-05
2.2781e-05
0
0
0
0
0
0
0
0.00011033
0.00023319
0.00023319
4.836e-05
0
0
0
0
0
0
0
0
0
0
0
0
0
0
0
0
0
0
0
0
0
0
0
0
0
0
0
0
0
0
0
0
0
0
0
0.00037474
0.002878
0
0
0
0
0
0
0
0
0
7.005e-05
0.00027961
0.00043415
0.00080593
0.00081069
0.0011328
0.001508
0.0019343
0.0020024
0.0019153
0.0020691
0.0023663
0.0025189
0.0024339
0.0022114
0.002153
0.0020094
0.001742
0.0014064
0.00099898
0.00044161
0.00054197
0.00069861
0.00087632
0.00081547
0.00055873
0.00017827
0
0
2.1288e-05
8.6973e-05
8.6973e-05
8.6973e-05
1.9771e-05
0
0
0
0
0
2.1288e-05
8.6973e-05
8.6973e-05
8.6973e-05
1.9771e-05
0
0
0
0
0.00017583
0.00017583
9.7084e-05
0
0
0
0
0
0
0
0
0
0
0
0
0
0
0
0
0
0
0
0
0
0
0
0
0
0
0
0
0
0
0
0
0
0
0
0
0
0
0
0.00037474
0.002878
0
0
0
0
0
0
0
0
0
8.6873e-05
0.00015805
0.00040641
0.00078187
0.0009432
0.0014529
0.0014665
0.0017781
0.0024257
0.0023949
0.0024696
0.0023979
0.0025463
0.0025547
0.002381
0.0022163
0.0022027
0.0022912
0.0016258
0.0018397
0.0019521
0.0017813
0.0017478
0.001432
0.0010052
0.00044777
0.00018026
5.2939e-05
2.6482e-05
2.6482e-05
0
0
0.00017441
0.00029912
0.00029912
0.00022842
0
7.8744e-05
2.6482e-05
2.6482e-05
0
0
0.00017441
0.00029912
0.00029912
0.00022842
0
7.8744e-05
0.00024441
0.0002731
0.0002731
0.00012015
0
0
0
0
0
0
0
0
0
0
0
0
0
0
0
0
0
0
0
0
0
0
0
0
0
0
0
0
0
0
0
0
0
0
0
0
0
0
0.00037474
0.002878
0
0
0
0
0
0
0
0
1.6823e-05
9.0134e-05
0.00028401
0.00052446
0.00085513
0.000845
0.0011718
0.001853
0.002296
0.0023681
0.0024681
0.0024376
0.0024676
0.0024055
0.0023919
0.0023129
0.0025746
0.0030151
0.0032937
0.0029356
0.0027135
0.0027761
0.002474
0.0018505
0.0012903
0.00062931
0.00025007
7.3889e-05
5.1935e-05
5.1935e-05
5.1935e-05
2.5453e-05
0
0.00023204
0.00037674
0.00037674
0.00025629
0.00011648
9.1477e-05
5.1935e-05
5.1935e-05
2.5453e-05
0
0.00023204
0.00037674
0.00037674
0.00025629
0.00011648
9.1477e-05
0.00014233
0.00014273
0.00015177
0.00013926
0.00011057
2.7711e-05
0
0
9.233e-05
0.0001373
2.721e-05
0
0
0
0
0
0
0
0
0
0
0
0
0
0
0
0
0
0
0
0
0
0
0
0
0
0
0
0
0
0
0
0.00037474
0.002878
0
0
0
0
0
0
0
1.7889e-05
0.00011343
0.00018229
0.00039843
0.00061536
0.0011911
0.0012352
0.0018004
0.0022655
0.0025458
0.0030701
0.0032329
0.0029187
0.0027101
0.0029604
0.0025576
0.0023289
0.0035169
0.0035922
0.0038531
0.0031525
0.0025799
0.0018259
0.0018445
0.0019881
0.0015886
0.0012464
0.00047708
0.00015249
0
0.00013556
0.00021129
0.00027731
0.0002405
0.00044787
0.00035498
0.00039567
0.00054118
0.0005873
0.00054735
0.00013556
0.00021129
0.00027731
0.0002405
0.00044787
0.00035498
0.00039567
0.00054118
0.0005873
0.00054735
0.00050357
0.00039585
0.00046793
0.00029495
0.00025511
0.00019809
0
0.00013532
0.00032719
0.00044248
0.00039562
5.5034e-05
0
0
0.00018611
0.00018611
0.00018611
8.6709e-05
0
0
0
0
0
0
0
0
0
0
0
0
0
0
0
0
0
0
0
0
0
0
0
0
0.00037474
0.002878
0
0
0
0
0
0
0
0.00021548
0.00020079
0.0002495
0.0004856
0.00080611
0.0016353
0.0017376
0.0023207
0.001977
0.0026362
0.0036642
0.0032022
0.0032263
0.0024157
0.0015823
0.0022044
0.0022251
0.0025731
0.0031623
0.0037686
0.0032482
0.0025891
0.0016499
0.0021514
0.0020997
0.0020284
0.0016758
0.00083536
0.00054542
0.00068873
0.0006352
0.00056058
0.00063546
0.00050838
0.00071099
0.00079791
0.00084601
0.0011413
0.00097104
0.0010303
0.0006352
0.00056058
0.00063546
0.00050838
0.00071099
0.00079791
0.00084601
0.0011413
0.00097104
0.0010303
0.00088462
0.00048474
0.0004894
0.00042055
0.00040867
0.00011865
0.00010565
0.00017773
0.00048836
0.00049224
0.00038215
0.00023309
2.7021e-05
8.5179e-05
0.0002529
0.00022588
0.00022588
0.00012796
0
0
0
0
0
0
0
0
0
0
0
0
0
0
0
0
0
0
0
0
0
0
0
0
0.00037474
0.002878
0
0
0
0
0
0
0.00011204
0.00019759
0.00024417
0.0003718
0.00053978
0.00073807
0.0015097
0.001687
0.0018139
0.002355
0.0021753
0.0028529
0.0033389
0.0028329
0.0020397
0.001539
0.0016311
0.0022773
0.0033118
0.0033443
0.0032447
0.002931
0.0026496
0.00243
0.0026732
0.0025801
0.0022208
0.0014586
0.0012577
0.0013576
0.0014924
0.0015499
0.001241
0.00087244
0.00082176
0.00085726
0.0011294
0.0012792
0.0011336
0.00097587
0.00079026
0.0015499
0.001241
0.00087244
0.00082176
0.00085726
0.0011294
0.0012792
0.0011336
0.00097587
0.00079026
0.00046658
0.00045638
0.00057273
0.00052714
0.00060476
0.0004695
0.00017185
0.00013247
0.00018566
0.00031464
0.00026769
0.00020356
0.00031737
0.00034747
0.00041144
0.0003691
0.0002583
0
0
0
0
0
0
0
0
0
0
0
0
0
0
0
0
0
0
0
0
0
0
0
0
0
0.00037474
0.002878
0.00017757
4.4559e-05
0
0
0
0
0.00012624
0.00022473
0.00030535
0.00065284
0.00075379
0.00087998
0.00082134
0.0016446
0.0012783
0.0018037
0.0021688
0.0023752
0.0028557
0.0026713
0.0023318
0.0023135
0.0030919
0.003478
0.0039635
0.0029664
0.0025945
0.0022742
0.0020786
0.0020448
0.002367
0.0020014
0.0016382
0.0012463
0.00083809
0.00085228
0.0010283
0.0012734
0.0011745
0.0010396
0.0010341
0.0010663
0.0013642
0.0011399
0.00093101
0.00075107
0.00039422
0.0012734
0.0011745
0.0010396
0.0010341
0.0010663
0.0013642
0.0011399
0.00093101
0.00075107
0.00039422
0.00052472
0.00076221
0.0013118
0.0012104
0.0011496
0.00072234
0.00037607
0.00012886
7.0339e-05
7.0803e-05
9.4036e-05
0.00032339
0.000442
0.00081048
0.0026584
0.0028188
0.0016487
0.00019907
0
0
0
0
0
0
0
0
0
0
0
0
0
0
0
0
0
0
0
0
0
0
0
0
0.00037474
0.002878
0.00035045
0.00010505
5.812e-05
3.7873e-05
0
0
0.00012047
0.00018107
0.00033265
0.00049529
0.00063216
0.00076651
0.00091455
0.00076665
0.0011441
0.0016718
0.0019235
0.0018504
0.0018404
0.0018195
0.0021843
0.0022883
0.0033426
0.0035352
0.0032442
0.0034038
0.0025196
0.0023374
0.0020996
0.001931
0.0018597
0.0016787
0.0012402
0.0012243
0.0010218
0.0011414
0.0010549
0.00079773
0.00074409
0.00061581
0.00076156
0.0010471
0.0010501
0.00089709
0.00074483
0.00069864
0.00065604
0.00079773
0.00074409
0.00061581
0.00076156
0.0010471
0.0010501
0.00089709
0.00074483
0.00069864
0.00065604
0.00061837
0.0010455
0.0011363
0.0011855
0.0011747
0.0006313
0.00034527
0.00016647
0.00015939
0.00025278
0.00037357
0.0003179
0.00021095
0.0020667
0.0027896
0.0027086
0.0026249
0.000823
0
0
0
0
0
0
0
0
0
0
0
0
0
0
0
0
0
0
0
0
0
0
0
0
0.00037474
0.0029022
0.00088601
0.00054804
0.0002943
0.00014201
0.00011245
0.00014474
0.00016932
0.00022736
0.00025507
0.00030111
0.00051099
0.0007286
0.00088539
0.0013419
0.001431
0.0016561
0.001441
0.0012615
0.0011965
0.0011792
0.0013941
0.0017039
0.0016192
0.0016989
0.0020426
0.0022919
0.0022691
0.0023332
0.0021579
0.0016066
0.0012749
0.0011407
0.00082513
0.00089878
0.00080578
0.00082429
0.00065942
0.00072689
0.00057199
0.00062547
0.00073137
0.00070944
0.0006119
0.00066698
0.00055257
0.00064298
0.00062598
0.00072689
0.00057199
0.00062547
0.00073137
0.00070944
0.0006119
0.00066698
0.00055257
0.00064298
0.00062598
0.000578
0.00071223
0.00081793
0.00074556
0.00053447
0.00026369
0.00028447
0.00022213
0.00022621
0.00054344
0.000504
0.0004735
0.00036563
0.00020612
0.0020248
0.0022456
0.00123
6.2874e-05
0
0
0
0
0
0
0
0
0
0
0
0
0
0
0
0
0
0
0
0
0
0
0
0
0.00037474
0.0029579
0.001512
0.001496
0.00061952
0.00054403
0.00081315
0.0050759
0.0050002
0.00032328
0.00022864
0.00014615
0.00024076
0.00053053
0.0011294
0.0015011
0.0016904
0.0015893
0.0011973
0.00095209
0.00066364
0.0005978
0.000636
0.00077411
0.00079979
0.00089251
0.0012087
0.0014721
0.0016602
0.0014757
0.0011704
0.0010887
0.00096531
0.00096792
0.00098115
0.0010335
0.00064002
0.00048015
0.00026163
0.00028868
0.00042214
0.00049878
0.00042874
0.00030185
0.00029683
0.00037917
0.00053841
0.00094762
0.0015123
0.00028868
0.00042214
0.00049878
0.00042874
0.00030185
0.00029683
0.00037917
0.00053841
0.00094762
0.0015123
0.001081
0.00059713
0.00072947
0.00072124
0.00067191
0.00050525
0.00038011
0.00027238
0.00028246
0.00036424
0.00042566
0.0003385
0.00014784
0.0001317
0.00010934
2.7511e-05
0
0
0
0
0
0
0
0
0
0
0
0
0
0
0
0
0
0
0
0
0
0
0
0
0
0
0.00037474
0.0029309
0.0022885
0.0018572
0.0012574
0.0010392
0.005319
0.0058219
0.0055748
0.0055141
0.00032353
0.00028666
0.00035158
0.00051415
0.00093993
0.0013423
0.0014629
0.0011323
0.00064981
0.00056859
0.00039901
0.00042641
0.00036351
0.0010995
0.0016416
0.0019237
0.0022333
0.0012981
0.0011702
0.001
0.0010036
0.0010255
0.0010524
0.00088685
0.00093599
0.0008626
0.00073285
0.00065693
0.00065087
0.0005858
0.00058252
0.00046227
0.0003055
0.0001428
4.6165e-05
0.0001925
0.00057517
0.0022101
0.0022338
0.0005858
0.00058252
0.00046227
0.0003055
0.0001428
4.6165e-05
0.0001925
0.00057517
0.0022101
0.0022338
0.0022362
0.0019197
0.00058831
0.00059387
0.00051082
0.0002722
0.00026878
0.00016529
0.00010067
0.0001221
0.00012128
8.6935e-05
0.00014641
0.00010934
0.00010934
0.00010934
2.7511e-05
0
0
0
0
0
0
0
0
0
0
0
0
0
0
0
0
0
0
0
0
0
0
0
0
0
0.00037474
0.0019846
0.0026948
0.0021729
0.0017112
0.0012578
0.0058684
0.006288
0.0062647
0.0060872
0.00086528
0.00051992
0.00036046
0.00035661
0.00047836
0.00071614
0.00058481
0.00052643
0.00047812
0.00035445
0.00023642
0.00024609
0.0002589
0.00084875
0.0016543
0.0016629
0.001672
0.0008586
0.00066674
0.0007489
0.00068941
0.00075979
0.00088492
0.00077249
0.00059803
0.00038593
0.00057711
0.00064465
0.00066925
0.00066595
0.000487
0.00035193
0.00022804
4.905e-05
1.5405e-05
5.0204e-05
6.3075e-05
0.00025971
0.00099579
0.00066595
0.000487
0.00035193
0.00022804
4.905e-05
1.5405e-05
5.0204e-05
6.3075e-05
0.00025971
0.00099579
0.00071924
0.00030237
0.00028952
0.00027532
0.00029803
0.00032275
0.00023153
0.00041137
0.00034951
0.00051583
0.00050859
0.00027666
0.00030691
0.00013227
0.00013739
5.4796e-05
0
0
0
0
0
0
0
0
0
0
0
0
0
0
0
0
0
0
0
0
0
0
0
0
0
0
0.00037474
0.0013594
0.0030857
0.003092
0.00232
0.0016871
0.001362
0.0066275
0.0065014
0.0021263
0.0011401
0.00061607
0.00041105
0.00037273
0.0003211
0.00027128
0.00027326
0.00026863
0.00038751
0.00065661
0.00063534
0.00058056
0.00049312
0.00050651
0.00064964
0.00063253
0.00062999
0.00052071
0.00048294
0.00042484
0.00047004
0.00048182
0.00041524
0.00033614
0.0001961
0.00016018
0.00029108
0.00037262
0.00039194
0.00040303
0.00025571
0.00015742
0.00010045
0.00010063
6.6475e-05
0.00010615
9.9994e-05
0.00010032
8.4916e-05
0.00040303
0.00025571
0.00015742
0.00010045
0.00010063
6.6475e-05
0.00010615
9.9994e-05
0.00010032
8.4916e-05
3.6731e-05
0.00013389
0.00021039
0.00027819
0.00039221
0.00031761
0.00063608
0.0010264
0.00097544
0.00094076
0.00069301
0.00043253
0.00021524
0.00022321
0.00018102
0.00013249
4.6905e-05
0
0
0
0
0
0
0
0
0
0
0
0
0
0
0
0
0
0
0
0
0
0
0
0
0
0.00037474
0.0012687
0.0038772
0.0031852
0.002403
0.0015723
0.0013493
0.0016435
0.0016402
0.0016692
0.0011987
0.00086324
0.00079826
0.0004343
0.00023918
0.00015359
0.00014457
0.00053197
0.0011916
0.0017561
0.0017162
0.0012129
0.00065839
0.00053216
0.00063503
0.00046137
0.00044646
0.00028641
0.00029641
0.00039687
0.00051111
0.00046754
0.00033281
5.9738e-05
6.6663e-05
0.00013523
0.00030471
0.00038682
0.00055262
0.00047584
0.00024418
0.00014992
0.00015275
0.00031874
0.00036405
0.00033527
0.00013976
0.00016745
0.00029441
0.00047584
0.00024418
0.00014992
0.00015275
0.00031874
0.00036405
0.00033527
0.00013976
0.00016745
0.00029441
0.00036025
0.00062447
0.00058079
0.0003634
0.00018673
0.00027768
0.00076186
0.00094544
0.0010279
0.00086311
0.00051477
0.0003463
0.0002603
0.0003323
0.00039524
0.00031328
0.0001973
0.00010213
0.00031442
0.00031619
0.00042701
0.000234
0.00011645
0.00011665
5.324e-05
0
0
0
0
0
0
0
0
0
0
0
0
0
0
0
0
0
0.00037474
0.00071407
0.00489
0.0043984
0.0037223
0.0029474
0.0019358
0.0018393
0.0012803
0.0012606
0.00087963
0.0012205
0.0014512
0.001429
0.0012427
0.00065595
0.00031672
0.00045561
0.0011694
0.0012568
0.0014699
0.0011809
0.00080423
0.00052262
0.00038245
0.00024112
0.00032959
0.0003576
0.00026062
0.0003769
0.00064597
0.00073834
0.00068151
0.00032298
0.00010649
8.9218e-05
0.00027069
0.00055779
0.00072638
0.00072694
0.00046305
0.00024058
0.00060525
0.00098769
0.00090697
0.00076428
0.00052062
0.00045045
0.00076103
0.00072694
0.00046305
0.00024058
0.00060525
0.00098769
0.00090697
0.00076428
0.00052062
0.00045045
0.00076103
0.0010727
0.0010424
0.00090941
0.00067718
0.00040118
0.00034635
0.00060181
0.00077214
0.00088132
0.00082964
0.00093732
0.00098229
0.0010136
0.00069819
0.00071846
0.00074046
0.00075091
0.00055356
0.00086513
0.00084025
0.0007923
0.0007136
0.00045639
0.0001988
5.324e-05
5.324e-05
0
0
0
0
0
0
0
0
0
0
0
0
0
0
0
0
0.00037474
0.00043435
0.0074567
0.0069007
0.0055828
0.0049992
0.0034482
0.0028987
0.0017925
0.0013786
0.0012279
0.0016321
0.0022617
0.0024583
0.0023339
0.0014436
0.00069889
0.00044703
0.00032986
0.00055517
0.00092558
0.0011631
0.0012496
0.0012307
0.0011074
0.00082392
0.00061203
0.00072859
0.00069997
0.00048036
0.00064524
0.00069162
0.00044135
0.00034553
0.00039684
0.00048266
0.00059999
0.00059283
0.00077421
0.0010715
0.001309
0.0013011
0.0012225
0.0011402
0.00087307
0.00062329
0.00044096
0.00039238
0.00072819
0.0010715
0.001309
0.0013011
0.0012225
0.0011402
0.00087307
0.00062329
0.00044096
0.00039238
0.00072819
0.0010765
0.0013898
0.0016105
0.0010912
0.00077421
0.00070645
0.00051406
0.00053064
0.00078587
0.00096249
0.0015346
0.0018139
0.0019181
0.0019759
0.0021653
0.0017874
0.0017834
0.0013051
0.0010234
0.0010433
0.001213
0.0008406
0.00060141
0.00037646
5.324e-05
5.324e-05
0
0
0
0
0
0
0
0
0
0
0
0
0
0
0
0
0.00037474
0.0004683
0.0093908
0.0082023
0.0079843
0.0077743
0.0087311
0.0084237
0.0067395
0.0036357
0.0020107
0.0017176
0.0023794
0.0024671
0.0024599
0.0020183
0.00099084
0.0006649
0.00057325
0.00056947
0.00091052
0.0013185
0.0017218
0.0016209
0.0014555
0.0013105
0.001151
0.001295
0.0012631
0.0010964
0.0007716
0.00063148
0.00039939
0.00038659
0.0006174
0.00084601
0.0011418
0.0012053
0.0013669
0.0015454
0.0016993
0.0015922
0.0013519
0.00089597
0.00099491
0.00078777
0.00082249
0.0015056
0.0024654
0.0015454
0.0016993
0.0015922
0.0013519
0.00089597
0.00099491
0.00078777
0.00082249
0.0015056
0.0024654
0.0029155
0.0023952
0.0019606
0.0025885
0.0022799
0.001849
0.0015193
0.0009955
0.0012455
0.0016061
0.0020771
0.0024547
0.0024535
0.0026207
0.002824
0.0030827
0.0029067
0.0023609
0.0016312
0.0010895
0.0015469
0.00090572
0.00066522
0.00051174
5.324e-05
0
0
0
0
0
0
0
0
0
0
0
0
0
0
0
0
0
0.00037474
0.00049248
0.010421
0.0094363
0.011959
0.013202
0.013139
0.012258
0.011213
0.0084096
0.0060872
0.0040679
0.0023904
0.0023754
0.0022666
0.0026293
0.0021733
0.0018151
0.0012669
0.0011825
0.0010112
0.0011747
0.002059
0.0027779
0.0025915
0.002268
0.0021412
0.0020566
0.0020384
0.003526
0.0032956
0.0030159
0.0026306
0.0004723
0.00046901
0.00073388
0.0011557
0.001386
0.0017077
0.0015008
0.001122
0.0010305
0.0011581
0.0018945
0.0024838
0.002145
0.0023912
0.0036615
0.0048645
0.0015008
0.001122
0.0010305
0.0011581
0.0018945
0.0024838
0.002145
0.0023912
0.0036615
0.0048645
0.0052232
0.0066274
0.0065286
0.0061299
0.0056812
0.0042978
0.0032934
0.0028331
0.0029814
0.0027718
0.0023421
0.0024894
0.0022949
0.0028187
0.0035213
0.0042505
0.0041875
0.0031916
0.0020585
0.0011708
0.0013819
0.0012889
0.00092538
0.00064406
0
0
0
0
0
0
0
0
0
0
0
0
0
0
0
0
0
0
0.00037474
0.00071407
0.013099
0.013704
0.013637
0.014406
0.016525
0.015651
0.015732
0.012379
0.0083556
0.0053771
0.0035362
0.0030876
0.0030714
0.0027812
0.0029609
0.0029299
0.00247
0.0020488
0.0017923
0.0021302
0.0041383
0.0062545
0.0064422
0.0064904
0.0047351
0.0048433
0.0055114
0.0049625
0.0058876
0.0044056
0.004066
0.001564
0.0023582
0.0027548
0.0034
0.0032535
0.0030443
0.0028689
0.0033388
0.0038792
0.0047136
0.0053063
0.0056805
0.0056001
0.0066086
0.0083183
0.0092233
0.0028689
0.0033388
0.0038792
0.0047136
0.0053063
0.0056805
0.0056001
0.0066086
0.0083183
0.0092233
0.0090574
0.009212
0.008593
0.0084879
0.0078988
0.0070404
0.0063556
0.0064434
0.0059226
0.004734
0.0040143
0.0039473
0.0039704
0.0040262
0.0047754
0.0055928
0.0048428
0.0045703
0.003577
0.0019422
0.0021325
0.0023717
0.001516
0.00071846
0.00028444
0
0
0
0
0
0
0
0
0
0
0
0
0
0
0
0
0
0.00037474
0.00080812
0.016306
0.017069
0.014381
0.014126
0.017089
0.01554
0.01611
0.013623
0.0097515
0.0059008
0.00429
0.0031295
0.0037197
0.0042168
0.0042631
0.0044895
0.0046826
0.0047945
0.0045606
0.0045792
0.0061486
0.0084329
0.0098084
0.0097517
0.0096741
0.0093135
0.008971
0.0081689
0.0063952
0.0052263
0.0047609
0.0043966
0.004891
0.0071042
0.0082592
0.008452
0.0090281
0.0072004
0.0078377
0.0082908
0.010079
0.0097502
0.010012
0.013222
0.01495
0.01564
0.016182
0.0072004
0.0078377
0.0082908
0.010079
0.0097502
0.010012
0.013222
0.01495
0.01564
0.016182
0.012777
0.011028
0.010543
0.010469
0.0098001
0.010282
0.011423
0.01154
0.011711
0.012018
0.011867
0.012404
0.01042
0.0083286
0.006082
0.0062667
0.0075346
0.0070386
0.0060673
0.0061303
0.0056343
0.004307
0.0021396
0.0011165
0.00036566
6.0491e-05
0
0
0
0
0
0
0
0
0
0
0
0
0
0
0
0
0.00037474
0.00083055
0.02033
0.020598
0.017821
0.016886
0.015242
0.013796
0.01438
0.014148
0.0098736
0.0069704
0.0051452
0.004703
0.0047272
0.0074874
0.0092143
0.010713
0.0090442
0.0069831
0.0072168
0.0078683
0.0091785
0.010284
0.011892
0.01165
0.011181
0.0095552
0.0082123
0.0075406
0.0075792
0.0084196
0.00821
0.007776
0.00949
0.015573
0.019499
0.019215
0.017737
0.018015
0.018708
0.019116
0.020524
0.020536
0.020444
0.020281
0.022682
0.021501
0.020641
0.018015
0.018708
0.019116
0.020524
0.020536
0.020444
0.020281
0.022682
0.021501
0.020641
0.018433
0.023531
0.026302
0.03108
0.029416
0.023025
0.017711
0.018727
0.020536
0.019143
0.022996
0.019845
0.016458
0.013193
0.0077962
0.0073913
0.0095696
0.009539
0.0090143
0.0098166
0.0088141
0.0070144
0.00453
0.0018716
0.00074766
0.00030062
3.1186e-05
0
0
0
0
0
0.00026163
0
0
0
0
0
0
0
0
0
0.00037474
0.00095077
0.023643
0.022149
0.023189
0.022013
0.01754
0.017793
0.016806
0.016411
0.013031
0.0094615
0.0081689
0.0054341
0.0066794
0.010112
0.010932
0.01207
0.012216
0.0086864
0.009079
0.010347
0.013131
0.016019
0.015639
0.013899
0.011682
0.010879
0.011849
0.011453
0.012565
0.015647
0.015737
0.013385
0.020738
0.024518
0.029906
0.037469
0.029983
0.03044
0.030052
0.030907
0.034702
0.035451
0.03199
0.033453
0.035141
0.037623
0.040591
0.03044
0.030052
0.030907
0.034702
0.035451
0.03199
0.033453
0.035141
0.037623
0.040591
0.049919
0.05246
0.055234
0.052844
0.04018
0.038167
0.03183
0.030246
0.027773
0.028109
0.031046
0.033903
0.029581
0.021234
0.011979
0.013847
0.014478
0.014323
0.013428
0.012342
0.009449
0.0077489
0.0068916
0.0046904
0.0022467
0.00090704
0.00017474
0.000301
0.00014118
9.9192e-05
0
0.00026163
0.00041778
0.00030213
0
0
0
0
0
0
0
0
0.00037474
0.0011779
0.027788
0.026442
0.025196
0.026071
0.024066
0.020405
0.017374
0.017749
0.01664
0.0138
0.013843
0.009895
0.0060162
0.0085488
0.012228
0.012419
0.013571
0.013241
0.013778
0.015393
0.018513
0.019837
0.019526
0.017566
0.017538
0.017582
0.017224
0.019427
0.021389
0.023852
0.025711
0.022499
0.021164
0.026156
0.035231
0.042985
0.052445
0.046931
0.042568
0.048107
0.048624
0.049328
0.045924
0.063252
0.066044
0.073516
0.074832
0.046931
0.042568
0.048107
0.048624
0.049328
0.045924
0.063252
0.066044
0.073516
0.074832
0.068832
0.074611
0.071802
0.06031
0.055289
0.049897
0.052974
0.050073
0.045498
0.046567
0.047735
0.045422
0.039916
0.034537
0.024813
0.02252
0.021402
0.022198
0.019091
0.015497
0.010951
0.011057
0.011012
0.0099592
0.0059148
0.0021558
0.00063578
0.00066127
0.00066534
0.00042845
0.000236
0.00053628
0.00053628
0.00039131
0
0
0
0
0
0
0
0
0.00037474
0.001332
0.029955
0.030976
0.033623
0.036685
0.035577
0.031588
0.024825
0.020558
0.017361
0.016242
0.016873
0.014372
0.010202
0.0078615
0.0082047
0.010323
0.01458
0.01694
0.019095
0.019459
0.020609
0.021635
0.022366
0.021147
0.023164
0.02784
0.034423
0.036756
0.035187
0.035021
0.031761
0.029253
0.033251
0.031622
0.048509
0.061529
0.071791
0.073183
0.065797
0.066293
0.072858
0.06865
0.057213
0.077075
0.085105
0.10022
0.095775
0.073183
0.065797
0.066293
0.072858
0.06865
0.057213
0.077075
0.085105
0.10022
0.095775
0.094786
0.091094
0.10616
0.11219
0.10119
0.081267
0.075942
0.061029
0.055844
0.05218
0.043204
0.03976
0.041851
0.038876
0.034514
0.034765
0.031171
0.034393
0.033757
0.027587
0.019605
0.01435
0.014163
0.012659
0.0089254
0.003567
0.0013762
0.0013721
0.0010594
0.00059504
0.00095156
0.00101
0.0010383
0.00062718
9.9932e-05
0
0
0
0
0
0
0
0.00037474
0.0014256
0.032884
0.034394
0.036636
0.039144
0.038824
0.041149
0.032146
0.023549
0.020891
0.018715
0.01576
0.014005
0.014246
0.010054
0.0093292
0.012472
0.019422
0.024035
0.028872
0.024617
0.028323
0.031802
0.032916
0.044479
0.059899
0.070913
0.070467
0.063568
0.050461
0.046149
0.040256
0.039524
0.042007
0.047347
0.05876
0.073109
0.084719
0.085834
0.074603
0.081933
0.088357
0.084399
0.08417
0.087561
0.10047
0.12594
0.13317
0.085834
0.074603
0.081933
0.088357
0.084399
0.08417
0.087561
0.10047
0.12594
0.13317
0.1297
0.12777
0.13159
0.12659
0.12516
0.11509
0.10342
0.10514
0.11594
0.096094
0.080202
0.041283
0.044107
0.05166
0.049933
0.04741
0.042569
0.049296
0.044346
0.037151
0.026575
0.019507
0.017123
0.015561
0.010921
0.0042947
0.0030161
0.0024535
0.0015624
0.0012598
0.0013162
0.0012866
0.0012506
0.0011015
0.00016077
0
0
0
0
0
0
0
0.00037474
0.0014256
0.036273
0.034016
0.037041
0.039603
0.040503
0.04189
0.034917
0.028782
0.022115
0.017075
0.017101
0.015602
0.015752
0.014673
0.015992
0.017638
0.025581
0.033109
0.038482
0.044653
0.045918
0.050323
0.056674
0.061528
0.08194
0.092862
0.09397
0.076326
0.063218
0.060557
0.062316
0.062716
0.074988
0.084192
0.096324
0.11635
0.12039
0.11792
0.11557
0.10495
0.10388
0.11093
0.10605
0.11944
0.12336
0.11955
0.12533
0.11792
0.11557
0.10495
0.10388
0.11093
0.10605
0.11944
0.12336
0.11955
0.12533
0.15533
0.20057
0.20647
0.18001
0.16164
0.16378
0.16228
0.16707
0.16167
0.14176
0.13206
0.093879
0.07023
0.07344
0.074929
0.075697
0.069877
0.082321
0.074079
0.052831
0.033685
0.021169
0.017672
0.014
0.010351
0.0064552
0.0045663
0.0027637
0.0020928
0.0013903
0.0014868
0.0016415
0.0016035
0.001221
0.00020787
0
0
0
0
0
0
0
0.00037474
0.001589
0.041682
0.035589
0.033672
0.037485
0.03874
0.039179
0.037925
0.033551
0.025821
0.020667
0.017982
0.01685
0.017792
0.021905
0.021653
0.019176
0.024292
0.040124
0.051418
0.061613
0.071777
0.076558
0.079654
0.07208
0.08404
0.092385
0.098926
0.099678
0.10286
0.099811
0.10434
0.10559
0.10755
0.11443
0.11159
0.1066
0.1151
0.13481
0.15701
0.16789
0.16793
0.17033
0.14514
0.15615
0.14811
0.14099
0.18746
0.13481
0.15701
0.16789
0.16793
0.17033
0.14514
0.15615
0.14811
0.14099
0.18746
0.23432
0.28357
0.31465
0.27128
0.24089
0.21105
0.2009
0.18566
0.17448
0.1666
0.15607
0.12556
0.10882
0.10745
0.11227
0.12244
0.14559
0.13683
0.11997
0.087421
0.047255
0.037584
0.022574
0.014776
0.011055
0.0085547
0.0066069
0.0039607
0.0033597
0.0021584
0.0016406
0.0021964
0.0020249
0.001547
0.00020787
0
0
0
0
0
0
0
0.00037474
0.0018129
0.048309
0.040627
0.031128
0.029251
0.034765
0.039182
0.038157
0.035823
0.032733
0.028953
0.025305
0.023739
0.023979
0.024586
0.026933
0.030904
0.038756
0.051735
0.06751
0.077616
0.087572
0.097095
0.1038
0.093927
0.087818
0.082987
0.094602
0.12087
0.13832
0.15574
0.15051
0.14134
0.12867
0.13367
0.12404
0.11205
0.11741
0.13296
0.15461
0.21847
0.22005
0.25102
0.30718
0.28696
0.29537
0.24283
0.20468
0.13296
0.15461
0.21847
0.22005
0.25102
0.30718
0.28696
0.29537
0.24283
0.20468
0.2485
0.26621
0.31351
0.31196
0.30098
0.28835
0.26298
0.23068
0.22022
0.2279
0.22745
0.19365
0.1257
0.1305
0.14315
0.1636
0.22128
0.21751
0.20528
0.18643
0.10006
0.066456
0.0359
0.022227
0.013004
0.010926
0.0088484
0.0076271
0.0041687
0.0029704
0.0026277
0.0024945
0.0019085
0.0012912
0.00020675
0
0
0
0
0
0
0
0.00037474
0.0018129
0.057122
0.046031
0.036024
0.036861
0.041688
0.047828
0.045299
0.043282
0.035868
0.0346
0.03299
0.029707
0.033317
0.030996
0.035199
0.039345
0.045344
0.064031
0.085165
0.098437
0.10951
0.10945
0.10376
0.090441
0.077759
0.085323
0.11539
0.13637
0.16495
0.17888
0.16757
0.16202
0.15917
0.17668
0.19419
0.18201
0.17304
0.15862
0.15521
0.21414
0.22125
0.26016
0.30507
0.33778
0.3225
0.29014
0.24719
0.15862
0.15521
0.21414
0.22125
0.26016
0.30507
0.33778
0.3225
0.29014
0.24719
0.24067
0.27165
0.35445
0.38896
0.43173
0.38321
0.37776
0.3476
0.29693
0.3028
0.28351
0.24629
0.19644
0.18372
0.16886
0.17414
0.21436
0.19948
0.20718
0.18778
0.12707
0.10019
0.056541
0.028006
0.014877
0.013546
0.012157
0.0096782
0.0067035
0.0039812
0.0036268
0.0024011
0.0018482
0.0013267
0.00038073
0
0
0
0
0
0
0
0.00037474
0.0020549
0.063284
0.055612
0.050091
0.048667
0.050743
0.053679
0.053613
0.049235
0.03844
0.037603
0.036902
0.032928
0.033998
0.033219
0.036799
0.041635
0.042322
0.066517
0.089985
0.1122
0.12443
0.12098
0.11786
0.10087
0.098421
0.12016
0.151
0.18131
0.18453
0.15466
0.14929
0.15232
0.18565
0.21037
0.22362
0.22902
0.23787
0.23949
0.24357
0.2526
0.24429
0.28523
0.34416
0.35894
0.37635
0.3557
0.32782
0.23949
0.24357
0.2526
0.24429
0.28523
0.34416
0.35894
0.37635
0.3557
0.32782
0.36099
0.36156
0.4244
0.47486
0.52775
0.56301
0.51392
0.47127
0.42994
0.3384
0.34413
0.35243
0.3155
0.27851
0.21261
0.17276
0.15828
0.18044
0.17866
0.14557
0.12018
0.10136
0.060859
0.027643
0.015751
0.015093
0.011926
0.0098061
0.0073196
0.0040342
0.0030426
0.0023306
0.0018426
0.0010685
0.00038073
0
0
0
0
0
0
0
0.00037474
0.0022644
0.069928
0.070374
0.064029
0.057208
0.060447
0.059124
0.058985
0.056376
0.050716
0.044404
0.041589
0.038698
0.034625
0.033894
0.037156
0.040819
0.054567
0.07707
0.10776
0.14006
0.15316
0.14364
0.13881
0.13618
0.12912
0.13821
0.1778
0.18965
0.19186
0.17755
0.185
0.18292
0.18636
0.19577
0.20894
0.21667
0.23791
0.3063
0.30853
0.31032
0.3126
0.35741
0.41831
0.45106
0.4527
0.43803
0.44657
0.3063
0.30853
0.31032
0.3126
0.35741
0.41831
0.45106
0.4527
0.43803
0.44657
0.43768
0.43161
0.45622
0.52737
0.56889
0.58119
0.57588
0.52353
0.47144
0.44683
0.36547
0.36601
0.33372
0.29512
0.25774
0.17773
0.15314
0.15188
0.13048
0.12716
0.1101
0.085132
0.056289
0.032907
0.018649
0.013896
0.011339
0.0097255
0.006725
0.0039886
0.0027894
0.0021528
0.0012906
0.00071718
0.00014807
0
0
0
0
0
0
0
0.00037474
0.0023513
0.075516
0.077021
0.068513
0.065583
0.066511
0.073496
0.077359
0.079447
0.079208
0.069468
0.059014
0.053566
0.045462
0.042299
0.040848
0.043793
0.06737
0.12171
0.18763
0.22381
0.21539
0.20005
0.17907
0.17593
0.18219
0.19217
0.20151
0.2026
0.23281
0.24093
0.26338
0.26346
0.24514
0.25099
0.25994
0.26947
0.29222
0.3111
0.33547
0.36779
0.41851
0.46288
0.49507
0.53597
0.53669
0.53483
0.53122
0.3111
0.33547
0.36779
0.41851
0.46288
0.49507
0.53597
0.53669
0.53483
0.53122
0.57061
0.60261
0.57648
0.68514
0.70366
0.71985
0.65188
0.55957
0.48397
0.39903
0.32239
0.26726
0.29184
0.25914
0.23099
0.22993
0.23641
0.20045
0.14415
0.1305
0.1188
0.09294
0.060339
0.03281
0.022627
0.014184
0.012012
0.0089518
0.0044718
0.0031711
0.0023467
0.0018237
0.0011809
0.00054907
0
0
0
0
0
0
0
0
0.00037474
0.0025055
0.081194
0.078501
0.07885
0.076436
0.07629
0.080515
0.090757
0.10279
0.094615
0.081108
0.079144
0.067847
0.059823
0.04952
0.047541
0.054322
0.087205
0.16434
0.22208
0.27222
0.28255
0.24776
0.21196
0.21487
0.21355
0.21288
0.2426
0.24684
0.25771
0.27867
0.29421
0.28244
0.28269
0.30148
0.33645
0.34497
0.37493
0.39181
0.46578
0.49
0.53275
0.56831
0.64637
0.71579
0.75521
0.81364
0.80164
0.39181
0.46578
0.49
0.53275
0.56831
0.64637
0.71579
0.75521
0.81364
0.80164
0.75738
0.74213
0.69889
0.66237
0.70121
0.70657
0.68694
0.62958
0.51781
0.44889
0.33702
0.27919
0.32872
0.33779
0.35117
0.35473
0.31238
0.26515
0.18388
0.14012
0.11809
0.10075
0.070908
0.038741
0.02367
0.015761
0.0096855
0.0066279
0.0040296
0.0024538
0.0013832
0.00099659
0.00082836
0.00021099
0
0
0
0
0
0
0
0
0.00037474
0.0025055
0.075306
0.07804
0.089506
0.084875
0.089581
0.098948
0.10232
0.11002
0.10448
0.095722
0.08104
0.074982
0.083426
0.089502
0.089358
0.096484
0.11865
0.16495
0.21284
0.24703
0.25943
0.2466
0.25481
0.23657
0.22803
0.24278
0.23349
0.23633
0.25103
0.2416
0.26171
0.2724
0.27883
0.30843
0.34877
0.3667
0.4055
0.46339
0.51951
0.55468
0.59969
0.67155
0.77734
0.86832
0.99211
0.97012
0.96329
0.46339
0.51951
0.55468
0.59969
0.67155
0.77734
0.86832
0.99211
0.97012
0.96329
0.88818
0.80436
0.78555
0.72339
0.58899
0.68423
0.70501
0.71499
0.64384
0.45479
0.3696
0.38438
0.39858
0.36863
0.34837
0.35881
0.31646
0.26907
0.17203
0.11336
0.12234
0.10026
0.081753
0.049146
0.029077
0.020562
0.010578
0.0062497
0.0033348
0.0014991
0.00086283
0.00050766
0.00035253
0
0
0
0
0
0
0
0
0
0.00037474
0.0025011
0.076063
0.08212
0.090303
0.089829
0.10614
0.099911
0.10551
0.10352
0.098545
0.095497
0.081694
0.086349
0.094596
0.10918
0.11852
0.12582
0.19396
0.23163
0.27386
0.26597
0.2581
0.26287
0.265
0.28326
0.29365
0.27877
0.27133
0.25746
0.24413
0.25827
0.25538
0.27958
0.33888
0.36958
0.40501
0.42764
0.45439
0.52005
0.59371
0.69022
0.73496
0.78457
0.86918
0.84716
0.88373
0.89541
0.91007
0.52005
0.59371
0.69022
0.73496
0.78457
0.86918
0.84716
0.88373
0.89541
0.91007
0.88043
0.86436
0.83098
0.87574
0.84453
0.80075
0.73076
0.69133
0.55452
0.48036
0.41473
0.3936
0.38528
0.39607
0.33988
0.24731
0.21014
0.17289
0.11463
0.085914
0.10078
0.085712
0.075527
0.060002
0.0301
0.02179
0.013329
0.0063186
0.0024394
0.0012031
0.00065237
0.00029489
0.00023807
0
0
0
0
0
0
0
0
0
0.00037474
0.0026508
0.078965
0.09172
0.097767
0.097881
0.10192
0.095086
0.099199
0.10293
0.10435
0.10128
0.1031
0.10303
0.1066
0.11922
0.11229
0.12307
0.20741
0.286
0.37073
0.36399
0.31693
0.28822
0.29833
0.35586
0.38729
0.38636
0.34588
0.30699
0.27818
0.26689
0.25891
0.26782
0.29156
0.32555
0.36675
0.4048
0.45053
0.50362
0.58304
0.67168
0.7636
0.81968
0.86577
0.90403
0.86181
0.84293
0.91298
0.50362
0.58304
0.67168
0.7636
0.81968
0.86577
0.90403
0.86181
0.84293
0.91298
0.90752
0.86358
0.90657
0.91263
0.90733
0.87087
0.69201
0.60211
0.56721
0.53168
0.51352
0.44017
0.37359
0.34667
0.27929
0.24667
0.19115
0.12374
0.081389
0.058927
0.068776
0.065722
0.061395
0.049287
0.026935
0.018943
0.011143
0.00584
0.0019815
0.00090001
0.00056055
0.00023807
8.1767e-05
0
0
0
0
0
0
0
0
0
0.00037474
0.0027349
0.088296
0.096813
0.1003
0.098229
0.08936
0.086727
0.08388
0.082738
0.099084
0.10903
0.1064
0.11818
0.11822
0.11985
0.11472
0.1113
0.16846
0.29152
0.40215
0.43113
0.37961
0.35578
0.40074
0.42641
0.45304
0.41704
0.3343
0.31669
0.28484
0.272
0.26541
0.27026
0.27825
0.28368
0.3202
0.35714
0.41005
0.47905
0.52947
0.61424
0.67847
0.80327
0.88053
0.97624
1
0.97999
0.95598
0.47905
0.52947
0.61424
0.67847
0.80327
0.88053
0.97624
1
0.97999
0.95598
0.90869
0.9236
0.80804
0.88693
0.87889
0.83309
0.75978
0.64269
0.60003
0.56378
0.51553
0.40524
0.2943
0.23392
0.2116
0.18543
0.14493
0.089249
0.059344
0.039418
0.034841
0.041704
0.037843
0.026341
0.020508
0.015249
0.0088674
0.0052197
0.0013602
0.00076814
0.00026508
8.1767e-05
8.1767e-05
0
0
0
0
0
0
0
0
0
0.00037474
0.002843
0.095488
0.099822
0.10502
0.096268
0.084451
0.084826
0.077637
0.084168
0.095933
0.10376
0.1099
0.11738
0.12524
0.13141
0.12844
0.13328
0.19098
0.32475
0.44055
0.47486
0.49544
0.47622
0.49402
0.50223
0.44082
0.33374
0.29466
0.29283
0.2991
0.3078
0.28925
0.27063
0.27508
0.30159
0.31265
0.34041
0.38827
0.43007
0.4888
0.59535
0.63808
0.69474
0.80005
0.88145
0.8912
0.94162
0.9212
0.43007
0.4888
0.59535
0.63808
0.69474
0.80005
0.88145
0.8912
0.94162
0.9212
0.93415
0.9314
0.81835
0.8119
0.83972
0.86216
0.77937
0.60397
0.49466
0.40132
0.37531
0.30235
0.19289
0.14029
0.11947
0.1036
0.087
0.053664
0.033021
0.026454
0.024353
0.020994
0.017571
0.016373
0.014726
0.010673
0.0068184
0.0040784
0.0012073
0.00028705
8.1767e-05
8.1767e-05
0
0
0
0
0
0
0
0
0
0
0.00037474
0.002843
0.096917
0.10958
0.11007
0.094355
0.088131
0.083257
0.083748
0.094289
0.096015
0.1041
0.10501
0.10051
0.1054
0.13184
0.1361
0.14167
0.19565
0.32312
0.46923
0.5699
0.5409
0.50386
0.49531
0.45703
0.39489
0.30699
0.25273
0.2533
0.26813
0.26089
0.23811
0.23488
0.24331
0.25939
0.25815
0.25785
0.2821
0.35291
0.40024
0.46568
0.50303
0.55427
0.6264
0.69654
0.72114
0.71001
0.7729
0.35291
0.40024
0.46568
0.50303
0.55427
0.6264
0.69654
0.72114
0.71001
0.7729
0.85383
0.80709
0.71697
0.73124
0.66171
0.65597
0.55744
0.4007
0.28654
0.22544
0.21223
0.1773
0.13122
0.11138
0.081826
0.061
0.039975
0.024576
0.018286
0.017998
0.01851
0.018966
0.015649
0.015365
0.0093868
0.0074458
0.0051177
0.0014655
0.00077197
0.00015642
0
0
0
0
0
0
0
0
0
0
0
0
0.00037474
0.0027047
0.094057
0.11736
0.1191
0.094106
0.091769
0.089955
0.09178
0.098399
0.10718
0.11248
0.09374
0.10113
0.11809
0.13156
0.13895
0.14503
0.17909
0.32518
0.46999
0.56724
0.56992
0.51268
0.44103
0.39265
0.34647
0.30659
0.24903
0.21869
0.22164
0.21447
0.20056
0.20963
0.22226
0.22852
0.2377
0.229
0.26249
0.33679
0.35842
0.38441
0.39737
0.46634
0.60728
0.70735
0.71267
0.68772
0.74079
0.33679
0.35842
0.38441
0.39737
0.46634
0.60728
0.70735
0.71267
0.68772
0.74079
0.74873
0.72984
0.58286
0.60526
0.55612
0.42626
0.32426
0.23589
0.15725
0.12281
0.11884
0.15716
0.1405
0.11215
0.075812
0.047067
0.029393
0.017911
0.015875
0.01363
0.012802
0.01457
0.014694
0.012161
0.008686
0.0048519
0.0032242
0.00090016
0.00031304
0
0
0
0
0
0
0
0
0
0
0
0
0
