0
0
0
0
0
0
0
0
0
0
0
0
0
0
0
0
0
0
0
0
0
0
0
0
0
0
0
0
0
0
0
0
0
0
0
0
0
7.3222e-05
0.00047283
0.00081096
0.0024118
0.01018
0.017491
0.02143
0.025315
0.025972
0.036271
0.063191
0.10333
0.13862
0.17907
0.20341
0.23505
0.25878
0.28336
0.3414
0.3723
0.43482
0.49604
0.55442
0.61443
0.64152
0.66022
0.68091
0.64713
0.59571
0.56915
0.59466
0.60224
0.65794
0.73863
0.81788
0.82124
0.85658
0.79728
0.76793
0.75071
0.71991
0.77819
0.86928
0.9229
0.90525
0.77548
0.58677
0.53675
0.50126
0.45216
0.38996
0.33553
0.30884
0.22016
0.19517
0.16096
0.15163
0.16012
0.15243
0.11862
0.10251
0.091507
0.080357
0.066292
0
0
0
0
0
0
0
0
0
0
0
0
0
0
0
0
0
0
0
0
0
0
0
0
0
0
0
0
0
0
0
0
0
0
0
0
0
0
0.00026749
0.00050374
0.0017632
0.0050101
0.014636
0.022843
0.029655
0.040216
0.049018
0.069881
0.10241
0.15568
0.19675
0.23014
0.24646
0.26101
0.29561
0.32537
0.35811
0.39062
0.45538
0.49511
0.50247
0.50165
0.49147
0.51655
0.52141
0.54043
0.52323
0.51494
0.53613
0.64668
0.75907
0.74754
0.76022
0.8448
0.78826
0.78611
0.60633
0.55771
0.61998
0.70556
0.85918
0.80118
0.60192
0.54056
0.55702
0.50032
0.46689
0.40412
0.31459
0.2808
0.23307
0.19902
0.17625
0.15667
0.17076
0.15905
0.12095
0.10085
0.092551
0.080319
0.066292
0
0
0
0
0
0
0
0
0
0
0
0
0
0
0
0
0
0
0
0
0
0
0
0
0
0
0
0
0
0
0
0
0
0
0
0
0
0
7.7303e-05
0.00050057
0.0012881
0.0025559
0.0095726
0.020437
0.041021
0.054833
0.057567
0.08233
0.11866
0.1954
0.23486
0.25092
0.25771
0.25259
0.25697
0.24704
0.27847
0.33051
0.37442
0.39827
0.38041
0.34207
0.37299
0.39975
0.5074
0.59742
0.54901
0.49089
0.49441
0.57851
0.71336
0.75987
0.7242
0.75483
0.80187
0.86795
0.89961
0.85707
0.58114
0.52714
0.57264
0.67052
0.66251
0.64958
0.56011
0.48738
0.51026
0.38491
0.30661
0.27474
0.2502
0.19165
0.16462
0.16191
0.16043
0.1472
0.12526
0.0987
0.091651
0.079338
0.066292
0
0
0
0
0
0
0
0
0
0
0
0
0
0
0
0
0
0
0
0
0
0
0
0
0
0
0
0
0
0
0
0
0
0
0
0
0
0
0.0002193
0.0004966
0.0012271
0.0029859
0.0072072
0.019958
0.041038
0.058446
0.072586
0.11931
0.17486
0.24337
0.25111
0.24999
0.23782
0.23596
0.24706
0.27837
0.3201
0.37686
0.43222
0.46881
0.4883
0.45991
0.47874
0.52071
0.56284
0.56773
0.55545
0.51416
0.50098
0.65315
0.7153
0.7425
0.70601
0.72173
0.74987
0.91171
0.90148
0.86399
0.84369
0.64038
0.67488
0.65979
0.58422
0.58261
0.48694
0.52762
0.47633
0.39442
0.315
0.26358
0.23706
0.20205
0.20082
0.18673
0.15343
0.14768
0.12169
0.094705
0.08801
0.078931
0.066292
0
0
0
0
0
0
0
0
0
0
0
0
0
0
0
0
0
0
0
0
0
0
0
0
0
0
0
0
0
0
0
0
0
0
0
0
0
0
0
0.00023365
0.0011493
0.0017899
0.0031382
0.016205
0.029818
0.043605
0.06852
0.11187
0.14429
0.17622
0.19072
0.1875
0.18333
0.1887
0.24834
0.27029
0.30798
0.35916
0.39635
0.42512
0.43855
0.50767
0.53184
0.5548
0.55238
0.5848
0.59115
0.56302
0.58219
0.57139
0.6899
0.71031
0.70753
0.67568
0.66556
0.8696
0.95842
0.89923
0.75745
0.66473
0.66017
0.65858
0.65438
0.54149
0.49973
0.52681
0.46577
0.35241
0.35307
0.2882
0.24124
0.2194
0.20374
0.19342
0.15301
0.14343
0.11703
0.090953
0.08622
0.077638
0.066292
0
0
0
0
0
0
0
0
0
0
0
0
0
0
0
0
0
0
0
0
0
0
0
0
0
0
0
0
0
0
0
0
0
0
0
0
0
0
0
0
0.00034367
0.0006835
0.0014644
0.0089504
0.019627
0.028121
0.039665
0.051162
0.086513
0.13604
0.17616
0.17924
0.19523
0.18706
0.22468
0.26759
0.33526
0.38971
0.41012
0.43265
0.42765
0.43072
0.43986
0.52985
0.53871
0.52111
0.53696
0.5195
0.55131
0.62557
0.64113
0.68421
0.6593
0.66444
0.67545
0.696
0.67329
0.62931
0.60134
0.64754
0.63314
0.70162
0.58469
0.46487
0.44992
0.40699
0.33906
0.37553
0.34619
0.27868
0.25777
0.23004
0.2062
0.18671
0.1632
0.13815
0.11842
0.089621
0.0842
0.076914
0.066292
0
0
0
0
0
0
0
0
0
0
0
0
0
0
0
0
0
0
0
0
0
0
0
0
0
0
0
0
0
0
0
0
0
0
0
0
0
0
0
0
0
0.00037729
0.00091371
0.006406
0.016151
0.02183
0.029137
0.044649
0.075507
0.12668
0.17895
0.19733
0.20404
0.18878
0.21466
0.26915
0.33142
0.36113
0.41277
0.42451
0.4255
0.46643
0.52749
0.57106
0.64214
0.60164
0.65007
0.51969
0.55742
0.60813
0.60394
0.59226
0.65572
0.62635
0.56251
0.52422
0.53608
0.55757
0.64266
0.58503
0.66514
0.65367
0.5256
0.43632
0.32317
0.31548
0.33245
0.37847
0.31795
0.2913
0.26177
0.22269
0.20966
0.18768
0.15491
0.13309
0.11698
0.086131
0.080652
0.074988
0.066292
0
0
0
0
0
0
0
0
0
0
0
0
0
0
0
0
0
0
0
0
0
0
0
0
0
0
0
0
0
0
0
0
0
0
0
0
0
0
0
0
0
8.2755e-05
0.001852
0.0050351
0.0088039
0.013369
0.03899
0.064662
0.092978
0.12289
0.13601
0.15835
0.17099
0.17177
0.20175
0.24753
0.29319
0.32726
0.3397
0.35448
0.37826
0.4771
0.54925
0.70701
0.73431
0.68812
0.62618
0.55719
0.56151
0.57796
0.57339
0.60477
0.59238
0.59651
0.58335
0.50787
0.514
0.58065
0.60167
0.59599
0.61287
0.61916
0.54692
0.45273
0.33681
0.29927
0.34367
0.33275
0.31897
0.29383
0.24578
0.20053
0.19151
0.17536
0.15426
0.12895
0.11299
0.085994
0.077701
0.07429
0.066292
0
0
0
0
0
0
0
0
0
0
0
0
0
0
0
0
0
0
0
0
0
0
0
0
0
0
0
0
0
0
0
0
0
0
0
0
0
0
0
0
0.0001402
0.00051452
0.0015781
0.0040519
0.01131
0.029445
0.057142
0.082954
0.099434
0.10506
0.11833
0.14235
0.1926
0.24395
0.28036
0.29768
0.29961
0.31591
0.32671
0.35984
0.3859
0.42238
0.48243
0.55617
0.59286
0.60767
0.51204
0.44146
0.45978
0.55111
0.59581
0.6337
0.62985
0.67532
0.59827
0.52127
0.52761
0.54693
0.58735
0.57096
0.59693
0.57051
0.50611
0.41799
0.34362
0.27857
0.33218
0.34002
0.32207
0.29395
0.22796
0.18219
0.18045
0.17289
0.14659
0.12611
0.10315
0.081112
0.076621
0.072503
0.066292
0
0
0
0
0
0
0
0
0
0
0
0
0
0
0
0
0
0
0
0
0
0
0
0
0
0
0
0
0
0
0
0
0
0
0
0
0
0
0
0
0
0.00028212
0.0019776
0.0090583
0.025363
0.036142
0.0473
0.061215
0.068124
0.07872
0.098438
0.14545
0.19515
0.23234
0.26753
0.27072
0.29716
0.31114
0.3279
0.33273
0.3478
0.34167
0.34537
0.43068
0.50321
0.51102
0.45685
0.38164
0.42637
0.47999
0.51358
0.55157
0.58107
0.59236
0.57662
0.53322
0.53154
0.50093
0.54215
0.50658
0.47214
0.46069
0.41082
0.35224
0.33359
0.28074
0.31505
0.3234
0.28232
0.25545
0.1885
0.18319
0.16989
0.16214
0.12919
0.12468
0.10232
0.081151
0.0751
0.071456
0.066292
0
0
0
0
0
0
0
0
0
0
0
0
0
0
0
0
0
0
0
0
0
0
0
0
0
0
0
0
0
0
0
0
0
0
0
0
0
0
0
6.785e-05
6.785e-05
0.0001575
0.0015049
0.013785
0.026255
0.03982
0.053753
0.060592
0.074505
0.087894
0.10385
0.12899
0.15561
0.18595
0.21187
0.23542
0.27186
0.31226
0.30679
0.31447
0.31043
0.30992
0.33062
0.39731
0.45154
0.46183
0.4301
0.42034
0.41096
0.42619
0.45783
0.47197
0.50058
0.48345
0.47747
0.44571
0.46042
0.46542
0.48608
0.46858
0.4592
0.41914
0.36124
0.26967
0.26977
0.2876
0.31661
0.29075
0.24658
0.21366
0.16535
0.15102
0.15405
0.14252
0.12904
0.11665
0.090845
0.078507
0.071589
0.071082
0.066292
0
0
0
0
0
0
0
0
0
0
0
0
0
0
0
0
0
0
0
0
0
0
0
0
0
0
0
0
0
0
0
0
0
0
0
0
0
0
0
0
6.785e-05
0.00019377
0.0032774
0.011413
0.021998
0.037272
0.047608
0.06477
0.089136
0.11926
0.13428
0.15324
0.16808
0.17345
0.1864
0.20854
0.24657
0.29224
0.31999
0.34229
0.33699
0.34413
0.3684
0.44235
0.46215
0.46349
0.41166
0.39102
0.40019
0.40148
0.39923
0.4249
0.41476
0.36946
0.34765
0.37329
0.41503
0.44217
0.45381
0.39558
0.38878
0.30579
0.21032
0.18185
0.21501
0.25746
0.27178
0.25778
0.21347
0.18163
0.15345
0.13158
0.12821
0.12447
0.11486
0.10944
0.082661
0.077827
0.069278
0.070795
0.066292
0
0
0
0
0
0
0
0
0
0
0
0
0
0
0
0
0
0
0
0
0
0
0
0
0
0
0
0
0
0
0
0
0
0
0
0
0
0
0
0
0
7.9644e-05
0.0039798
0.011794
0.017106
0.021474
0.033222
0.054996
0.096188
0.11285
0.12795
0.13413
0.13277
0.13661
0.15739
0.17502
0.20079
0.25419
0.30048
0.31908
0.29921
0.28152
0.3071
0.36376
0.4159
0.40159
0.37233
0.30221
0.30698
0.33885
0.36284
0.37524
0.32385
0.25695
0.24503
0.3177
0.39542
0.4417
0.42875
0.38997
0.32816
0.24245
0.19333
0.18942
0.21079
0.22694
0.22913
0.20546
0.18041
0.16171
0.13571
0.12181
0.12548
0.12167
0.10522
0.095858
0.078681
0.07596
0.069128
0.069959
0.066292
0
0
0
0
0
0
0
0
0
0
0
0
0
0
0
0
0
0
0
0
0
0
0
0
0
0
0
0
0
0
0
0
0
0
0
0
0
0
0
0
0
0.0004521
0.0030791
0.005484
0.010936
0.018158
0.029841
0.045782
0.066904
0.073208
0.079571
0.081711
0.08613
0.10039
0.11287
0.13421
0.16836
0.19258
0.22231
0.23107
0.20636
0.19426
0.19514
0.20769
0.20528
0.22839
0.23597
0.23443
0.25597
0.26354
0.26904
0.27787
0.28406
0.26562
0.24257
0.28524
0.33852
0.36277
0.3573
0.28697
0.23807
0.2023
0.18231
0.17861
0.19808
0.2118
0.19268
0.17561
0.14924
0.13469
0.12286
0.12597
0.12305
0.1158
0.10278
0.092648
0.075139
0.073982
0.067157
0.06862
0.066292
0
0
0
0
0
0
0
0
0
0
0
0
0
0
0
0
0
0
0
0
0
0
0
0
0
0
0
0
0
0
0
0
0
0
0
0
0
0
0
0
0
0.00074569
0.0045099
0.0072612
0.0085388
0.011299
0.013629
0.022105
0.03752
0.052549
0.067657
0.088824
0.090746
0.088745
0.098391
0.1068
0.11764
0.13061
0.1531
0.17636
0.19459
0.21048
0.2118
0.20757
0.18935
0.19298
0.19653
0.19284
0.21357
0.21948
0.22482
0.24207
0.25033
0.26579
0.26733
0.25573
0.27218
0.27056
0.24977
0.21744
0.20442
0.19129
0.19224
0.18246
0.18092
0.18985
0.17271
0.15318
0.13969
0.12749
0.12048
0.12933
0.12254
0.11684
0.09717
0.088825
0.072008
0.071412
0.064499
0.067408
0.066292
0
0
0
0
0
0
0
0
0
0
0
0
0
0
0
0
0
0
0
0
0
0
0
0
0
0
0
0
0
0
0
0
0
0
0
0
0
0
0
0
0
0.00014677
0.0054001
0.0098791
0.011272
0.0073914
0.0085311
0.014215
0.023578
0.031644
0.044195
0.05994
0.073433
0.077557
0.06596
0.063139
0.070726
0.088147
0.10203
0.12615
0.17293
0.19024
0.20597
0.20205
0.1792
0.17579
0.16609
0.17317
0.17653
0.17446
0.15898
0.16175
0.17817
0.21933
0.24254
0.23121
0.21093
0.17423
0.14488
0.13737
0.14104
0.15491
0.17657
0.18844
0.1719
0.17403
0.15623
0.14646
0.12803
0.11494
0.115
0.12265
0.11508
0.10957
0.090556
0.081513
0.070869
0.068068
0.061936
0.065787
0.066292
0
0
0
0
0
0
0
0
0
0
0
0
0
0
0
0
0
0
0
0
0
0
0
0
0
0
0
0
0
0
0
0
0
0
0
0
0
0
0
0
0
8.4168e-05
0.0038911
0.0049461
0.0072479
0.0083693
0.0077991
0.012539
0.020073
0.026604
0.035691
0.050266
0.062804
0.066841
0.067892
0.068083
0.071558
0.076878
0.080708
0.083082
0.10104
0.12252
0.12753
0.12282
0.11919
0.12272
0.11802
0.12932
0.13264
0.14694
0.13817
0.14175
0.16113
0.17605
0.18978
0.17456
0.12943
0.09895
0.089642
0.091318
0.12365
0.1478
0.15308
0.14771
0.14853
0.15123
0.1404
0.12936
0.11418
0.10279
0.11234
0.11034
0.10306
0.094815
0.078328
0.071215
0.069501
0.06621
0.060677
0.065674
0.066292
0
0
0
0
0
0
0
0
0
0
0
0
0
0
0
0
0
0
0
0
0
0
0
0
0
0
0
0
0
0
0
0
0
0
0
0
0
0
0
0
0
0
0.0017296
0.0028127
0.0039074
0.0054592
0.0068335
0.0099367
0.018345
0.028498
0.038562
0.045969
0.056616
0.063468
0.064427
0.067256
0.068258
0.075203
0.08148
0.085406
0.084277
0.074003
0.070739
0.092434
0.08907
0.10067
0.10638
0.097606
0.10056
0.10807
0.11375
0.12669
0.13927
0.14445
0.13082
0.10698
0.087563
0.065701
0.067559
0.076438
0.11071
0.13052
0.13704
0.13731
0.13616
0.13072
0.12365
0.10615
0.091671
0.08906
0.10053
0.10131
0.089871
0.086599
0.068131
0.066934
0.063467
0.064062
0.058698
0.064397
0.066292
0
0
0
0
0
0
0
0
0
0
0
0
0
0
0
0
0
0
0
0
0
0
0
0
0
0
0
0
0
0
0
0
0
0
0
0
0
0
0
0
0
6.049e-05
0.0025063
0.0035597
0.0045216
0.0046118
0.0041566
0.0074414
0.012481
0.020796
0.030003
0.03508
0.040065
0.044868
0.047818
0.045552
0.052879
0.058756
0.070032
0.070458
0.068613
0.070307
0.0667
0.077447
0.086973
0.085756
0.082171
0.08609
0.082702
0.085303
0.091323
0.097064
0.097492
0.095194
0.079585
0.058876
0.053547
0.052593
0.065881
0.077246
0.09418
0.1063
0.11008
0.11359
0.10165
0.10871
0.1031
0.091821
0.080461
0.088984
0.096265
0.095023
0.079353
0.075126
0.061603
0.061107
0.060324
0.060627
0.057121
0.061795
0.066292
0
0
0
0
0
0
0
0
0
0
0
0
0
0
0
0
0
0
0
0
0
0
0
0
0
0
0
0
0
0
0
0
0
0
0
0
0
0
0
0
0
0
0.0010254
0.001556
0.0017259
0.0019498
0.0024096
0.0050596
0.009581
0.013596
0.017544
0.019878
0.027884
0.029714
0.03406
0.039215
0.042331
0.043477
0.044862
0.043668
0.04546
0.047842
0.056885
0.064772
0.071572
0.074699
0.070285
0.071778
0.068776
0.059296
0.052215
0.050763
0.05389
0.045872
0.041662
0.046772
0.048094
0.051697
0.056471
0.062013
0.070131
0.079884
0.081078
0.082328
0.085191
0.090398
0.091811
0.083834
0.07822
0.086549
0.084143
0.086981
0.068028
0.06617
0.051994
0.05873
0.058267
0.056573
0.05509
0.061439
0.066292
0
0
0
0
0
0
0
0
0
0
0
0
0
0
0
0
0
0
0
0
0
0
0
0
0
0
0
0
0
0
0
0
0
0
0
0
0
0
0
0
0
0
0
0
0.00027563
0.00050454
0.00068842
0.0031035
0.0057641
0.0075817
0.011155
0.014632
0.017746
0.021482
0.024284
0.026118
0.030124
0.031908
0.034088
0.033448
0.033262
0.031245
0.029093
0.033318
0.039614
0.043223
0.049781
0.045597
0.037152
0.029648
0.02643
0.025585
0.025016
0.025579
0.027414
0.029858
0.036637
0.038106
0.039491
0.047102
0.048702
0.060824
0.060797
0.062011
0.067173
0.080438
0.078316
0.077208
0.082298
0.081195
0.08075
0.077792
0.062656
0.050843
0.044984
0.053195
0.056018
0.052071
0.053281
0.057812
0.066292
0
0
0
0
0
0
0
0
0
0
0
0
0
0
0
0
0
0
0
0
0
0
0
0
0
0
0
0
0
0
0
0
0
0
0
0
0
0
0
0
0
0
0
0
0
0
0.00014207
0.00032401
0.0016768
0.0031341
0.0056192
0.0096429
0.012282
0.011981
0.01191
0.012573
0.015033
0.01546
0.017533
0.019776
0.020155
0.01884
0.01704
0.016638
0.01584
0.016905
0.02006
0.023362
0.025204
0.024341
0.024498
0.022842
0.02341
0.024446
0.023781
0.022732
0.021945
0.023584
0.025211
0.036038
0.042277
0.050118
0.050183
0.044414
0.05467
0.072507
0.08132
0.079001
0.075291
0.073431
0.072654
0.066603
0.051742
0.042688
0.040984
0.049107
0.050714
0.047422
0.051955
0.056854
0.066292
0
0
0
0
0
0
0
0
0
0
0
0
0
0
0
0
0
0
0
0
0
0
0
0
0
0
0
0
0
0
0
0
0
0
0
0
0
0
0
0
0
0
0
0
0.00011043
0.00049149
0.00049149
0.00055018
0.0010162
0.0020356
0.0041055
0.0063994
0.0088009
0.0090821
0.0087594
0.0090295
0.011742
0.012478
0.01344
0.01533
0.015013
0.016081
0.016409
0.016025
0.017262
0.01689
0.018279
0.019794
0.01949
0.021221
0.019627
0.021615
0.028219
0.027831
0.025402
0.020619
0.014872
0.014634
0.018956
0.028462
0.034036
0.04027
0.045785
0.042875
0.04831
0.062625
0.067537
0.076169
0.066815
0.066734
0.067346
0.060012
0.045457
0.037707
0.039345
0.045442
0.048675
0.04617
0.049679
0.056846
0.066292
0
0
0
0
0
0
0
0
0
0
0
0
0
0
0
0
0
0
0
0
0
0
0
0
0
0
0
0
0
0
0
0
0
0
0
0
0
0
0
0
0
0
0
0
0
0.00033008
0.00049149
0.00021965
0.00012701
0.00081096
0.0012709
0.0037606
0.0065336
0.0084377
0.0086188
0.008588
0.0088676
0.011254
0.011096
0.010936
0.011185
0.011719
0.012786
0.013743
0.015268
0.015729
0.015968
0.016457
0.017068
0.017669
0.018063
0.01966
0.024607
0.0266
0.026402
0.020732
0.017085
0.0174
0.018185
0.025059
0.028462
0.034731
0.038255
0.037206
0.042973
0.048178
0.051371
0.055745
0.053783
0.058127
0.061345
0.054178
0.044466
0.035465
0.03748
0.039998
0.045844
0.043309
0.046623
0.056697
0.066292
0
0
0
0
0
0
0
0
0
0
0
0
0
0
0
0
0
0
0
0
0
0
0
0
0
0
0
0
0
0
0
0
0
0
0
0
0
0
0
0
0
0
0
0
0
0
0
0
0.00014121
0.00062256
0.001424
0.0030649
0.0052314
0.0056889
0.0062955
0.0059943
0.0064142
0.0075285
0.0066241
0.0066429
0.0074631
0.0069188
0.0087822
0.0097969
0.010739
0.011634
0.011251
0.012599
0.013629
0.014356
0.017046
0.017839
0.018175
0.018901
0.015684
0.016052
0.020346
0.019381
0.018956
0.01714
0.019335
0.025265
0.031062
0.033855
0.036989
0.042856
0.04664
0.045314
0.044267
0.048652
0.052553
0.044743
0.042611
0.036316
0.037038
0.039068
0.040694
0.042069
0.044937
0.05766
0.066292
0
0
0
0
0
0
0
0
0
0
0
0
0
0
0
0
0
0
0
0
0
0
0
0
0
0
0
0
0
0
0
0
0
0
0
0
0
0
0
0
0
0
0
0
0
0
0
0
0
0
0.00094617
0.0021005
0.0035058
0.0040853
0.0043778
0.0051726
0.0050911
0.0055778
0.0045795
0.005794
0.0061486
0.0071423
0.007831
0.0076091
0.0081184
0.008726
0.010113
0.010842
0.012023
0.013089
0.01368
0.014058
0.012286
0.012641
0.011717
0.014264
0.017564
0.016596
0.016901
0.014441
0.014249
0.018155
0.025962
0.0316
0.032145
0.036129
0.042026
0.041527
0.039905
0.044865
0.042926
0.042114
0.038609
0.037577
0.03693
0.039441
0.039602
0.039526
0.042173
0.057142
0.066292
0
0
0
0
0
0
0
0
0
0
0
0
0
0
0
0
0
0
0
0
0
0
0
0
0
0
0
0
0
0
0
0
0
0
0
0
0
0
0
0
0
0
0
0
0
0
0
0
0
0
0
0.00065496
0.0017321
0.0029037
0.0043782
0.0040524
0.004894
0.0048345
0.0041695
0.0052274
0.0066331
0.0078386
0.0082777
0.0076617
0.0076161
0.0083738
0.010948
0.012316
0.012669
0.011169
0.011283
0.011145
0.011673
0.01182
0.0097651
0.011857
0.015594
0.016242
0.015719
0.011331
0.01229
0.017872
0.022411
0.025567
0.027464
0.034553
0.037398
0.041214
0.04177
0.038197
0.037476
0.037241
0.03453
0.038212
0.038689
0.039508
0.038324
0.037544
0.042157
0.05642
0.066292
0
0
0
0
0
0
0
0
0
0
0
0
0
0
0
0
0
0
0
0
0
0
0
0
0
0
0
0
0
0
0
0
0
0
0
0
0
0
0
0
0
0
0
0
0
0
0
0
0.00016017
0.00032719
0.00038135
0.00038135
0.00059119
0.0010724
0.0016641
0.002306
0.0024411
0.0023997
0.0029808
0.0044216
0.0063951
0.0068868
0.0072863
0.0067001
0.0060507
0.0070592
0.0095652
0.010649
0.011355
0.010779
0.010513
0.011264
0.011362
0.010647
0.01184
0.011113
0.01273
0.013608
0.013068
0.012505
0.013796
0.016478
0.019633
0.024625
0.026224
0.033485
0.03852
0.0408
0.038915
0.032717
0.033632
0.033821
0.034462
0.037332
0.037584
0.037966
0.037066
0.036722
0.042807
0.055479
0.066292
0
0
0
0
0
0
0
0
0
0
0
0
0
0
0
0
0
0
0
0
0
0
0
0
0
0
0
0
0
0
0
0
0
0
0
0
0
0
0
0
0
0
0
0
0
0
0
0
8.9973e-05
0.00023186
0.00023186
0.0004907
0.00023797
0.00064511
0.0012787
0.0019307
0.0021583
0.0025366
0.0030626
0.0044197
0.004603
0.0057696
0.0061224
0.0047706
0.0049523
0.0048889
0.0061508
0.0082822
0.0097623
0.0092855
0.0094421
0.0097511
0.011305
0.010437
0.01013
0.010556
0.01163
0.012822
0.012619
0.012109
0.012823
0.014169
0.017558
0.020901
0.019833
0.028992
0.032413
0.033261
0.032629
0.027659
0.031065
0.033985
0.032994
0.036909
0.036126
0.036172
0.036038
0.035481
0.04253
0.05482
0.066292
0
0
0
0
0
0
0
0
0
0
0
0
0
0
0
0
0
0
0
0
0
0
0
0
0
0
0
0
0
0
0
0
0
0
0
0
0
0
0
0
0
0
0
0
0
0
0
0
0.0004966
0.0010253
0.0012001
0.001553
0.00098196
0.00074521
0.001286
0.0020282
0.0031288
0.0029508
0.0025655
0.0035769
0.0042709
0.0047205
0.0048456
0.0055781
0.0052053
0.0055748
0.0057912
0.0067753
0.0078369
0.0071624
0.010979
0.011486
0.010388
0.0083989
0.0085701
0.0085207
0.0095717
0.010988
0.01134
0.010206
0.010343
0.011074
0.012954
0.015344
0.015875
0.019963
0.024404
0.024818
0.024175
0.025633
0.027509
0.028937
0.031648
0.035269
0.034967
0.035715
0.035738
0.034708
0.042444
0.054271
0.066292
0
0
0
0
0
0
0
0
0
0
0
0
0
0
0
0
0
0
0
0
0
0
0
0
0
0
0
0
0
0
0
0
0
0
0
0
0
0
0
0
0
0
0
0
0
0
0
0
0.00040385
0.0010368
0.0013872
0.0017451
0.0011357
0.00092474
0.0015433
0.0033279
0.0036338
0.0037405
0.0039552
0.0035775
0.0035374
0.0040562
0.0043158
0.0062408
0.0078507
0.0078414
0.0061304
0.0072617
0.0070087
0.0090482
0.0089608
0.010207
0.010687
0.0074292
0.0083942
0.0068777
0.0090139
0.0101
0.011116
0.010658
0.010557
0.0094237
0.010872
0.010857
0.012604
0.015816
0.017251
0.018013
0.0228
0.02277
0.022471
0.026277
0.029213
0.033487
0.034279
0.035105
0.035081
0.033788
0.042533
0.053841
0.066292
0
0
0
0
0
0
0
0
0
0
0
0
0
0
0
0
0
0
0
0
0
0
0
0
0
0
0
0
0
0
0
0
0
0
0
0
0
0
0
0
0
0
0
0
0
0
0
0
0
7.8083e-05
0.00030482
0.00077189
0.00078535
0.001226
0.0014397
0.002196
0.002922
0.0028438
0.0031262
0.0032395
0.0032535
0.0041113
0.0047928
0.006402
0.0074659
0.007612
0.0078424
0.007312
0.007597
0.0074039
0.010583
0.010553
0.0086573
0.0068911
0.0067413
0.0070834
0.0082507
0.0099507
0.010842
0.010187
0.010252
0.0092346
0.0095574
0.0095603
0.011035
0.012319
0.013864
0.015647
0.018459
0.019851
0.020335
0.024975
0.026452
0.03149
0.032948
0.03488
0.034554
0.036221
0.042913
0.053133
0.066292
0
0
0
0
0
0
0
0
0
0
0
0
0
0
0
0
0
0
0
0
0
0
0
0
0
0
0
0
0
0
0
0
0
0
0
0
0
0
0
0
0
0
0
0
0
0
0
0
0
0.00018643
0.00045471
0.00074069
0.0010075
0.00095157
0.0014007
0.0022946
0.0027603
0.0029837
0.0029364
0.0029136
0.0037494
0.0032712
0.0035772
0.0038233
0.0041338
0.0056534
0.0065401
0.0082071
0.0076128
0.007251
0.0071426
0.0070667
0.0073959
0.0064454
0.0062846
0.0063307
0.0076812
0.0087695
0.0096853
0.0092654
0.0093244
0.0087732
0.0089445
0.0078668
0.010282
0.011586
0.013455
0.014765
0.016809
0.018651
0.017136
0.020539
0.022528
0.029387
0.030939
0.034716
0.03431
0.036721
0.042467
0.052445
0.066292
0
0
0
0
0
0
0
0
0
0
0
0
0
0
0
0
0
0
0
0
0
0
0
0
0
0
0
0
0
0
0
0
0
0
0
0
0
0
0
0
0
0
0
0
0
0
0
0
0
0
0.00018643
0.00024754
0.00040936
0.0012607
0.0022262
0.0036976
0.0042071
0.0037108
0.0031792
0.0023915
0.0027942
0.0030777
0.0039447
0.0043096
0.0049567
0.005416
0.0060222
0.0055164
0.0049275
0.0048105
0.0054732
0.0068257
0.0065215
0.0068958
0.0064623
0.0065413
0.0066019
0.0070196
0.0081962
0.0087416
0.0079475
0.0072434
0.0078131
0.0087049
0.0093807
0.010785
0.012595
0.014542
0.016542
0.016594
0.017209
0.018293
0.019289
0.026997
0.030072
0.032654
0.033446
0.038597
0.043
0.051981
0.066292
0
0
0
0
0
0
0
0
0
0
0
0
0
0
0
0
0
0
0
0
0
0
0
0
0
0
0
0
0
0
0
0
0
0
0
0
0
0
0
0
0
0
0
0
0
0
0
6.2667e-05
6.2667e-05
0.00027566
0.00039664
0.00066143
0.00086679
0.0010874
0.002079
0.0030182
0.003887
0.0042615
0.0040326
0.0036539
0.0029958
0.0040842
0.0044288
0.0052336
0.0048369
0.0052393
0.0058937
0.0055427
0.0049438
0.0042285
0.0042929
0.0040492
0.00486
0.0064396
0.0070585
0.0059481
0.0064125
0.0070955
0.008494
0.0094957
0.0093273
0.0091076
0.0087413
0.0087522
0.0088584
0.010611
0.01182
0.013946
0.014065
0.015497
0.01517
0.013873
0.016031
0.023454
0.027469
0.030895
0.0343
0.038677
0.043108
0.051731
0.066292
0
0
0
0
0
0
0
0
0
0
0
0
0
0
0
0
0
0
0
0
0
0
0
0
0
0
0
0
0
0
0
0
0
0
0
0
0
0
0
0
0
0
0
0
0.00026121
0.00051857
0.00087192
0.0007574
0.00066064
0.00082646
0.0014124
0.0014904
0.0014207
0.0013948
0.001499
0.0017804
0.0029096
0.0034293
0.00342
0.0035423
0.0029418
0.0026362
0.0031757
0.0036001
0.0042687
0.0059198
0.0059017
0.006483
0.0064116
0.0057573
0.0043823
0.0044178
0.0072266
0.0082427
0.0077564
0.0057233
0.0057535
0.0074225
0.0086443
0.010322
0.010331
0.0094639
0.0090733
0.0085033
0.0085045
0.0087148
0.009588
0.012505
0.013087
0.013389
0.013588
0.013019
0.014229
0.018663
0.025965
0.031661
0.034068
0.040616
0.044122
0.052107
0.066292
0
0
0
0
0
0
0
0
0
0
0
0
0
0
0
0
0
0
0
0
0
0
0
0
0
0
0
0
0
0
0
0
0
0
0
0
0
0
0
0
0
0
0
0
0.00036384
0.00089723
0.001318
0.0018488
0.0021447
0.0021227
0.0023982
0.0021244
0.0016289
0.0014373
0.0015547
0.0017444
0.0016431
0.0019151
0.0023496
0.0021582
0.0023954
0.0021578
0.0025743
0.0031123
0.0048852
0.006329
0.007221
0.0069707
0.0066986
0.0054982
0.0055721
0.0071699
0.007859
0.007693
0.0076049
0.0057826
0.0049356
0.0060973
0.0077785
0.0095375
0.010083
0.0087021
0.0089665
0.0085709
0.0080422
0.0077088
0.0089846
0.010201
0.011499
0.012132
0.013261
0.013627
0.014282
0.017442
0.022065
0.029169
0.032511
0.039516
0.043653
0.051616
0.066292
0
0
0
0
0
0
0
0
0
0
0
0
0
0
0
0
0
0
0
0
0
0
0
0
0
0
0
0
0
0
0
0
0
0
0
0
0
0
0
0
0
0
0
0
0
0.00041944
0.00089762
0.0011921
0.0018449
0.0021405
0.001946
0.0013036
0.0014826
0.0017668
0.0013799
0.001431
0.0014759
0.0013835
0.0016971
0.001878
0.0020383
0.0026946
0.0024549
0.0028738
0.004442
0.0056388
0.0067998
0.0064649
0.0061548
0.0051642
0.0045662
0.0044478
0.0066192
0.0069671
0.0045558
0.003798
0.0030431
0.0037615
0.0055291
0.0073164
0.0080608
0.0082943
0.0077303
0.0070878
0.0071375
0.0079105
0.0082007
0.0090172
0.009875
0.011403
0.013364
0.014738
0.014525
0.01764
0.019983
0.027872
0.032347
0.039152
0.043399
0.052046
0.066292
0
0
0
0
0
0
0
0
0
0
0
0
0
0
0
0
0
0
0
0
0
0
0
0
0
0
0
0
0
0
0
0
0
0
0
0
0
0
0
0
0
0
0
0
0
0
8.5491e-05
0.00023356
0.0010897
0.0011775
0.00095122
0.0011128
0.0015607
0.0019617
0.0021172
0.0025493
0.0023104
0.0020323
0.0014874
0.0011504
0.0018165
0.0020973
0.0027486
0.002448
0.0033345
0.0039631
0.0041235
0.0052609
0.0058862
0.0056526
0.0042179
0.0032436
0.0027252
0.0027353
0.0023456
0.0028492
0.0026554
0.003844
0.0053388
0.006063
0.006842
0.0070317
0.006462
0.0074013
0.0073759
0.0073204
0.0076803
0.0082557
0.0087432
0.011317
0.014022
0.015055
0.015718
0.016658
0.019798
0.027489
0.031092
0.038491
0.043029
0.051823
0.066292
0
0
0
0
0
0
0
0
0
0
0
0
0
0
0
0
0
0
0
0
0
0
0
0
0
0
0
0
0
0
0
0
0
0
0
0
0
0
0
0
0
0
0
0
0
0
0.00010334
0.00059242
0.0014377
0.0019314
0.0018344
0.0014527
0.0016821
0.0021461
0.0018233
0.0021936
0.0019849
0.0015707
0.0017769
0.0021474
0.0023962
0.0033871
0.0032958
0.0019383
0.0017642
0.0026104
0.0035963
0.0049247
0.0051808
0.0044468
0.003402
0.0018702
0.0016296
0.002239
0.0029138
0.002656
0.0037005
0.0047701
0.0058808
0.0061737
0.0063043
0.0062354
0.0058239
0.0070233
0.0063348
0.0071941
0.0079526
0.007919
0.0084596
0.011288
0.014068
0.014978
0.016333
0.016528
0.019569
0.026006
0.031062
0.038747
0.04271
0.051533
0.066292
0
0
0
0
0
0
0
0
0
0
0
0
0
0
0
0
0
0
0
0
0
0
0
0
0
0
0
0
0
0
0
0
0
0
0
0
0
0
0
0
0
0
0
0
0
0.00031606
0.00063055
0.0013957
0.0021469
0.0025742
0.0025307
0.0028335
0.0027411
0.0024706
0.0016128
0.00098892
0.00090195
0.0013411
0.0016786
0.0016587
0.003422
0.0033259
0.0025198
0.0021292
0.0013457
0.0021773
0.0030906
0.0031397
0.0038699
0.0031779
0.002706
0.0028551
0.00312
0.0031916
0.00356
0.0039475
0.0046126
0.0059777
0.0058781
0.0055528
0.0054159
0.0056286
0.0059099
0.0065839
0.0067841
0.0069873
0.0081703
0.0078742
0.0080021
0.011772
0.01342
0.015342
0.015627
0.016102
0.019477
0.026201
0.03263
0.038545
0.042586
0.051635
0.066292
0
0
0
0
0
0
0
0
0
0
0
0
0
0
0
0
0
0
0
0
0
0
0
0
0
0
0
0
0
0
0
0
0
0
0
0
0
0
0
0
0
0
0
0
0.00029215
0.00036062
0.00066971
0.0014924
0.001699
0.0016417
0.0015928
0.0018886
0.0023381
0.0019887
0.0021714
0.0011651
0.0011877
0.0010399
0.0008883
0.0014658
0.0018019
0.0017631
0.0021973
0.0021163
0.0016567
0.0022761
0.0026568
0.0022281
0.0020475
0.002612
0.0033375
0.0038995
0.0046301
0.0039895
0.004146
0.0043971
0.0051445
0.005546
0.0061044
0.0055904
0.0047857
0.0056844
0.0058503
0.0063978
0.0071204
0.0068643
0.0072962
0.0080636
0.0086269
0.012556
0.014044
0.01563
0.015695
0.016632
0.018479
0.025482
0.030862
0.038889
0.042284
0.05099
0.066292
0
0
0
0
0
0
0
0
0
0
0
0
0
0
0
0
0
0
0
0
0
0
0
0
0
0
0
0
0
0
0
0
0
0
0
0
0
0
0
0
0
0
0
0
0.00013885
0.00069901
0.0010994
0.0012592
0.0015533
0.0015094
0.0016369
0.0018456
0.0020315
0.0020707
0.0020575
0.0016991
0.0016323
0.0019321
0.0019587
0.0020094
0.0018009
0.0023138
0.0024091
0.0023424
0.0035194
0.0057141
0.0063522
0.0057803
0.0026252
0.0021815
0.0028433
0.0035485
0.0037055
0.0038057
0.0035483
0.0037141
0.0043515
0.0043545
0.0043861
0.0036533
0.0044422
0.0049141
0.0054759
0.0061573
0.0061699
0.0075474
0.0080103
0.0083401
0.0096927
0.0112
0.014489
0.015931
0.015562
0.016317
0.01762
0.024528
0.030806
0.038362
0.042162
0.050526
0.066292
0
0
0
0
0
0
0
0
0
0
0
0
0
0
0
0
0
0
0
0
0
0
0
0
0
0
0
0
0
0
0
0
0
0
0
0
0
0
0
0
0
0
0
0
0.00030362
0.00059297
0.0010318
0.0016404
0.0020178
0.0022096
0.0017991
0.0015574
0.0014895
0.0016245
0.0014039
0.0012529
0.0018954
0.001777
0.0016897
0.0019071
0.0016893
0.0014134
0.0022229
0.0025686
0.0044391
0.0053489
0.0055201
0.0056261
0.0034229
0.0028009
0.0021883
0.0031996
0.0035133
0.0033018
0.0033069
0.0030597
0.0034998
0.0035598
0.0027512
0.0027065
0.0039195
0.0042792
0.0046118
0.005369
0.0061239
0.0080875
0.0079498
0.0090143
0.0099241
0.012021
0.014606
0.014785
0.013722
0.014957
0.015599
0.022605
0.030221
0.03786
0.042002
0.050846
0.066292
0
0
0
0
0
0
0
0
0
0
0
0
0
0
0
0
0
0
0
0
0
0
0
0
0
0
0
0
0
0
0
0
0
0
0
0
0
0
0
0
0
0
0
6.8372e-05
0.00011478
0.00041649
0.00084031
0.0013223
0.0017451
0.0012684
0.0012667
0.0012948
0.0011359
0.0010498
0.00086416
0.0012644
0.0016935
0.0014502
0.0016349
0.0013729
0.001535
0.0019202
0.0020853
0.0021622
0.0028068
0.0024311
0.002471
0.0021818
0.0022661
0.0027082
0.0027897
0.0030963
0.0044489
0.0044786
0.0037026
0.0032347
0.0026637
0.0025258
0.0023384
0.0021278
0.0030184
0.004209
0.0042081
0.0047577
0.0056996
0.0069287
0.007732
0.0089783
0.012156
0.01282
0.015556
0.01423
0.013116
0.014029
0.014977
0.021054
0.029331
0.037275
0.042882
0.050914
0.066292
0
0
0
0
0
0
0
0
0
0
0
0
0
0
0
0
0
0
0
0
0
0
0
0
0
0
0
0
0
0
0
0
0
0
0
0
0
0
0
0
0
0
0
0
9.3932e-05
0.00027544
0.00070139
0.00094005
0.00137
0.0013745
0.0012256
0.0011471
0.0011622
0.001629
0.0015507
0.0013915
0.0017235
0.0014743
0.0012732
0.0011493
0.0011968
0.00099735
0.0017821
0.0021793
0.0026277
0.0024664
0.0023665
0.0022733
0.0040745
0.0044696
0.0049939
0.0038387
0.0043169
0.004157
0.0040292
0.0043453
0.0038023
0.0033755
0.0023327
0.0026265
0.0036483
0.0042364
0.0042884
0.005759
0.0053028
0.0059792
0.0075439
0.0086497
0.01238
0.013494
0.014439
0.013647
0.012361
0.013655
0.013909
0.019617
0.029031
0.0374
0.042157
0.051562
0.066292
0
0
0
0
0
0
0
0
0
0
0
0
0
0
0
0
0
0
0
0
0
0
0
0
0
0
0
0
0
0
0
0
0
0
0
0
0
0
0
0
0
0
0
0
0.00015449
0.00023109
0.0004697
0.00094292
0.0012334
0.001208
0.0010901
0.00090936
0.0014147
0.0015615
0.0018543
0.0015871
0.00087026
0.0010591
0.00098856
0.0012265
0.0013425
0.0012267
0.001546
0.0016887
0.0027102
0.0022967
0.001922
0.0039157
0.0039998
0.0042898
0.0046738
0.0033699
0.0027418
0.0029648
0.0028885
0.0033143
0.0039701
0.0043682
0.0048994
0.0034835
0.0048148
0.0056192
0.0059044
0.005726
0.0042228
0.0044383
0.0063484
0.0081221
0.011908
0.013739
0.014232
0.013177
0.011813
0.013177
0.013013
0.017259
0.028063
0.037839
0.040473
0.052324
0.066292
0
0
0
0
0
0
0
0
0
0
0
0
0
0
0
0
0
0
0
0
0
0
0
0
0
0
0
0
0
0
0
0
0
0
0
0
0
0
0
0
0
0
0
0
0
0.00014085
0.00038681
0.00083125
0.0011482
0.0013324
0.0010983
0.00066389
0.0010237
0.0013256
0.0014361
0.0014768
0.0011598
0.0009975
0.00099533
0.0013351
0.0017931
0.0019618
0.0018284
0.0017465
0.00165
0.0016302
0.0017436
0.0011972
0.001659
0.0018249
0.0028441
0.0029461
0.0029553
0.0027058
0.0026106
0.0042193
0.0060102
0.0060788
0.0064755
0.0069198
0.0056995
0.0055819
0.0060352
0.0057849
0.004651
0.0044786
0.0055449
0.0076509
0.011846
0.012601
0.012563
0.012113
0.010675
0.011049
0.011844
0.01599
0.027591
0.037262
0.040912
0.052075
0.066292
0
0
0
0
0
0
0
0
0
0
0
0
0
0
0
0
0
0
0
0
0
0
0
0
0
0
0
0
0
0
0
0
0
0
0
0
0
0
0
0
0
0
0
0
0
0
0.0002883
0.0007026
0.0013186
0.0015975
0.0015251
0.0014606
0.0012594
0.001354
0.0014923
0.0017137
0.0019691
0.0018483
0.0021244
0.0020141
0.0020402
0.002003
0.00163
0.0015664
0.001303
0.0016742
0.0015441
0.0014798
0.00099713
0.0010924
0.0024649
0.0033893
0.0035495
0.003311
0.0034977
0.0043017
0.0049392
0.0072988
0.0079013
0.0074581
0.0060121
0.0069646
0.0067256
0.0061969
0.0049776
0.0040866
0.0053524
0.0083251
0.011283
0.012574
0.011238
0.010771
0.0099004
0.010528
0.011293
0.016625
0.026172
0.03702
0.041018
0.052768
0.066292
0
0
0
0
0
0
0
0
0
0
0
0
0
0
0
0
0
0
0
0
0
0
0
0
0
0
0
0
0
0
0
0
0
0
0
0
0
0
0
0
0
0
0
7.2463e-05
0.00031513
0.00054885
0.00067998
0.00092731
0.0012798
0.0018863
0.0021008
0.0020392
0.0017207
0.0017465
0.0015786
0.0019278
0.0020148
0.0021501
0.0020167
0.001628
0.0014864
0.0012197
0.00083779
0.00072298
0.00090962
0.0017354
0.0017299
0.001888
0.0016081
0.0016588
0.0022801
0.0029568
0.0042416
0.0047037
0.0048976
0.0048067
0.0050478
0.0067758
0.0070888
0.0072627
0.0059327
0.0062186
0.0065729
0.0066907
0.0058288
0.0057627
0.0060219
0.0075419
0.010475
0.010985
0.010534
0.0089713
0.0093276
0.0099304
0.011701
0.017009
0.024212
0.036831
0.040735
0.053005
0.066292
0
0
0
0
0
0
0
0
0
0
0
0
0
0
0
0
0
0
0
0
0
0
0
0
0
0
0
0
0
0
0
0
0
0
0
0
0
0
0
0
0
0
0
0
7.2463e-05
0.00045451
0.00038204
0.00059818
0.00069893
0.0014468
0.001594
0.0020565
0.0018569
0.0012662
0.0011553
0.0009065
0.00092719
0.00098186
0.00088243
0.00059662
0.00035015
0.00019695
0.00051496
0.0010803
0.0015308
0.0023471
0.0026729
0.0027047
0.0021833
0.0021536
0.002599
0.0032508
0.0042512
0.0045278
0.004266
0.0042981
0.0049519
0.0051577
0.0056462
0.0062137
0.006077
0.0058544
0.0068941
0.0070284
0.0061286
0.0057434
0.0067909
0.0080282
0.010773
0.011114
0.00921
0.008371
0.0096285
0.0097934
0.011553
0.016519
0.023726
0.036368
0.041079
0.052802
0.066292
0
0
0
0
0
0
0
0
0
0
0
0
0
0
0
0
0
0
0
0
0
0
0
0
0
0
0
0
0
0
0
0
0
0
0
0
0
0
0
0
0
0
0
0
0
0
0
0
0.00010842
0.00019716
0.00036465
0.00035859
0.00062231
0.00067126
0.00072834
0.00056631
0.00047251
0.00056741
0.00039538
0.00050659
0.00048402
0.0003028
0.00077243
0.0013211
0.0024972
0.0037602
0.004294
0.0042416
0.0036205
0.0028347
0.0029976
0.0036442
0.0038913
0.0043435
0.0039041
0.0032564
0.0037383
0.0046974
0.0057719
0.0056776
0.0053884
0.0056913
0.0061575
0.005966
0.0059269
0.0061184
0.0061974
0.0083156
0.011072
0.011225
0.0098086
0.0085225
0.009832
0.0090944
0.01159
0.016505
0.022584
0.036592
0.042408
0.053783
0.066292
0
0
0
0
0
0
0
0
0
0
0
0
0
0
0
0
0
0
0
0
0
0
0
0
0
0
0
0
0
0
0
0
0
0
0
0
0
0
0
0
0
0
0
0
0
0
0
0
0
0
0
0.00018275
0.00018008
0.00045118
0.00076203
0.0013252
0.001257
0.0010551
0.00072269
0.00072154
0.00080433
0.00066724
0.00083192
0.0015377
0.0023516
0.0030715
0.0034927
0.0041307
0.0035564
0.0029715
0.0033948
0.0039389
0.0043325
0.0040271
0.0032448
0.0033491
0.0042527
0.0050037
0.0054917
0.0048647
0.0051168
0.0047006
0.0047473
0.0051841
0.0070968
0.0058857
0.0070475
0.0091764
0.011761
0.011792
0.01048
0.009366
0.010187
0.009655
0.011919
0.016732
0.023498
0.037025
0.042432
0.054407
0.066292
0
0
0
0
0
0
0
0
0
0
0
0
0
0
0
0
0
0
0
0
0
0
0
0
0
0
0
0
0
0
0
0
0
0
0
0
0
0
0
0
0
0
0
0
0
0
0
0
0
5.9535e-05
5.9535e-05
0.00031079
0.00051099
0.00068008
0.00090265
0.0012812
0.0016712
0.0015702
0.0013288
0.0014364
0.00089677
0.00094136
0.0015421
0.0018547
0.0028663
0.0031092
0.0035452
0.0033779
0.0032939
0.0033861
0.0028401
0.0027399
0.0031024
0.0030081
0.0031789
0.0052442
0.0053609
0.0065506
0.0056485
0.0041403
0.0043959
0.0046863
0.0051288
0.006735
0.0067419
0.0080726
0.0071534
0.0088788
0.011011
0.011208
0.011278
0.0099792
0.0097719
0.010428
0.012201
0.017109
0.025113
0.03777
0.042683
0.055436
0.066292
0
0
0
0
0
0
0
0
0
0
0
0
0
0
0
0
0
0
0
0
0
0
0
0
0
0
0
0
0
0
0
0
0
0
0
0
0
0
0
0
0
0
0
0
0
0
0
0
0
0
5.1848e-05
0.00023378
0.00026688
0.00026688
0.00060891
0.001163
0.0017616
0.0017952
0.0014008
0.0015027
0.00093523
0.0010447
0.001004
0.0016696
0.0021288
0.0024527
0.0033626
0.0036033
0.0040592
0.0031868
0.0025271
0.0020765
0.0024294
0.0032303
0.0035825
0.0051293
0.0057705
0.0058489
0.0051614
0.0039536
0.0043808
0.0049429
0.0051107
0.0072415
0.0073338
0.0084147
0.0089083
0.0089392
0.010674
0.011005
0.011249
0.01039
0.010692
0.011802
0.013548
0.019153
0.025704
0.036118
0.043633
0.055998
0.066292
0
0
0
0
0
0
0
0
0
0
0
0
0
0
0
0
0
0
0
0
0
0
0
0
0
0
0
0
0
0
0
0
0
0
0
0
0
0
0
0
0
0
0
0
0
0
0
0
0
4.2047e-05
0.0003196
0.00068712
0.00073248
0.0007903
0.00075606
0.0010754
0.0012677
0.0011796
0.0011101
0.00085946
0.00071794
0.00043589
0.00037618
0.00065871
0.0010175
0.0017615
0.0019408
0.0024278
0.0029717
0.003126
0.0028626
0.0027035
0.0027385
0.003503
0.0034542
0.005308
0.0055631
0.0060538
0.005208
0.0039963
0.0047422
0.0046679
0.0048111
0.0073435
0.007416
0.0081747
0.0073919
0.0088108
0.010366
0.011768
0.01159
0.011175
0.011201
0.012602
0.017025
0.021683
0.027732
0.034225
0.044408
0.057039
0.066292
0
0
0
0
0
0
0
0
0
0
0
0
0
0
0
0
0
0
0
0
0
0
0
0
0
0
0
0
0
0
0
0
0
0
0
0
0
0
0
0
0
0
0
0
0
0
0
0
0
5.5054e-05
0.00027755
0.0005571
0.0010372
0.0010257
0.0008917
0.00055194
0.00035407
0.00029123
0.00053526
0.00050925
0.00058484
0.00050819
0.00048075
0.00085561
0.0011218
0.0017783
0.0022659
0.0022265
0.002325
0.0023767
0.0023622
0.0022375
0.0027087
0.0034498
0.0040225
0.0041665
0.005866
0.0058246
0.0047162
0.0038499
0.0039337
0.0053786
0.0056185
0.0052614
0.0073561
0.00637
0.0068354
0.0084313
0.010082
0.010582
0.011298
0.011452
0.011182
0.014395
0.017389
0.022515
0.028844
0.033381
0.045147
0.057453
0.066292
0
0
0
0
0
0
0
0
0
0
0
0
0
0
0
0
0
0
0
0
0
0
0
0
0
0
0
0
0
0
0
0
0
0
0
0
0
0
0
0
0
0
0
0
0
0
0
0
0
0.00024703
0.00028735
0.00040584
0.00051105
0.0006811
0.00086297
0.00048462
0.00056996
0.00055965
0.00060757
0.00052873
0.00074383
0.00065661
0.000625
0.00080567
0.0016238
0.0026158
0.0033495
0.0032036
0.0020869
0.0015841
0.0017575
0.002274
0.0028799
0.0032148
0.0045481
0.0051367
0.0069218
0.007446
0.0045393
0.0044109
0.003916
0.0043884
0.0043213
0.005045
0.0057416
0.0065389
0.0087298
0.0087767
0.0097784
0.0099637
0.010466
0.010832
0.011311
0.015474
0.018631
0.02329
0.0302
0.0331
0.04672
0.057877
0.066292
0
0
0
0
0
0
0
0
0
0
0
0
0
0
0
0
0
0
0
0
0
0
0
0
0
0
0
0
0
0
0
0
0
0
0
0
0
0
0
0
0
0
0
0
0
0
0
0
0.00016152
0.00034882
0.00051491
0.0007252
0.00061983
0.00058099
0.00041998
0.0005244
0.00050641
0.00055091
0.00053636
0.00065276
0.00042345
0.0002999
0.0006294
0.0015803
0.0019101
0.0023407
0.0026094
0.0026498
0.0024348
0.0017729
0.0019085
0.002411
0.0033427
0.0040344
0.0039281
0.0065075
0.0078456
0.0079286
0.0071231
0.0052205
0.0055889
0.0060336
0.0064091
0.006228
0.0060381
0.0075801
0.0080106
0.0081487
0.009573
0.0093259
0.010227
0.01014
0.01274
0.016372
0.018707
0.024898
0.032691
0.035449
0.047299
0.057454
0.066292
0
0
0
0
0
0
0
0
0
0
0
0
0
0
0
0
0
0
0
0
0
0
0
0
0
0
0
0
0
0
0
0
0
0
0
0
0
0
0
0
0
0
0
0
0
0
0
0
0
4.1056e-05
0.00014199
0.00034216
0.00039431
0.00071342
0.00081784
0.00069714
0.00054737
0.00047299
0.00031912
0.00032752
0.00037585
0.00092155
0.0023345
0.0027911
0.0029102
0.0019917
0.0018557
0.0019527
0.0015196
0.001487
0.0020888
0.0028304
0.0033639
0.0045278
0.0046813
0.006958
0.007291
0.0078873
0.0082924
0.0074937
0.0076799
0.0084747
0.0088478
0.0078118
0.0078493
0.0082649
0.0085534
0.009659
0.01006
0.0094159
0.0089112
0.010297
0.012781
0.01752
0.020814
0.02696
0.035073
0.036572
0.046512
0.058118
0.066292
0
0
0
0
0
0
0
0
0
0
0
0
0
0
0
0
0
0
0
0
0
0
0
0
0
0
0
0
0
0
0
0
0
0
0
0
0
0
0
0
0
0
0
0
0
0
0
0
0
0
3.6548e-05
3.6548e-05
0.00031384
0.00060031
0.00059334
0.00083119
0.00054221
0.00071192
0.00063218
0.00056033
0.00043679
0.0013569
0.0034265
0.0051107
0.0048059
0.002071
0.0016513
0.0013951
0.0015319
0.0017242
0.0021416
0.0029312
0.00488
0.0054536
0.0051306
0.0050265
0.0061737
0.0060137
0.006129
0.0080486
0.0095741
0.010703
0.011045
0.0092815
0.0095765
0.0095406
0.011701
0.012827
0.01046
0.010638
0.010235
0.010127
0.01293
0.019522
0.022971
0.029488
0.037625
0.039846
0.046665
0.057477
0.066292
0
0
0
0
0
0
0
0
0
0
0
0
0
0
0
0
0
0
0
0
0
0
0
0
0
0
0
0
0
0
0
0
0
0
0
0
0
0
0
0
0
0
0
0
0
0
0
0
0
0
0
0
4.143e-05
0.0002288
0.00033595
0.00035787
0.00043649
0.00066999
0.00069982
0.00078863
0.00083037
0.0017908
0.0040899
0.0053201
0.0053184
0.0036194
0.0028712
0.0027014
0.0025218
0.0023502
0.002594
0.0032905
0.0049363
0.0059637
0.005813
0.0056187
0.0050541
0.0055106
0.0070764
0.0076515
0.0099115
0.012705
0.012045
0.011605
0.011971
0.011974
0.013137
0.014343
0.012984
0.010937
0.010465
0.011101
0.014177
0.021122
0.024498
0.032608
0.039333
0.040854
0.045674
0.05829
0.066292
0
0
0
0
0
0
0
0
0
0
0
0
0
0
0
0
0
0
0
0
0
0
0
0
0
0
0
0
0
0
0
0
0
0
0
0
0
0
0
0
0
0
0
0
0
0
0
0
0
0
0
4.143e-05
4.143e-05
7.9407e-05
7.9407e-05
7.1672e-05
8.1563e-05
0.00012904
0.00030037
0.00076302
0.00090157
0.0015185
0.0027355
0.0045454
0.0050808
0.0038874
0.0037733
0.0036603
0.00343
0.0028961
0.0028083
0.0037872
0.0049044
0.0054621
0.0063631
0.0063123
0.0062757
0.0053709
0.0065107
0.0075119
0.011161
0.012338
0.013155
0.013814
0.013094
0.014257
0.015999
0.016497
0.015381
0.012564
0.011882
0.011721
0.014062
0.022785
0.026201
0.035241
0.038909
0.040957
0.046694
0.059025
0.066292
0
0
0
0
0
0
0
0
0
0
0
0
0
0
0
0
0
0
0
0
0
0
0
0
0
0
0
0
0
0
0
0
0
0
0
0
0
0
0
0
0
0
0
0
0
0
0
0
0
0
0
0
0
0
0
0
0.00042268
0.00055186
0.0013391
0.0017769
0.0016726
0.0021849
0.003023
0.0035791
0.0037686
0.004135
0.0041916
0.0038185
0.0029094
0.0027041
0.002926
0.0038685
0.0043314
0.0048427
0.00569
0.0060913
0.006369
0.0083245
0.0099496
0.011843
0.012323
0.015334
0.01538
0.014352
0.014377
0.017035
0.017979
0.017176
0.015115
0.015352
0.0139
0.014297
0.016783
0.02394
0.029231
0.037986
0.041455
0.040014
0.048437
0.057854
0.066292
0
0
0
0
0
0
0
0
0
0
0
0
0
0
0
0
0
0
0
0
0
0
0
0
0
0
0
0
0
0
0
0
0
0
0
0
0
0
0
0
0
0
0
0
0
0
0
0
0
0
0
0
0
0
0
0
0
0.00042268
0.00097711
0.0016245
0.0022878
0.0025492
0.0028248
0.0033676
0.0034685
0.0034771
0.0044002
0.0052363
0.0046138
0.0045432
0.0045207
0.003745
0.0054103
0.005233
0.0059615
0.0071954
0.0086339
0.010011
0.011993
0.013502
0.01632
0.017466
0.016116
0.014796
0.015978
0.016264
0.01709
0.017314
0.01628
0.016932
0.013953
0.015731
0.019192
0.024612
0.032743
0.039878
0.041432
0.040932
0.049318
0.057668
0.066292
0
0
0
0
0
0
0
0
0
0
0
0
0
0
0
0
0
0
0
0
0
0
0
0
0
0
0
0
0
0
0
0
0
0
0
0
0
0
0
0
0
0
0
0
0
0
0
0
0
0
0
0
0
0
0
0
0
6.8424e-05
0.00029161
0.00096413
0.0016996
0.0023421
0.0028216
0.0029586
0.0028599
0.0031038
0.0038203
0.0048859
0.0062671
0.006611
0.0062594
0.0060846
0.0062649
0.0077433
0.0077302
0.0072493
0.0079566
0.011726
0.013535
0.015953
0.017181
0.018253
0.019048
0.016513
0.015397
0.016475
0.017318
0.016223
0.016376
0.017278
0.016328
0.017133
0.020555
0.026857
0.03348
0.040585
0.041145
0.042781
0.050095
0.058797
0.066292
0
0
0
0
0
0
0
0
0
0
0
0
0
0
0
0
0
0
0
0
0
0
0
0
0
0
0
0
0
0
0
0
0
0
0
0
0
0
0
0
0
0
0
0
0
0
0
0
0
0
0
0
0
0
0
0
0
0
0.0001211
0.00035027
0.00039613
0.0014422
0.0023646
0.0029614
0.0030637
0.0026744
0.0032659
0.0048253
0.0062124
0.0069188
0.0074292
0.0072334
0.0080107
0.0087769
0.0086847
0.0086553
0.0084698
0.0098435
0.012326
0.012675
0.014975
0.019696
0.020153
0.017595
0.018754
0.015973
0.015388
0.016848
0.016535
0.016873
0.016379
0.019155
0.021718
0.027128
0.033157
0.040064
0.042233
0.041969
0.052327
0.060066
0.066292
0
0
0
0
0
0
0
0
0
0
0
0
0
0
0
0
0
0
0
0
0
0
0
0
0
0
0
0
0
0
0
0
0
0
0
0
0
0
0
0
0
0
0
0
0
0
0
0
0
0
0
0
0
0
0.00016034
0.00023979
0.00023979
7.9454e-05
7.9454e-05
4.1847e-05
0.00048541
0.0011786
0.0018276
0.0024683
0.0039678
0.0045916
0.0043947
0.0054265
0.0064749
0.008004
0.0079562
0.0088946
0.010429
0.010704
0.011371
0.011133
0.011273
0.013383
0.013624
0.013365
0.013064
0.018943
0.018583
0.017653
0.018474
0.014176
0.014723
0.015575
0.015568
0.016714
0.017662
0.019782
0.021518
0.028296
0.034525
0.040486
0.041691
0.04283
0.053042
0.059379
0.066292
0
0
0
0
0
0
0
0
0
0
0
0
0
0
0
0
0
0
0
0
0
0
0
0
0
0
0
0
0
0
0
0
0
0
0
0
0
0
0
0
0
0
0
0
0
0
0
0
0
0
0
0
0
0.00016034
0.00016034
0.00016034
0.00023979
0.00015365
7.4192e-05
0.00051598
0.00077453
0.0013787
0.0019544
0.0027284
0.0038531
0.0067215
0.0084202
0.0090129
0.0084781
0.0082288
0.0093148
0.011432
0.011712
0.013882
0.013841
0.015832
0.016684
0.016801
0.016036
0.012469
0.01542
0.021172
0.018824
0.017683
0.015971
0.014408
0.014978
0.017562
0.017776
0.020346
0.01938
0.02028
0.022763
0.028225
0.03343
0.040615
0.039683
0.042532
0.053175
0.060533
0.066292
0
0
0
0
0
0
0
0
0
0
0
0
0
0
0
0
0
0
0
0
0
0
0
0
0
0
0
0
0
0
0
0
0
0
0
0
0
0
0
0
0
0
0
0
0
0
0
0
0
0
0
0
0
0
0
0
0
0.00061063
0.00099064
0.0016583
0.0021402
0.0020645
0.0027131
0.002578
0.0053978
0.0073786
0.008988
0.010542
0.0084359
0.0082826
0.0087338
0.0092162
0.011267
0.013432
0.014663
0.018266
0.024135
0.022162
0.022053
0.019148
0.019726
0.023064
0.022517
0.018363
0.015588
0.013914
0.015903
0.016198
0.018793
0.019717
0.018248
0.021412
0.022703
0.029988
0.033797
0.039718
0.040376
0.042755
0.054006
0.061512
0.066292
0
0
0
0
0
0
0
0
0
0
0
0
0
0
0
0
0
0
0
0
0
0
0
0
0
0
0
0
0
0
0
0
0
0
0
0
0
0
0
0
0
0
0
0
0
0
0
0
0
0
0.0001768
0.00044027
0.00044027
0.00025306
0
0
0.00072716
0.0023015
0.0033175
0.0039864
0.0042449
0.0039037
0.0041617
0.0061476
0.0083305
0.0086983
0.010794
0.0095801
0.0084113
0.0074392
0.00822
0.010384
0.011957
0.013045
0.015593
0.020268
0.023647
0.024759
0.023518
0.022856
0.023946
0.026972
0.02777
0.021787
0.017527
0.015337
0.016486
0.016199
0.019586
0.020477
0.021091
0.022432
0.024479
0.029798
0.032799
0.037933
0.040616
0.0434
0.05404
0.062028
0.066292
0
0
0
0
0
0
0
0
0
0
0
0
0
0
0
0
0
0
0
0
0
0
0
0
0
0
0
0
0
0
0
0
0
0
0
0
0
0
0
0
0
0
0
0
0
0
0
0
0
0
0.00024539
0.00044027
0.00044027
0.0003821
5.7621e-05
0.00081283
0.00205
0.0047325
0.0066477
0.0067082
0.0058019
0.0067623
0.0075794
0.0096029
0.010546
0.010923
0.01035
0.01006
0.010473
0.010029
0.010003
0.011587
0.013531
0.015195
0.015573
0.017889
0.019137
0.020303
0.019837
0.020489
0.026856
0.030813
0.030524
0.028817
0.022062
0.017659
0.019196
0.01771
0.019347
0.020573
0.024086
0.029108
0.028105
0.031279
0.03387
0.039136
0.039713
0.043469
0.055365
0.062175
0.066292
0
0
0
0
0
0
0
0
0
0
0
0
0
0
0
0
0
0
0
0
0
0
0
0
0
0
0
0
0
0
0
0
0
0
0
0
0
0
0
0
0
0
0
0
0
0
0
0
0
0
5.1321e-05
0.00044074
0.00076274
0.00082628
0.0017611
0.0028242
0.0045509
0.0058146
0.0066139
0.0091656
0.0099302
0.010702
0.010714
0.011717
0.010445
0.010372
0.0096151
0.010853
0.01068
0.0098214
0.010137
0.010434
0.01204
0.013208
0.01414
0.014608
0.014762
0.016846
0.017533
0.019085
0.021214
0.02644
0.031206
0.030352
0.029312
0.025395
0.023873
0.022674
0.021247
0.022841
0.030277
0.034352
0.03305
0.032204
0.033397
0.037339
0.040322
0.043668
0.055961
0.065257
0.066292
0
0
0
0
0
0
0
0
0
0
0
0
0
0
0
0
0
0
0
0
0
0
0
0
0
0
0
0
0
0
0
0
0
0
0
0
0
0
0
0
0
0
0
0
0
0
0
0
0.00040913
0.00040913
0.0007856
0.0020031
0.0030227
0.0044188
0.0063056
0.00806
0.0079555
0.0081973
0.010206
0.01403
0.015502
0.016682
0.01424
0.010405
0.01023
0.0084558
0.0084637
0.010771
0.010373
0.010237
0.010126
0.010231
0.011256
0.012018
0.013441
0.013564
0.014661
0.017398
0.018563
0.023841
0.026421
0.035692
0.036619
0.031345
0.032292
0.031104
0.030532
0.029012
0.0265
0.028449
0.035893
0.039409
0.038451
0.034345
0.034928
0.037009
0.040301
0.043315
0.055054
0.065765
0.066292
0
0
0
0
0
0
0
0
0
0
0
0
0
0
0
0
0
0
0
0
0
0
0
0
0
0
0
0
0
0
0
0
0
0
0
0
0
0
0
0
0
0
0
0
0
0
0
0.00033624
0.00040913
0.00050339
0.0017421
0.0031799
0.0045235
0.0071428
0.008616
0.0085115
0.010592
0.011071
0.015095
0.016583
0.018939
0.01985
0.016526
0.013264
0.012158
0.01114
0.011572
0.011907
0.013665
0.01501
0.014621
0.014163
0.015171
0.014403
0.014087
0.014782
0.016798
0.017522
0.02137
0.024941
0.032305
0.03587
0.039176
0.037082
0.040931
0.039093
0.040289
0.038205
0.035279
0.040269
0.044855
0.045291
0.044357
0.036983
0.034112
0.035825
0.041436
0.044244
0.05645
0.065103
0.066292
0
0
0
0
0
0
0
0
0
0
0
0
0
0
0
0
0
0
0
0
0
0
0
0
0
0
0
0
0
0
0
0
0
0
0
0
0
0
0
0
0
0
0
0
0
0
0
0
0.00013165
7.1873e-05
0.00097544
0.0026196
0.0055351
0.0070287
0.0074789
0.0072495
0.0082747
0.01224
0.016107
0.020079
0.020295
0.02078
0.019208
0.017342
0.017023
0.016534
0.01772
0.018383
0.020128
0.023573
0.03145
0.031413
0.031251
0.02677
0.022868
0.020992
0.018198
0.019434
0.023614
0.030637
0.042492
0.047401
0.048535
0.047273
0.045832
0.047353
0.053276
0.047911
0.047947
0.050752
0.055162
0.051889
0.048541
0.042728
0.034096
0.037804
0.041179
0.044605
0.059012
0.066217
0.066292
0
0
0
0
0
0
0
0
0
0
0
0
0
0
0
0
0
0
0
0
0
0
0
0
0
0
0
0
0
0
0
0
0
0
0
0
0
0
0
0
0
0
0
0.00046329
0.00060527
0.00085211
0.0010184
0.00056604
0.0012864
0.0018443
0.0021275
0.0029432
0.0054838
0.0069644
0.0092579
0.0097884
0.010239
0.012248
0.014128
0.018845
0.020426
0.02309
0.02264
0.021779
0.022617
0.024134
0.024237
0.029037
0.036428
0.044565
0.045189
0.047471
0.045006
0.040661
0.033413
0.029307
0.024725
0.027166
0.031516
0.037292
0.047487
0.052027
0.054664
0.054316
0.054935
0.054762
0.060233
0.057994
0.059781
0.061081
0.063289
0.060809
0.052059
0.044589
0.036848
0.040032
0.041243
0.048376
0.060639
0.066259
0.066292
0
0
0
0
0
0
0
0
0
0
0
0
0
0
0
0
0
0
0
0
0
0
0
0
0
0
0
0
0
0
0
0
0
0
0
0
0
0
0
0
0
0
0
0.00044258
0.0016607
0.0017757
0.0017015
0.0019636
0.003063
0.0046031
0.0056352
0.0062139
0.0068571
0.0093586
0.014536
0.017725
0.018172
0.017636
0.017537
0.01744
0.019283
0.024469
0.025992
0.028197
0.031013
0.03012
0.036587
0.046502
0.053247
0.06483
0.067897
0.06974
0.063634
0.056885
0.051807
0.044925
0.04196
0.041812
0.048225
0.057448
0.06119
0.058266
0.066096
0.077946
0.084179
0.078935
0.078375
0.070086
0.068434
0.069797
0.072901
0.064613
0.05697
0.049195
0.039505
0.042742
0.042954
0.051256
0.062323
0.067435
0.066292
0
0
0
0
0
0
0
0
0
0
0
0
0
0
0
0
0
0
0
0
0
0
0
0
0
0
0
0
0
0
0
0
0
0
0
0
0
0
0
0
0
0
0.00029026
0.0010161
0.0022841
0.0033436
0.0042194
0.0042747
0.0052951
0.0071368
0.0079107
0.0089429
0.0093183
0.013892
0.018009
0.019966
0.022014
0.023757
0.022307
0.02337
0.028227
0.032714
0.035979
0.03897
0.042143
0.045575
0.059798
0.073124
0.082976
0.086591
0.1015
0.10841
0.095473
0.083184
0.068728
0.059694
0.055477
0.065403
0.084923
0.089223
0.079651
0.075499
0.089026
0.094104
0.10605
0.098451
0.081645
0.082728
0.081856
0.08237
0.078732
0.071305
0.060238
0.052174
0.043005
0.045617
0.046313
0.053141
0.064265
0.06869
0.066292
0
0
0
0
0
0
0
0
0
0
0
0
0
0
0
0
0
0
0
0
0
0
0
0
0
0
0
0
0
0
0
0
0
0
0
0
0
0
0
0
0
0
0
0.00047194
0.0012849
0.0033028
0.0055471
0.0069496
0.0088309
0.011809
0.012983
0.013685
0.014838
0.017445
0.019891
0.02061
0.023442
0.023656
0.024818
0.026093
0.028795
0.038339
0.047177
0.047491
0.054581
0.064003
0.081338
0.089603
0.099791
0.11261
0.11933
0.1213
0.11172
0.086309
0.068591
0.059086
0.060902
0.084678
0.11013
0.11291
0.10477
0.099301
0.10746
0.11103
0.12494
0.11233
0.089146
0.099162
0.093336
0.097379
0.090533
0.077187
0.063986
0.05648
0.046222
0.047522
0.049438
0.057422
0.066664
0.069948
0.066292
0
0
0
0
0
0
0
0
0
0
0
0
0
0
0
0
0
0
0
0
0
0
0
0
0
0
0
0
0
0
0
0
0
0
0
0
0
0
0
0
0
0
0
0
0.0009885
0.0037827
0.0069267
0.0085074
0.011156
0.011836
0.01325
0.014594
0.016421
0.019488
0.02213
0.020661
0.020964
0.021561
0.022277
0.022058
0.029888
0.041041
0.056704
0.066249
0.069603
0.068293
0.078687
0.10231
0.11255
0.12439
0.13452
0.12286
0.10871
0.097733
0.083047
0.077051
0.079499
0.10526
0.12964
0.14533
0.11993
0.10062
0.10685
0.12207
0.13554
0.12514
0.11584
0.10216
0.11222
0.11511
0.10877
0.084759
0.071246
0.056953
0.050523
0.050924
0.05166
0.060507
0.066961
0.069651
0.066292
0
0
0
0
0
0
0
0
0
0
0
0
0
0
0
0
0
0
0
0
0
0
0
0
0
0
0
0
0
0
0
0
0
0
0
0
0
0
0
0
0
0
0.00022632
0.0012222
0.0028322
0.0042654
0.0068342
0.0081005
0.0094066
0.012312
0.013952
0.015794
0.01764
0.018927
0.020313
0.020857
0.021373
0.020712
0.02425
0.036241
0.047275
0.066602
0.081797
0.083285
0.082171
0.08501
0.093435
0.10619
0.129
0.14248
0.14021
0.1401
0.1472
0.13876
0.12032
0.10994
0.10302
0.12154
0.13499
0.13919
0.12809
0.10411
0.10516
0.11643
0.12169
0.11877
0.12126
0.12329
0.13359
0.14122
0.12734
0.097093
0.073707
0.061463
0.054009
0.053846
0.055026
0.063487
0.070615
0.070521
0.066292
0
0
0
0
0
0
0
0
0
0
0
0
0
0
0
0
0
0
0
0
0
0
0
0
0
0
0
0
0
0
0
0
0
0
0
0
0
0
0
0
0
0.00054607
0.00095047
0.0016415
0.003229
0.0046964
0.0056763
0.0077053
0.0091668
0.011346
0.013388
0.014176
0.017359
0.019599
0.024315
0.025727
0.023639
0.029734
0.037135
0.044458
0.055305
0.066941
0.07108
0.080908
0.092281
0.10142
0.1091
0.12618
0.132
0.13915
0.1671
0.18569
0.20614
0.19953
0.17084
0.14767
0.13887
0.15775
0.17593
0.16641
0.14157
0.12013
0.11129
0.12281
0.12768
0.1216
0.12531
0.13935
0.1636
0.17179
0.15039
0.11536
0.082015
0.065211
0.059761
0.057269
0.058853
0.066237
0.071752
0.070442
0.066292
0
0
0
0
0
0
0
0
0
0
0
0
0
0
0
0
0
0
0
0
0
0
0
0
0
0
0
0
0
0
0
0
0
0
0
0
0
0
0
0
8.9545e-05
0.00050938
0.0017612
0.0038169
0.0055043
0.0063111
0.0075688
0.010906
0.013875
0.014581
0.016663
0.017195
0.018931
0.023643
0.027132
0.029474
0.030251
0.030616
0.037238
0.046841
0.050288
0.049757
0.067664
0.092955
0.11522
0.13727
0.15336
0.162
0.16728
0.16516
0.17805
0.20218
0.23202
0.24645
0.23862
0.21432
0.19428
0.18126
0.18442
0.19261
0.17202
0.16343
0.16072
0.15329
0.1648
0.14796
0.132
0.14803
0.18414
0.18579
0.17144
0.13726
0.094499
0.072327
0.066188
0.062301
0.059655
0.068873
0.074841
0.071237
0.066292
0
0
0
0
0
0
0
0
0
0
0
0
0
0
0
0
0
0
0
0
0
0
0
0
0
0
0
0
0
0
0
0
0
0
0
0
0
0
0
0
0
0.00028007
0.0033467
0.0062259
0.0085707
0.011454
0.012336
0.0154
0.018082
0.020418
0.021562
0.024391
0.024929
0.025498
0.030319
0.032411
0.037826
0.042075
0.050306
0.053591
0.065601
0.076183
0.084447
0.099532
0.1175
0.13596
0.1583
0.17973
0.18744
0.17817
0.18519
0.20706
0.23797
0.24951
0.26161
0.2539
0.25708
0.26382
0.25566
0.27269
0.25017
0.24434
0.24033
0.22012
0.20343
0.18575
0.18611
0.17941
0.19853
0.19999
0.20774
0.15643
0.10784
0.083073
0.074049
0.065496
0.062961
0.070217
0.076398
0.071996
0.066292
0
0
0
0
0
0
0
0
0
0
0
0
0
0
0
0
0
0
0
0
0
0
0
0
0
0
0
0
0
0
0
0
0
0
0
0
0
0
0
0.0001408
0.00072384
0.0019932
0.0036349
0.0072748
0.0096028
0.011485
0.014401
0.016491
0.019163
0.023539
0.022472
0.027675
0.029205
0.029615
0.029739
0.037801
0.048197
0.055676
0.065514
0.079317
0.098652
0.10611
0.11707
0.11395
0.12328
0.13487
0.15575
0.18584
0.20557
0.22156
0.22521
0.21601
0.23198
0.24736
0.28273
0.30662
0.29493
0.2897
0.2851
0.30975
0.2956
0.29651
0.30419
0.28897
0.26949
0.26194
0.2326
0.20919
0.21749
0.2198
0.22153
0.17885
0.11179
0.091606
0.07959
0.070893
0.067877
0.073869
0.078576
0.074421
0.066292
0
0
0
0
0
0
0
0
0
0
0
0
0
0
0
0
0
0
0
0
0
0
0
0
0
0
0
0
0
0
0
0
0
0
0
0
0
0
0
0.00041423
0.00094058
0.0020708
0.0034704
0.0056154
0.0083068
0.0093123
0.011972
0.014024
0.018571
0.021417
0.02448
0.028986
0.030177
0.033547
0.034833
0.038616
0.050132
0.05792
0.068037
0.082103
0.11899
0.13182
0.14965
0.14195
0.15739
0.18451
0.21108
0.24365
0.24984
0.27377
0.26759
0.26892
0.27949
0.30414
0.34026
0.346
0.33202
0.31319
0.30677
0.31367
0.30743
0.30961
0.30168
0.32434
0.33439
0.30823
0.27802
0.2365
0.24791
0.22304
0.22617
0.17859
0.12144
0.098585
0.089948
0.079574
0.071369
0.07584
0.080755
0.076151
0.066292
0
0
0
0
0
0
0
0
0
0
0
0
0
0
0
0
0
0
0
0
0
0
0
0
0
0
0
0
0
0
0
0
0
0
0
0
0
0
0
0.00044676
0.0013276
0.0020757
0.0040591
0.0063682
0.0076872
0.011297
0.012355
0.017294
0.020922
0.024719
0.026982
0.029262
0.031764
0.035904
0.039751
0.047188
0.05836
0.06647
0.081791
0.096175
0.11229
0.13091
0.15256
0.16703
0.18797
0.21353
0.25189
0.28165
0.30419
0.33394
0.34384
0.35059
0.35213
0.38845
0.41955
0.38941
0.36873
0.30171
0.2805
0.28603
0.26724
0.28725
0.28112
0.29721
0.31513
0.31888
0.29605
0.26987
0.2734
0.22677
0.23091
0.18948
0.13295
0.11249
0.098899
0.088098
0.078353
0.079814
0.081946
0.076584
0.066292
0
0
0
0
0
0
0
0
0
0
0
0
0
0
0
0
0
0
0
0
0
0
0
0
0
0
0
0
0
0
0
0
0
0
0
0
0
0
0.00044165
0.0010992
0.0026618
0.004274
0.0065155
0.008819
0.011388
0.013132
0.014455
0.020384
0.02616
0.032393
0.038951
0.03948
0.04067
0.043275
0.053148
0.063914
0.079125
0.097426
0.10367
0.10769
0.12092
0.1476
0.17134
0.19595
0.21464
0.24225
0.28005
0.30736
0.34251
0.36328
0.3648
0.37735
0.39187
0.40901
0.42438
0.42605
0.4401
0.42185
0.40213
0.33349
0.31292
0.3013
0.30474
0.30694
0.31822
0.33605
0.29445
0.26613
0.26951
0.25637
0.23036
0.19405
0.14307
0.12535
0.10669
0.093118
0.084153
0.080364
0.082099
0.077615
0.066292
0
0
0
0
0
0
0
0
0
0
0
0
0
0
0
0
0
0
0
0
0
0
0
0
0
0
0
0
0
0
0
0
0
0
0
0
0
0
0.00029015
0.0014065
0.0035906
0.0045315
0.0080374
0.010578
0.011211
0.012045
0.015525
0.019278
0.027082
0.037443
0.044395
0.050363
0.060406
0.069108
0.080849
0.089148
0.10895
0.1311
0.14602
0.16192
0.1757
0.20236
0.24185
0.27281
0.28367
0.325
0.34554
0.38773
0.40147
0.42745
0.41037
0.37406
0.35636
0.34874
0.36574
0.38308
0.47727
0.49767
0.46638
0.46322
0.49574
0.43313
0.41664
0.34684
0.3031
0.32871
0.31673
0.26933
0.27195
0.26703
0.2345
0.19573
0.14907
0.13293
0.12474
0.1019
0.092773
0.082581
0.082052
0.078684
0.066292
0
0
0
0
0
0
0
0
0
0
0
0
0
0
0
0
0
0
0
0
0
0
0
0
0
0
0
0
0
0
0
0
0
0
0
0
0
0
0.00011946
0.00039749
0.0016415
0.0038814
0.0062679
0.0083918
0.011232
0.012146
0.014902
0.021004
0.026853
0.035139
0.041086
0.053607
0.072093
0.087534
0.096978
0.1082
0.11738
0.15141
0.1879
0.20257
0.20874
0.24312
0.26017
0.29516
0.32694
0.35385
0.39676
0.4497
0.46691
0.4823
0.48612
0.46542
0.43045
0.41615
0.41846
0.38834
0.46267
0.49014
0.52117
0.50624
0.55684
0.52735
0.49828
0.42989
0.31755
0.31088
0.33378
0.35735
0.33759
0.30552
0.24553
0.19311
0.15305
0.14919
0.13242
0.10827
0.095205
0.082518
0.082192
0.079416
0.066292
0
0
0
0
0
0
0
0
0
0
0
0
0
0
0
0
0
0
0
0
0
0
0
0
0
0
0
0
0
0
0
0
0
0
0
0
0
0
0
0.00014434
0.0011824
0.0027131
0.0054938
0.0088751
0.010385
0.013599
0.015486
0.018731
0.024318
0.031755
0.040059
0.048605
0.059184
0.06937
0.081191
0.09147
0.12638
0.1552
0.17164
0.2005
0.20887
0.22027
0.23923
0.25808
0.301
0.33821
0.40345
0.4668
0.51362
0.50672
0.48827
0.5318
0.53519
0.53009
0.5179
0.4698
0.42682
0.40265
0.5253
0.57201
0.55605
0.56269
0.47819
0.57903
0.50207
0.47802
0.36389
0.39622
0.36398
0.33177
0.2679
0.19513
0.1623
0.15097
0.15201
0.12276
0.10054
0.085436
0.083697
0.080111
0.066292
0
0
0
0
0
0
0
0
0
0
0
0
0
0
0
0
0
0
0
0
0
0
0
0
0
0
0
0
0
0
0
0
0
0
0
0
0
0
7.1277e-05
0.00051913
0.002364
0.0037893
0.0063428
0.0080899
0.012382
0.014549
0.016014
0.019289
0.024973
0.041622
0.057539
0.072966
0.079766
0.080079
0.091931
0.11067
0.13874
0.15882
0.17289
0.18246
0.20695
0.23865
0.2745
0.30043
0.35483
0.39305
0.45888
0.52527
0.54971
0.55708
0.53295
0.48532
0.51572
0.56025
0.58247
0.63597
0.58597
0.58874
0.53149
0.52336
0.55166
0.44217
0.54631
0.56087
0.54198
0.5794
0.43947
0.44033
0.38029
0.33723
0.28231
0.21108
0.17556
0.15656
0.1603
0.13446
0.10652
0.087322
0.085337
0.079868
0.066292
0
0
0
0
0
0
0
0
0
0
0
0
0
0
0
0
0
0
0
0
0
0
0
0
0
0
0
0
0
0
0
0
0
0
0
0
0
0
0.00014156
0.00083452
0.0024932
0.0043575
0.0059505
0.0077023
0.012257
0.017951
0.025627
0.037216
0.050925
0.075446
0.091923
0.10813
0.11906
0.12361
0.13323
0.13606
0.15314
0.17512
0.19039
0.20379
0.23231
0.29168
0.33019
0.36762
0.39972
0.44415
0.50969
0.54533
0.56275
0.58609
0.58011
0.53828
0.54306
0.61843
0.65284
0.6692
0.65868
0.66601
0.54718
0.49156
0.48921
0.39536
0.49079
0.55775
0.54948
0.6202
0.48903
0.48751
0.42267
0.33929
0.27301
0.21624
0.19182
0.16659
0.16834
0.13988
0.11128
0.088613
0.086123
0.079471
0.066292
0
0
0
0
0
0
0
0
0
0
0
0
0
0
0
0
0
0
0
0
0
0
0
0
0
0
0
0
0
0
0
0
0
0
0
0
0
0
6.8477e-05
0.00062348
0.0016804
0.0033235
0.0058639
0.0083458
0.013184
0.020236
0.028287
0.045293
0.068056
0.095632
0.10956
0.12175
0.13893
0.15579
0.17152
0.16763
0.17398
0.19976
0.22176
0.24896
0.28501
0.3272
0.34883
0.36256
0.38781
0.44942
0.48131
0.46721
0.51489
0.55842
0.57066
0.58004
0.58185
0.5656
0.63904
0.66802
0.63756
0.57753
0.48788
0.49256
0.34776
0.3338
0.41564
0.51524
0.63928
0.61069
0.50997
0.47324
0.43007
0.36829
0.27131
0.21887
0.19407
0.17995
0.17128
0.15355
0.11734
0.09068
0.087997
0.080558
0.066292
0
0
0
0
0
0
0
0
0
0
0
0
0
0
0
0
0
0
0
0
0
0
0
0
0
0
0
0
0
0
0
0
0
0
0
0
0
0
9.3763e-05
0.00090269
0.0026487
0.0040582
0.0070742
0.010306
0.012958
0.01453
0.017889
0.026159
0.040909
0.067064
0.099571
0.13098
0.16252
0.18602
0.19598
0.20114
0.19651
0.20418
0.23548
0.28598
0.3163
0.33677
0.35043
0.38284
0.41714
0.43962
0.43109
0.43349
0.46486
0.52771
0.54072
0.53946
0.58136
0.57295
0.62678
0.5882
0.66357
0.75415
0.7007
0.59297
0.45241
0.371
0.37987
0.41443
0.49148
0.51747
0.51483
0.43034
0.39304
0.35127
0.27167
0.22625
0.19405
0.17225
0.17615
0.15307
0.11243
0.093815
0.087483
0.080946
0.066292
0
0
0
0
0
0
0
0
0
0
0
0
0
0
0
0
0
0
0
0
0
0
0
0
0
0
0
0
0
0
0
0
0
0
0
0
0
0
0.00025042
0.00086591
0.001843
0.0032221
0.0060471
0.0073782
0.010483
0.014688
0.019773
0.025852
0.040302
0.050637
0.079572
0.11666
0.14437
0.16527
0.18101
0.17888
0.1919
0.23588
0.305
0.33781
0.34858
0.3442
0.35722
0.39298
0.39157
0.41832
0.40839
0.41174
0.46502
0.49008
0.5305
0.57204
0.58514
0.67308
0.74305
0.71988
0.75196
0.84123
0.79095
0.75706
0.59225
0.4399
0.38136
0.39617
0.48912
0.45715
0.48043
0.42008
0.35735
0.31798
0.28445
0.23398
0.18713
0.18721
0.17584
0.15162
0.11278
0.096228
0.090158
0.081033
0.066292
0
0
0
0
0
0
0
0
0
0
0
0
0
0
0
0
0
0
0
0
0
0
0
0
0
0
0
0
0
0
0
0
0
0
0
0
0
0
0
0.00037828
0.00096274
0.0025649
0.0051715
0.009135
0.013139
0.018835
0.026582
0.035899
0.051768
0.073216
0.086398
0.10239
0.12159
0.13046
0.15036
0.14264
0.18295
0.23488
0.29819
0.361
0.40429
0.43995
0.44512
0.43145
0.40991
0.40392
0.44581
0.46478
0.49929
0.60115
0.63473
0.68201
0.74374
0.73379
0.70531
0.71606
0.78097
0.79334
0.79384
0.75533
0.57241
0.47007
0.40914
0.4199
0.50561
0.42889
0.41681
0.394
0.35336
0.29925
0.27375
0.22796
0.18051
0.18141
0.16757
0.14908
0.11626
0.099873
0.091097
0.0811
0.066292
0
0
0
0
0
0
0
0
0
0
0
0
0
0
0
0
0
0
0
0
0
0
0
0
0
0
0
0
0
0
0
0
0
0
0
0
0
0
0.00025607
0.00094464
0.0021862
0.0048541
0.0099676
0.012691
0.017957
0.02197
0.030454
0.044343
0.075035
0.10087
0.12842
0.15071
0.17636
0.2078
0.23112
0.24658
0.25051
0.27278
0.31992
0.40017
0.4966
0.5565
0.59121
0.57055
0.54055
0.55405
0.6205
0.68687
0.66836
0.65502
0.72082
0.74623
0.73258
0.77869
0.75359
0.67504
0.76712
0.74619
0.70241
0.72625
0.68435
0.59366
0.46264
0.43985
0.48815
0.49788
0.47525
0.36332
0.3221
0.29771
0.25891
0.21075
0.17581
0.17014
0.16227
0.14367
0.11675
0.10428
0.092515
0.081725
0.066292
0
0
0
0
0
0
0
0
0
0
0
0
0
0
0
0
0
0
0
0
0
0
0
0
0
0
0
0
0
0
0
0
0
0
0
0
0
7.3222e-05
0.00016584
0.0010762
0.0029114
0.005126
0.011283
0.017345
0.022587
0.025194
0.042231
0.064293
0.086398
0.11666
0.14468
0.18163
0.21823
0.26096
0.29637
0.31228
0.31579
0.35273
0.38249
0.46438
0.52909
0.57306
0.62686
0.67144
0.66085
0.70766
0.69663
0.73085
0.75467
0.7139
0.79981
0.80445
0.79497
0.77543
0.76789
0.75595
0.77679
0.76194
0.84388
1
0.89874
0.75762
0.67141
0.50999
0.51817
0.5114
0.43589
0.35272
0.31876
0.28568
0.22684
0.20048
0.17148
0.15455
0.15596
0.14386
0.11873
0.10567
0.092331
0.081395
0.066292
0
0
0
0
0
0
0
0
0
0
0
0
0
0
0
0
0
0
0
0
0
0
0
0
0
0
0
0
0
0
0
0
0
0
0
0
0
7.3222e-05
0.00047283
0.00081096
0.0024118
0.01018
0.017491
0.02143
0.025315
0.025972
0.036271
0.063191
0.10333
0.13862
0.17907
0.20341
0.23505
0.25878
0.28336
0.3414
0.3723
0.43482
0.49604
0.55442
0.61443
0.64152
0.66022
0.68091
0.64713
0.59571
0.56915
0.59466
0.60224
0.65794
0.73863
0.81788
0.82124
0.85658
0.79728
0.76793
0.75071
0.71991
0.77819
0.86928
0.9229
0.90525
0.77548
0.58677
0.53675
0.50126
0.45216
0.38996
0.33553
0.30884
0.22016
0.19517
0.16096
0.15163
0.16012
0.15243
0.11862
0.10251
0.091507
0.080357
0.066292
