0
0
0
0
0
0
0
0
0
0
0
0
0
0
0
0
0
0
0
0
0
0
0
0
0
0
0
0
0
0
0
0
0
0
0
0
0
0
0
0
0
0
0
0
0
0
0
0
0
0
0
0
0
0
0
0
0
0.0010896
0.01694
0.050098
0.1166
0.20149
0.28166
0.28865
0.26458
0.25204
0.27
0.30943
0.35577
0.40151
0.46284
0.5071
0.6144
0.58794
0.63088
0.70935
0.86257
0.90876
0.9482
1
0.88317
0.78899
0.6627
0.59227
0.50843
0.52027
0.59622
0.61274
0.59445
0.56917
0.58166
0.63296
0.68184
0.70979
0.64089
0.55898
0.45674
0.38237
0.35297
0.33108
0.30601
0
0
0
0
0
0
0
0
0
0
0
0
0
0
0
0
0
0
0
0
0
0
0
0
0
0
0
0
0
0
0
0
0
0
0
0
0
0
0
0
0
0
0
0
0
0
0
0
0
0
0
0
0
0
0
0
0
0.02263
0.099481
0.14068
0.18465
0.18506
0.18912
0.19879
0.21942
0.24913
0.32263
0.37743
0.39372
0.37688
0.37084
0.37366
0.47562
0.5413
0.63845
0.76293
0.78783
0.93042
0.93045
0.92541
0.8243
0.75365
0.65133
0.56601
0.58128
0.60462
0.64235
0.69736
0.59881
0.53626
0.54388
0.65373
0.70654
0.67492
0.6393
0.54235
0.46116
0.38852
0.34665
0.33103
0.30601
0
0
0
0
0
0
0
0
0
0
0
0
0
0
0
0
0
0
0
0
0
0
0
0
0
0
0
0
0
0
0
0
0
0
0
0
0
0
0
0
0
0
0
0
0
0
0
0
0
0
0
0
0
0
0
0
0.0005076
0.027553
0.10209
0.13
0.17934
0.17471
0.20375
0.25472
0.28399
0.30036
0.37212
0.41732
0.43891
0.43258
0.43736
0.46274
0.50248
0.57448
0.64569
0.71847
0.81722
0.82077
0.80606
0.81165
0.78291
0.6842
0.61089
0.55373
0.6216
0.70092
0.6584
0.67917
0.5931
0.51272
0.5419
0.6499
0.70583
0.68538
0.61751
0.52704
0.44948
0.38222
0.35188
0.33175
0.30601
0
0
0
0
0
0
0
0
0
0
0
0
0
0
0
0
0
0
0
0
0
0
0
0
0
0
0
0
0
0
0
0
0
0
0
0
0
0
0
0
0
0
0
0
0
0
0
0
0
0
0
0
0
0
0
0
0.0048543
0.0073286
0.035509
0.083415
0.12479
0.17714
0.23478
0.27988
0.32075
0.35131
0.38011
0.4102
0.51709
0.58128
0.55269
0.55988
0.52689
0.55413
0.58331
0.68018
0.71858
0.73182
0.7283
0.79068
0.80552
0.67763
0.57567
0.54727
0.62607
0.71608
0.68791
0.66304
0.62058
0.53573
0.56409
0.66266
0.69245
0.67971
0.59947
0.49567
0.44609
0.38573
0.34989
0.33344
0.30601
0
0
0
0
0
0
0
0
0
0
0
0
0
0
0
0
0
0
0
0
0
0
0
0
0
0
0
0
0
0
0
0
0
0
0
0
0
0
0
0
0
0
0
0
0
0
0
0
0
0
0
0
0
0
0
0
0
0.0064879
0.025676
0.081277
0.11991
0.15889
0.20754
0.23922
0.26126
0.2972
0.30949
0.37022
0.47014
0.51317
0.55188
0.51609
0.47227
0.46076
0.48037
0.54108
0.56833
0.62486
0.69196
0.73357
0.77665
0.71986
0.65901
0.68739
0.70151
0.7206
0.7242
0.67265
0.63594
0.57515
0.62968
0.63868
0.6538
0.68574
0.56136
0.47033
0.44392
0.38885
0.34588
0.3334
0.30601
0
0
0
0
0
0
0
0
0
0
0
0
0
0
0
0
0
0
0
0
0
0
0
0
0
0
0
0
0
0
0
0
0
0
0
0
0
0
0
0
0
0
0
0
0
0
0
0
0
0
0
0
0
0
0
0
0
0.00090147
0.0090321
0.036939
0.075745
0.14548
0.18244
0.18505
0.18108
0.16862
0.1938
0.2376
0.29549
0.38509
0.40795
0.41741
0.42072
0.44067
0.45811
0.54175
0.60481
0.57964
0.55884
0.63506
0.72084
0.82635
0.84512
0.77823
0.75159
0.69992
0.64256
0.634
0.59074
0.59465
0.65011
0.62918
0.64273
0.66626
0.53164
0.45667
0.43535
0.3929
0.35013
0.33418
0.30601
0
0
0
0
0
0
0
0
0
0
0
0
0
0
0
0
0
0
0
0
0
0
0
0
0
0
0
0
0
0
0
0
0
0
0
0
0
0
0
0
0
0
0
0
0
0
0
0
0
0
0
0
0
0
0
0
0
0.00045877
0.0046296
0.039246
0.082516
0.14266
0.17871
0.17632
0.16779
0.15067
0.14875
0.18788
0.20781
0.25422
0.30501
0.34846
0.41569
0.49783
0.57854
0.63753
0.6414
0.63091
0.62642
0.66037
0.73493
0.83416
0.89415
0.8889
0.75801
0.63991
0.5592
0.55907
0.58132
0.63962
0.68891
0.66141
0.63443
0.61456
0.48675
0.44257
0.42617
0.40162
0.36329
0.3378
0.30601
0
0
0
0
0
0
0
0
0
0
0
0
0
0
0
0
0
0
0
0
0
0
0
0
0
0
0
0
0
0
0
0
0
0
0
0
0
0
0
0
0
0
0
0
0
0
0
0
0
0
0
0
0
0
0
0
0
0.00045877
0.0052446
0.039053
0.073642
0.13991
0.2044
0.22181
0.21057
0.15349
0.14903
0.16991
0.19602
0.23491
0.27063
0.30791
0.39415
0.51117
0.59723
0.64937
0.68228
0.65014
0.66651
0.69089
0.73291
0.8321
0.83526
0.84778
0.6788
0.5678
0.54772
0.54496
0.60463
0.69163
0.7623
0.71118
0.63812
0.57798
0.47533
0.42755
0.42701
0.40895
0.36654
0.33902
0.30601
0
0
0
0
0
0
0
0
0
0
0
0
0
0
0
0
0
0
0
0
0
0
0
0
0
0
0
0
0
0
0
0
0
0
0
0
0
0
0
0
0
0
0
0
0
0
0
0
0
0
0
0
0
0
0
0
0
0
0.0024384
0.017444
0.036949
0.072907
0.13651
0.16116
0.18218
0.19482
0.20576
0.22013
0.24539
0.25247
0.26836
0.28962
0.33915
0.44998
0.50989
0.51767
0.52985
0.57145
0.71813
0.79738
0.78128
0.7945
0.74116
0.66694
0.60245
0.53689
0.53883
0.55959
0.65107
0.72948
0.75417
0.72307
0.6526
0.50457
0.44219
0.40714
0.42061
0.41569
0.38125
0.33003
0.30601
0
0
0
0
0
0
0
0
0
0
0
0
0
0
0
0
0
0
0
0
0
0
0
0
0
0
0
0
0
0
0
0
0
0
0
0
0
0
0
0
0
0
0
0
0
0
0
0
0
0
0
0
0
0
0
0
0
0
0.0054209
0.023324
0.050836
0.072328
0.086908
0.091082
0.13616
0.20828
0.27848
0.29343
0.2595
0.25887
0.26507
0.28977
0.31528
0.35707
0.40758
0.43562
0.44867
0.58267
0.68784
0.7562
0.74238
0.68774
0.66045
0.62365
0.55609
0.51377
0.50504
0.57034
0.64648
0.70202
0.70492
0.69172
0.58605
0.43901
0.40759
0.40275
0.41771
0.40865
0.37801
0.32756
0.30601
0
0
0
0
0
0
0
0
0
0
0
0
0
0
0
0
0
0
0
0
0
0
0
0
0
0
0
0
0
0
0
0
0
0
0
0
0
0
0
0
0
0
0
0
0
0
0
0
0
0
0
0
0
0
0
0
0
0.0011493
0.0037449
0.02309
0.054384
0.072205
0.095032
0.099736
0.12174
0.17438
0.20586
0.24419
0.26607
0.24944
0.25457
0.27181
0.29414
0.3668
0.40387
0.44098
0.44424
0.55313
0.61258
0.67353
0.73655
0.64974
0.66766
0.58893
0.54178
0.52642
0.51501
0.57545
0.63824
0.68971
0.6875
0.61885
0.50673
0.41085
0.38295
0.39577
0.39862
0.40563
0.37212
0.32576
0.30601
0
0
0
0
0
0
0
0
0
0
0
0
0
0
0
0
0
0
0
0
0
0
0
0
0
0
0
0
0
0
0
0
0
0
0
0
0
0
0
0
0
0
0
0
0
0
0
0
0
0
0
0
0
0
0
0
0
0.001274
0.0054905
0.012987
0.029611
0.046613
0.065776
0.083713
0.099999
0.12873
0.13354
0.15456
0.18888
0.20938
0.23252
0.26551
0.2498
0.31361
0.38122
0.42051
0.45127
0.43315
0.4849
0.53968
0.59064
0.60089
0.62747
0.61245
0.53638
0.50182
0.51569
0.5544
0.59443
0.64878
0.62302
0.55524
0.43791
0.35311
0.36634
0.38632
0.38005
0.40364
0.37669
0.32177
0.30601
0
0
0
0
0
0
0
0
0
0
0
0
0
0
0
0
0
0
0
0
0
0
0
0
0
0
0
0
0
0
0
0
0
0
0
0
0
0
0
0
0
0
0
0
0
0
0
0
0
0
0
0
0
0
0
0
0
0.00027211
0.0057345
0.01293
0.026612
0.050388
0.06522
0.086101
0.1089
0.11374
0.13566
0.16393
0.17881
0.21383
0.24194
0.24586
0.29716
0.33209
0.36608
0.41646
0.42636
0.40806
0.42729
0.43615
0.51151
0.58874
0.59746
0.54777
0.50868
0.45979
0.50655
0.52519
0.51462
0.56363
0.55815
0.45883
0.3829
0.32538
0.33221
0.36937
0.36315
0.39962
0.3727
0.31074
0.30601
0
0
0
0
0
0
0
0
0
0
0
0
0
0
0
0
0
0
0
0
0
0
0
0
0
0
0
0
0
0
0
0
0
0
0
0
0
0
0
0
0
0
0
0
0
0
0
0
0
0
0
0
0
0
0
0
0
0
0.0013153
0.011754
0.022582
0.045791
0.064898
0.097535
0.11628
0.12576
0.15381
0.15589
0.17825
0.18443
0.21196
0.2583
0.33009
0.36206
0.36843
0.36802
0.39713
0.42918
0.44401
0.4521
0.43758
0.49574
0.50242
0.47395
0.48578
0.49655
0.51537
0.52622
0.52259
0.51566
0.45586
0.37657
0.34159
0.30006
0.30856
0.34982
0.35295
0.40042
0.37248
0.31073
0.30601
0
0
0
0
0
0
0
0
0
0
0
0
0
0
0
0
0
0
0
0
0
0
0
0
0
0
0
0
0
0
0
0
0
0
0
0
0
0
0
0
0
0
0
0
0
0
0
0
0
0
0
0
0
0
0
0
0
0.00034703
0.0013619
0.013407
0.028396
0.040396
0.056139
0.081104
0.10749
0.13685
0.14256
0.14054
0.13548
0.1447
0.15846
0.22844
0.29372
0.35243
0.36007
0.33275
0.36266
0.38552
0.41222
0.42052
0.41552
0.41237
0.46713
0.49228
0.46344
0.50155
0.54615
0.58549
0.55216
0.45068
0.41754
0.33235
0.31222
0.28294
0.29173
0.34014
0.34705
0.39532
0.36843
0.3076
0.30601
0
0
0
0
0
0
0
0
0
0
0
0
0
0
0
0
0
0
0
0
0
0
0
0
0
0
0
0
0
0
0
0
0
0
0
0
0
0
0
0
0
0
0
0
0
0
0
0
0
0
0
0
0
0
0
0
0
0
0.0025063
0.016704
0.03012
0.052472
0.065071
0.080134
0.09657
0.12099
0.12723
0.12092
0.1312
0.1537
0.19021
0.22474
0.26486
0.31277
0.31023
0.27591
0.27626
0.32278
0.39071
0.39471
0.42626
0.45621
0.47466
0.49507
0.4921
0.54423
0.55673
0.62104
0.58391
0.49176
0.4333
0.32842
0.28834
0.28194
0.28017
0.35202
0.34013
0.37919
0.36131
0.29659
0.30601
0
0
0
0
0
0
0
0
0
0
0
0
0
0
0
0
0
0
0
0
0
0
0
0
0
0
0
0
0
0
0
0
0
0
0
0
0
0
0
0
0
0
0
0
0
0
0
0
0
0
0
0
0
0
0
0
0
0
0.0012344
0.0067549
0.031457
0.050918
0.062617
0.062987
0.062298
0.068421
0.081513
0.095027
0.11836
0.14619
0.16477
0.18082
0.2247
0.22665
0.23161
0.22283
0.21466
0.23544
0.29732
0.33171
0.38158
0.44495
0.49818
0.5089
0.53838
0.57224
0.56557
0.62338
0.60219
0.51873
0.46789
0.33472
0.29457
0.28917
0.28264
0.33577
0.33056
0.36176
0.35943
0.30051
0.30601
0
0
0
0
0
0
0
0
0
0
0
0
0
0
0
0
0
0
0
0
0
0
0
0
0
0
0
0
0
0
0
0
0
0
0
0
0
0
0
0
0
0
0
0
0
0
0
0
0
0
0
0
0
0
0
0
0
0
0.0012302
0.0049107
0.017833
0.041355
0.044841
0.048433
0.047426
0.046886
0.061461
0.079149
0.10541
0.12933
0.14395
0.15308
0.16177
0.17811
0.18258
0.17101
0.19065
0.21582
0.24349
0.26778
0.31141
0.38803
0.45475
0.4748
0.45973
0.45086
0.49816
0.5625
0.56678
0.52096
0.46952
0.36105
0.32589
0.28577
0.28524
0.32884
0.32513
0.35724
0.34716
0.29678
0.30601
0
0
0
0
0
0
0
0
0
0
0
0
0
0
0
0
0
0
0
0
0
0
0
0
0
0
0
0
0
0
0
0
0
0
0
0
0
0
0
0
0
0
0
0
0
0
0
0
0
0
0
0
0
0
0
0
0
0
0
0.0026885
0.0059581
0.013475
0.02174
0.023878
0.029667
0.039929
0.06416
0.087105
0.11981
0.12893
0.13851
0.16326
0.17053
0.19099
0.17966
0.15454
0.17363
0.2043
0.22661
0.26643
0.2691
0.32978
0.37593
0.41826
0.40276
0.36406
0.40761
0.44857
0.4754
0.47649
0.45103
0.39817
0.36527
0.30864
0.27725
0.31412
0.31787
0.35807
0.33755
0.29736
0.30601
0
0
0
0
0
0
0
0
0
0
0
0
0
0
0
0
0
0
0
0
0
0
0
0
0
0
0
0
0
0
0
0
0
0
0
0
0
0
0
0
0
0
0
0
0
0
0
0
0
0
0
0
0
0
0
0
0
0
0
0.00024104
0.004465
0.011589
0.018875
0.022374
0.028578
0.036892
0.057218
0.076936
0.098991
0.11076
0.11376
0.13572
0.16129
0.17678
0.15946
0.15967
0.17183
0.1795
0.18899
0.22883
0.25639
0.29423
0.31536
0.34742
0.34896
0.32613
0.31856
0.349
0.41428
0.43702
0.41997
0.40068
0.373
0.31691
0.27509
0.29207
0.31127
0.34954
0.32729
0.29371
0.30601
0
0
0
0
0
0
0
0
0
0
0
0
0
0
0
0
0
0
0
0
0
0
0
0
0
0
0
0
0
0
0
0
0
0
0
0
0
0
0
0
0
0
0
0
0
0
0
0
0
0
0
0
0
0
0
0
0
0
0
0.00084443
0.0085788
0.015125
0.020277
0.024571
0.028415
0.032497
0.044888
0.054494
0.06093
0.064458
0.071484
0.087445
0.11209
0.13833
0.15532
0.14873
0.15023
0.18521
0.18066
0.1966
0.22458
0.25186
0.27734
0.26894
0.2978
0.29027
0.28107
0.27981
0.34188
0.38638
0.37085
0.39957
0.38409
0.32637
0.27392
0.26526
0.30336
0.33544
0.30978
0.29213
0.30601
0
0
0
0
0
0
0
0
0
0
0
0
0
0
0
0
0
0
0
0
0
0
0
0
0
0
0
0
0
0
0
0
0
0
0
0
0
0
0
0
0
0
0
0
0
0
0
0
0
0
0
0
0
0
0
0
0
0
0.00059023
0.0029714
0.0060612
0.011937
0.014532
0.016228
0.022742
0.03342
0.032313
0.037535
0.03686
0.038812
0.056284
0.082412
0.1143
0.13513
0.14097
0.147
0.151
0.14608
0.14467
0.16383
0.18338
0.191
0.20413
0.24175
0.27663
0.29367
0.29259
0.29958
0.30424
0.34049
0.35235
0.39454
0.39199
0.34515
0.28182
0.24243
0.28753
0.31146
0.3025
0.28796
0.30601
0
0
0
0
0
0
0
0
0
0
0
0
0
0
0
0
0
0
0
0
0
0
0
0
0
0
0
0
0
0
0
0
0
0
0
0
0
0
0
0
0
0
0
0
0
0
0
0
0
0
0
0
0
0
0
0
0
0
0.00028907
0.0018649
0.0037825
0.0051138
0.0053017
0.0076853
0.018384
0.027384
0.029321
0.027035
0.026482
0.032454
0.049866
0.074171
0.10121
0.11812
0.12573
0.12001
0.12011
0.1238
0.12033
0.12978
0.14433
0.17459
0.18402
0.22208
0.26148
0.29084
0.3195
0.29976
0.30076
0.30919
0.33369
0.36334
0.37937
0.34916
0.2868
0.23515
0.27242
0.30444
0.30114
0.28205
0.30601
0
0
0
0
0
0
0
0
0
0
0
0
0
0
0
0
0
0
0
0
0
0
0
0
0
0
0
0
0
0
0
0
0
0
0
0
0
0
0
0
0
0
0
0
0
0
0
0
0
0
0
0
0
0
0
0
0
0
0
0
0.00039784
0.0045458
0.0042736
0.0064325
0.0088076
0.013203
0.018452
0.021514
0.024568
0.02669
0.034576
0.054844
0.070514
0.077572
0.08787
0.090993
0.097147
0.099884
0.10896
0.12133
0.13051
0.15636
0.1637
0.19922
0.23266
0.26011
0.27762
0.27584
0.28084
0.27767
0.30192
0.34862
0.37636
0.34652
0.27164
0.22983
0.25623
0.28024
0.28739
0.28078
0.30601
0
0
0
0
0
0
0
0
0
0
0
0
0
0
0
0
0
0
0
0
0
0
0
0
0
0
0
0
0
0
0
0
0
0
0
0
0
0
0
0
0
0
0
0
0
0
0
0
0
0
0
0
0
0
0
0
0
0
0
0.0035037
0.0069634
0.0086099
0.0074639
0.0057046
0.0040048
0.0060125
0.0085078
0.010645
0.013141
0.023254
0.034379
0.044553
0.050106
0.10599
0.11569
0.10999
0.11745
0.1377
0.13632
0.15103
0.14754
0.16328
0.16593
0.17572
0.20581
0.21182
0.234
0.24417
0.24175
0.24233
0.2635
0.31832
0.3446
0.33317
0.26178
0.22759
0.24183
0.2729
0.28241
0.278
0.30601
0
0
0
0
0
0
0
0
0
0
0
0
0
0
0
0
0
0
0
0
0
0
0
0
0
0
0
0
0
0
0
0
0
0
0
0
0
0
0
0
0
0
0
0
0
0
0
0
0
0
0
0
0
0
0
0
0
0
0.0011042
0.0038658
0.0048168
0.0048168
0.0046648
0.0018713
0.0068896
0.011392
0.019103
0.023756
0.021753
0.021918
0.033782
0.043376
0.10071
0.1011
0.11945
0.13152
0.11754
0.12731
0.13535
0.15982
0.15459
0.16265
0.14633
0.13229
0.15254
0.17671
0.19073
0.21136
0.20495
0.19799
0.22621
0.27414
0.30827
0.28398
0.24006
0.21445
0.21727
0.25696
0.27206
0.27624
0.30601
0
0
0
0
0
0
0
0
0
0
0
0
0
0
0
0
0
0
0
0
0
0
0
0
0
0
0
0
0
0
0
0
0
0
0
0
0
0
0
0
0
0
0
0
0
0
0
0
0
0
0
0
0
0
0
0
0
0
0
0
0
0.00023839
0.0015704
0.0028563
0.0063509
0.018538
0.033317
0.036571
0.033808
0.030596
0.03091
0.041184
0.067979
0.094352
0.10073
0.085975
0.075772
0.098153
0.1163
0.13038
0.13427
0.13917
0.12484
0.10576
0.11681
0.14275
0.15123
0.15877
0.16097
0.1655
0.19306
0.24624
0.27156
0.24834
0.22693
0.20783
0.21171
0.24946
0.26382
0.27522
0.30601
0
0
0
0
0
0
0
0
0
0
0
0
0
0
0
0
0
0
0
0
0
0
0
0
0
0
0
0
0
0
0
0
0
0
0
0
0
0
0
0
0
0
0
0
0
0
0
0
0
0
0
0
0
0
0
0
0
0
0
0
0
0
0.00052419
0.0010634
0.0027755
0.011727
0.019768
0.034556
0.032741
0.02842
0.028125
0.036551
0.037914
0.037215
0.045888
0.050832
0.052243
0.050504
0.065697
0.096759
0.12633
0.12944
0.11708
0.10437
0.11704
0.14171
0.14831
0.14891
0.13352
0.13636
0.16702
0.22195
0.23857
0.22968
0.21334
0.20699
0.20718
0.23661
0.25262
0.27559
0.30601
0
0
0
0
0
0
0
0
0
0
0
0
0
0
0
0
0
0
0
0
0
0
0
0
0
0
0
0
0
0
0
0
0
0
0
0
0
0
0
0
0
0
0
0
0
0
0
0
0
0
0
0
0
0
0
0
0
0
0
0
0.00028346
0.00028346
0
0.00056945
0.0015303
0.0023945
0.0090147
0.012358
0.015201
0.014698
0.014861
0.022664
0.027294
0.041321
0.04821
0.060855
0.057034
0.053025
0.057918
0.073879
0.096442
0.10253
0.10272
0.10066
0.11243
0.13363
0.14173
0.14087
0.12555
0.12912
0.14902
0.19464
0.21509
0.21211
0.19526
0.19985
0.21202
0.23089
0.24342
0.27517
0.30601
0
0
0
0
0
0
0
0
0
0
0
0
0
0
0
0
0
0
0
0
0
0
0
0
0
0
0
0
0
0
0
0
0
0
0
0
0
0
0
0
0
0
0
0
0
0
0
0
0
0
0
0
0
0
0
0
0
0
0
0.00028346
0.00028346
0.00028346
0.00028346
0.00056945
0.0017434
0.0022601
0.0032433
0.0028127
0.00095521
0.0020134
0.0060541
0.010516
0.018278
0.030059
0.049135
0.057975
0.056199
0.050181
0.05084
0.06174
0.082842
0.086656
0.086745
0.089381
0.096145
0.12048
0.13067
0.12556
0.11571
0.1264
0.14672
0.18051
0.19008
0.19117
0.18361
0.19323
0.20861
0.22405
0.24033
0.27219
0.30601
0
0
0
0
0
0
0
0
0
0
0
0
0
0
0
0
0
0
0
0
0
0
0
0
0
0
0
0
0
0
0
0
0
0
0
0
0
0
0
0
0
0
0
0
0
0
0
0
0
0
0
0
0
0
0
0
0
0
0
0.00024316
0.00044955
0.00044955
0.00020638
0.00025374
0.00042266
0.0012214
0.0015886
0.00098215
0.00098215
0.00045741
0.0031016
0.0056564
0.011471
0.018828
0.03676
0.039253
0.042429
0.033767
0.036821
0.039061
0.050675
0.06281
0.076893
0.081825
0.091953
0.11132
0.11982
0.11538
0.12068
0.12108
0.15251
0.16735
0.18102
0.18165
0.17594
0.1882
0.20742
0.22631
0.24065
0.26982
0.30601
0
0
0
0
0
0
0
0
0
0
0
0
0
0
0
0
0
0
0
0
0
0
0
0
0
0
0
0
0
0
0
0
0
0
0
0
0
0
0
0
0
0
0
0
0
0
0
0
0
0
0
0
0
0
0
0
0
0
0
0.0014278
0.0022751
0.0038952
0.0061548
0.0037314
0.00059658
0
0.00061496
0.00061496
0.00061496
0.00045741
0.0015758
0.0039568
0.0079583
0.014939
0.020298
0.027483
0.028686
0.026548
0.030015
0.0351
0.04173
0.057322
0.066493
0.068951
0.072257
0.087624
0.095497
0.1061
0.12083
0.11993
0.1559
0.16324
0.17127
0.16981
0.16541
0.18405
0.21077
0.21957
0.24144
0.27063
0.30601
0
0
0
0
0
0
0
0
0
0
0
0
0
0
0
0
0
0
0
0
0
0
0
0
0
0
0
0
0
0
0
0
0
0
0
0
0
0
0
0
0
0
0
0
0
0
0
0
0
0
0
0
0
0
0
0
0
0
0
0
0.00231
0.0064594
0.0064594
0.0048634
0.0031395
0
0.00025201
0.00060984
0.00060984
0.00035783
0.00082781
0.0013663
0.0016552
0.0067402
0.012288
0.017043
0.021006
0.022875
0.024552
0.026056
0.037112
0.044308
0.053849
0.060415
0.059827
0.075476
0.082118
0.095291
0.1089
0.1164
0.14733
0.17609
0.16212
0.16362
0.15584
0.18111
0.21016
0.21928
0.24336
0.27154
0.30601
0
0
0
0
0
0
0
0
0
0
0
0
0
0
0
0
0
0
0
0
0
0
0
0
0
0
0
0
0
0
0
0
0
0
0
0
0
0
0
0
0
0
0
0
0
0
0
0
0
0
0
0
0
0
0
0
0
0
0
0
0
0.0002091
0.001132
0.001772
0.00030196
0.00025201
0.00098336
0.0014969
0.0014969
0.0010663
0.0003704
0.00084619
0.0016341
0.0037734
0.011209
0.015004
0.022217
0.022581
0.025458
0.025323
0.03311
0.041612
0.048318
0.049586
0.055958
0.073264
0.092436
0.090714
0.092616
0.1083
0.15538
0.17431
0.16695
0.15681
0.15276
0.18039
0.20255
0.21145
0.2446
0.27163
0.30601
0
0
0
0
0
0
0
0
0
0
0
0
0
0
0
0
0
0
0
0
0
0
0
0
0
0
0
0
0
0
0
0
0
0
0
0
0
0
0
0
0
0
0
0
0
0
0
0
0
0
0
0
0
0
0
0
0
0
0
0
0.0011211
0.0011211
0.0023589
0.00043916
0
0.0017518
0.0023531
0.0049755
0.0051738
0.0020117
0
0.00028038
0.00083111
0.0034036
0.0079068
0.012984
0.017147
0.023098
0.027503
0.032257
0.033408
0.032835
0.037063
0.041006
0.054426
0.076651
0.081945
0.087974
0.081481
0.106
0.14742
0.16438
0.16898
0.16144
0.15636
0.1787
0.20307
0.20258
0.2438
0.27045
0.30601
0
0
0
0
0
0
0
0
0
0
0
0
0
0
0
0
0
0
0
0
0
0
0
0
0
0
0
0
0
0
0
0
0
0
0
0
0
0
0
0
0
0
0
0
0
0
0
0
0
0
0
0
0
0
0
0
0
0
0.0016865
0.0031084
0.0061202
0.0066822
0.0074633
0.0054653
0.0022874
0.0032624
0.0047403
0.0056997
0.0048708
0.0030337
0.00055218
0
0.00030631
0.0012292
0.0044218
0.0065099
0.015013
0.024112
0.034554
0.037269
0.036886
0.032555
0.033033
0.038677
0.05821
0.073657
0.077184
0.078829
0.07389
0.095823
0.13421
0.15542
0.15912
0.15779
0.15005
0.16965
0.19106
0.19772
0.23725
0.26394
0.30601
0
0
0
0
0
0
0
0
0
0
0
0
0
0
0
0
0
0
0
0
0
0
0
0
0
0
0
0
0
0
0
0
0
0
0
0
0
0
0
0
0
0
0
0
0
0
0
0
0
0
0
0
0
0
0
0
0.00027828
0.006244
0.0095279
0.0080746
0.0070724
0.0071356
0.0087717
0.0060265
0.0033811
0.0028801
0.0023478
0.0032324
0.0026447
0.0010331
0.00028349
0
0.00024622
0.0015343
0.0032447
0.0035332
0.010744
0.021041
0.032343
0.035692
0.032926
0.026496
0.025764
0.038173
0.055926
0.073731
0.083086
0.073235
0.070768
0.083063
0.1178
0.14961
0.15728
0.14259
0.14423
0.16474
0.18604
0.19737
0.23555
0.26315
0.30601
0
0
0
0
0
0
0
0
0
0
0
0
0
0
0
0
0
0
0
0
0
0
0
0
0
0
0
0
0
0
0
0
0
0
0
0
0
0
0
0
0
0
0
0
0
0
0
0
0
0
0
0
0
0
0
0
0.0032762
0.009139
0.011854
0.012979
0.0086304
0.0051443
0.0047113
0.0041699
0.0036024
0.0037331
0.0031249
0.0030891
0.002279
0.0010882
0
0
0.00050091
0.0011381
0.0028967
0.0043858
0.0072463
0.0098907
0.015424
0.023802
0.02139
0.020683
0.018497
0.036042
0.052413
0.066336
0.078222
0.066422
0.060781
0.068188
0.10337
0.13402
0.14629
0.1398
0.13388
0.15648
0.17695
0.1902
0.2315
0.26286
0.30601
0
0
0
0
0
0
0
0
0
0
0
0
0
0
0
0
0
0
0
0
0
0
0
0
0
0
0
0
0
0
0
0
0
0
0
0
0
0
0
0
0
0
0
0
0
0
0
0
0
0
0
0
0
0
0
0
0.001207
0.0056619
0.011532
0.00976
0.0065814
0.0042585
0.0023354
0.0019456
0.0018651
0.0032974
0.0041193
0.0053152
0.0058402
0.00266
0.0017985
0.0014181
0.0018607
0.0019237
0.0017297
0.0041567
0.0064606
0.0063178
0.013468
0.01529
0.015243
0.014541
0.013182
0.030818
0.047787
0.057116
0.064872
0.052017
0.054499
0.064269
0.099171
0.12237
0.13517
0.11671
0.13156
0.15253
0.16946
0.18964
0.22121
0.26489
0.30601
0
0
0
0
0
0
0
0
0
0
0
0
0
0
0
0
0
0
0
0
0
0
0
0
0
0
0
0
0
0
0
0
0
0
0
0
0
0
0
0
0
0
0
0
0
0
0
0
0
0
0
0
0
0
0
0
0.019047
0.021193
0.025019
0.025036
0.0053462
0.0030529
0.0013543
0.00089099
0
0.0018842
0.0028357
0.0058402
0.0052258
0.0044245
0.0045934
0.0026186
0.0022853
0.0019864
0.0028116
0.005006
0.0066594
0.013141
0.018536
0.019983
0.018315
0.013857
0.012724
0.022539
0.040857
0.053689
0.054351
0.048552
0.050486
0.064795
0.086663
0.11062
0.11575
0.10919
0.11551
0.14507
0.16412
0.19143
0.22022
0.26272
0.30601
0
0
0
0
0
0
0
0
0
0
0
0
0
0
0
0
0
0
0
0
0
0
0
0
0
0
0
0
0
0
0
0
0
0
0
0
0
0
0
0
0
0
0
0
0
0
0
0
0
0
0
0
0
0
0
0
0.002623
0.021614
0.025387
0.012552
0.0079047
0.0020077
0
0.00035594
0.00086657
0.00035594
0.0017313
0.0036333
0.0030311
0.0028368
0.00074269
0.0029352
0.0031098
0.0028653
0.002396
0.0042097
0.0073069
0.013999
0.017597
0.019563
0.021537
0.016866
0.017945
0.020562
0.033674
0.047433
0.046338
0.041221
0.044018
0.056326
0.079925
0.10116
0.10939
0.10664
0.10649
0.13809
0.1625
0.18546
0.21516
0.25905
0.30601
0
0
0
0
0
0
0
0
0
0
0
0
0
0
0
0
0
0
0
0
0
0
0
0
0
0
0
0
0
0
0
0
0
0
0
0
0
0
0
0
0
0
0
0
0
0
0
0
0
0
0
0
0
0
0
0
0.001591
0.0048998
0.024877
0.04213
0.039857
0.030961
0.015334
0.0062101
0.0040325
0.0030562
0.00085214
0.001005
0.0013208
0.0014147
0.0014172
0.0024702
0.0033587
0.0044412
0.0034295
0.0052391
0.0065876
0.012734
0.01714
0.018571
0.019133
0.021842
0.021668
0.024718
0.035267
0.03991
0.037998
0.03464
0.035591
0.04621
0.075413
0.093499
0.099664
0.10121
0.10334
0.1352
0.15587
0.18221
0.21192
0.25889
0.30601
0
0
0
0
0
0
0
0
0
0
0
0
0
0
0
0
0
0
0
0
0
0
0
0
0
0
0
0
0
0
0
0
0
0
0
0
0
0
0
0
0
0
0
0
0
0
0
0
0
0
0
0
0
0
0
0
0.00308
0.0068571
0.022446
0.043522
0.04131
0.036528
0.01884
0.013294
0.0092278
0.0054116
0.0019829
0.0027347
0.0041458
0.0046252
0.0038873
0.0034035
0.0051466
0.0058571
0.0050881
0.0053092
0.0044045
0.0062765
0.0084255
0.01018
0.014357
0.018231
0.022028
0.027234
0.030172
0.034911
0.03481
0.031361
0.031333
0.051783
0.06815
0.084927
0.089017
0.098888
0.10129
0.13368
0.16027
0.18486
0.21146
0.25796
0.30601
0
0
0
0
0
0
0
0
0
0
0
0
0
0
0
0
0
0
0
0
0
0
0
0
0
0
0
0
0
0
0
0
0
0
0
0
0
0
0
0
0
0
0
0
0
0
0
0
0
0
0
0
0
0
0
0
0.0015577
0.0047229
0.007548
0.01087
0.013448
0.018475
0.015752
0.017626
0.010286
0.0046867
0.0058216
0.0058067
0.0081597
0.0071704
0.0052695
0.0042929
0.0032618
0.0047832
0.0034723
0.0029153
0.0011518
0.0020298
0.0061959
0.0078577
0.0092075
0.011689
0.015826
0.024271
0.027779
0.031289
0.031269
0.033755
0.037539
0.047723
0.065116
0.079596
0.082958
0.094598
0.10159
0.12193
0.15385
0.18135
0.21375
0.25963
0.30601
0
0
0
0
0
0
0
0
0
0
0
0
0
0
0
0
0
0
0
0
0
0
0
0
0
0
0
0
0
0
0
0
0
0
0
0
0
0
0
0
0
0
0
0
0
0
0
0
0
0
0
0
0
0
0
0
0.00055847
0.0011128
0.0062852
0.011439
0.01435
0.0162
0.012313
0.0096687
0.0057836
0.00766
0.0092696
0.011202
0.008126
0.0073505
0.0053187
0.0027366
0.0014167
0.0010829
0.001356
0.00027304
0.0016549
0.0025247
0.0035403
0.0050536
0.0098054
0.011599
0.012275
0.015129
0.024098
0.027392
0.03127
0.032555
0.038457
0.050559
0.062924
0.073194
0.084254
0.084118
0.099052
0.11777
0.1497
0.17693
0.21571
0.26118
0.30601
0
0
0
0
0
0
0
0
0
0
0
0
0
0
0
0
0
0
0
0
0
0
0
0
0
0
0
0
0
0
0
0
0
0
0
0
0
0
0
0
0
0
0
0
0
0
0
0
0
0
0
0
0
0
0
0
0.0017034
0.0054876
0.020693
0.029174
0.028254
0.024417
0.014063
0.02131
0.018627
0.018262
0.020936
0.010629
0.0089681
0.0062834
0.0045558
0.0036214
0.0022333
0.001282
0.00064949
0
0.0010664
0.0019507
0.0029755
0.007958
0.011901
0.01331
0.014286
0.01637
0.02568
0.030245
0.031608
0.038187
0.043728
0.047002
0.047562
0.063058
0.077474
0.075544
0.094181
0.11318
0.1439
0.17373
0.21502
0.26246
0.30601
0
0
0
0
0
0
0
0
0
0
0
0
0
0
0
0
0
0
0
0
0
0
0
0
0
0
0
0
0
0
0
0
0
0
0
0
0
0
0
0
0
0
0
0
0
0
0
0
0
0
0
0
0
0
0
0
0.00087927
0.0085802
0.024026
0.033327
0.038306
0.02582
0.019112
0.02212
0.020839
0.020641
0.011162
0.0043265
0.0048823
0.0044664
0.0046674
0.0046095
0.0037134
0.0039585
0.0023169
0.0013964
0.00052746
0.00082328
0.0018549
0.0051926
0.012186
0.01432
0.016846
0.016379
0.024363
0.026677
0.03259
0.035346
0.045402
0.049454
0.052702
0.058836
0.07022
0.069538
0.089678
0.11408
0.14445
0.17301
0.20946
0.25806
0.30601
0
0
0
0
0
0
0
0
0
0
0
0
0
0
0
0
0
0
0
0
0
0
0
0
0
0
0
0
0
0
0
0
0
0
0
0
0
0
0
0
0
0
0
0
0
0
0
0
0
0
0
0
0
0
0
0
0.0014982
0.012728
0.021354
0.029508
0.033731
0.027159
0.019475
0.013515
0.0072461
0.0059744
0.0036533
0.0040842
0.0037048
0.0029882
0.0033834
0.0062189
0.0070282
0.005361
0.0040881
0.0014376
0.0011537
0.00090982
0.0003199
0.003194
0.0089757
0.013402
0.017687
0.021323
0.026049
0.028639
0.032389
0.036576
0.043955
0.056367
0.052665
0.049985
0.06308
0.071338
0.087503
0.10893
0.14131
0.17124
0.20387
0.25664
0.30601
0
0
0
0
0
0
0
0
0
0
0
0
0
0
0
0
0
0
0
0
0
0
0
0
0
0
0
0
0
0
0
0
0
0
0
0
0
0
0
0
0
0
0
0
0
0
0
0
0
0
0
0
0
0
0
0
0.0017711
0.012083
0.017971
0.029369
0.038389
0.032777
0.027395
0.010965
0.0038708
0.0031834
0.0033322
0.0038645
0.0036883
0.0021707
0.0057777
0.0071309
0.0082343
0.0083053
0.0045929
0.0038686
0.004458
0.0047186
0.0043049
0.0043793
0.0056624
0.0079572
0.014348
0.019526
0.026336
0.029834
0.036116
0.039671
0.048732
0.048731
0.050287
0.048218
0.055205
0.071931
0.087317
0.10514
0.1401
0.17058
0.20444
0.25382
0.30601
0
0
0
0
0
0
0
0
0
0
0
0
0
0
0
0
0
0
0
0
0
0
0
0
0
0
0
0
0
0
0
0
0
0
0
0
0
0
0
0
0
0
0
0
0
0
0
0
0
0
0
0
0
0
0
0
0.00027511
0.002382
0.0056522
0.0090184
0.018727
0.02021
0.013577
0.0082153
0.0060179
0.0043979
0.0025288
0.0041129
0.0034712
0.0022011
0.0036059
0.0051661
0.006426
0.006973
0.0051182
0.007177
0.0068617
0.0063431
0.0062878
0.0046188
0.0049491
0.0052638
0.0077067
0.011293
0.018866
0.024657
0.03353
0.041035
0.050341
0.048888
0.045706
0.045562
0.058118
0.069378
0.083316
0.10646
0.13804
0.16595
0.20409
0.25185
0.30601
0
0
0
0
0
0
0
0
0
0
0
0
0
0
0
0
0
0
0
0
0
0
0
0
0
0
0
0
0
0
0
0
0
0
0
0
0
0
0
0
0
0
0
0
0
0
0
0
0
0
0
0
0
0
0
0
0
0
0
0.0013728
0.0056864
0.0090108
0.012
0.010115
0.006661
0.0041926
0.0029801
0.0032554
0.0025223
0.0014506
0.00093733
0.00376
0.005069
0.0076542
0.0089052
0.0074445
0.0066352
0.0060832
0.0085805
0.0077834
0.0039022
0.0027903
0.0034498
0.0083325
0.016212
0.024006
0.030406
0.040351
0.045292
0.043947
0.044082
0.049098
0.057468
0.06455
0.083024
0.10986
0.13454
0.16483
0.20368
0.25166
0.30601
0
0
0
0
0
0
0
0
0
0
0
0
0
0
0
0
0
0
0
0
0
0
0
0
0
0
0
0
0
0
0
0
0
0
0
0
0
0
0
0
0
0
0
0
0
0
0
0
0
0
0
0
0
0
0
0
0
0.00065198
0.004742
0.0063593
0.010145
0.015862
0.015628
0.011025
0.0073106
0.0041682
0.0038806
0.0036778
0.0020712
0.0018652
0.00084687
0.0032133
0.0041704
0.0082223
0.0081646
0.0072265
0.0065889
0.0049589
0.0055212
0.0060732
0.0052066
0.0049697
0.0030568
0.0041862
0.0084478
0.018383
0.027858
0.036585
0.045754
0.044558
0.047397
0.046909
0.053339
0.063211
0.076813
0.10866
0.14373
0.1643
0.20555
0.24942
0.30601
0
0
0
0
0
0
0
0
0
0
0
0
0
0
0
0
0
0
0
0
0
0
0
0
0
0
0
0
0
0
0
0
0
0
0
0
0
0
0
0
0
0
0
0
0
0
0
0
0
0
0
0
0
0
0
0
0.0099335
0.025345
0.034356
0.049554
0.040686
0.032893
0.032241
0.01491
0.0076967
0.0047834
0.003049
0.0053706
0.0044865
0.0032728
0.0038766
0.0037097
0.0081165
0.0089054
0.0098069
0.0061629
0.0037751
0.0062134
0.0065907
0.0092365
0.00833
0.0064731
0.0060708
0.005366
0.0080783
0.01177
0.022222
0.029776
0.039057
0.039972
0.044695
0.049204
0.052501
0.062659
0.077611
0.10714
0.14672
0.1621
0.2048
0.24938
0.30601
0
0
0
0
0
0
0
0
0
0
0
0
0
0
0
0
0
0
0
0
0
0
0
0
0
0
0
0
0
0
0
0
0
0
0
0
0
0
0
0
0
0
0
0
0
0
0
0
0
0
0
0
0
0
0
0
0.0052925
0.037186
0.054454
0.060008
0.0619
0.043903
0.037864
0.021898
0.010532
0.0026434
0.0023802
0.0030768
0.0030521
0.0039781
0.0046632
0.0040936
0.010516
0.0092663
0.0092202
0.0076382
0.0052823
0.0074038
0.0082577
0.0085987
0.0067358
0.0073173
0.006915
0.0055878
0.0081219
0.010911
0.014744
0.025291
0.032266
0.041979
0.041675
0.052247
0.057684
0.066742
0.081195
0.11267
0.14448
0.16565
0.20885
0.24975
0.30601
0
0
0
0
0
0
0
0
0
0
0
0
0
0
0
0
0
0
0
0
0
0
0
0
0
0
0
0
0
0
0
0
0
0
0
0
0
0
0
0
0
0
0
0
0
0
0
0
0
0
0
0
0
0
0
0
0
0.021877
0.042568
0.055185
0.056514
0.043261
0.040202
0.028817
0.017338
0.0042777
0.00097987
0.0010708
0.00069216
0.00094583
0.0019317
0.0049181
0.0062698
0.007213
0.0061514
0.0041054
0.0044828
0.0062423
0.0072118
0.0081408
0.008339
0.0084831
0.0077472
0.0077144
0.0073758
0.0089465
0.014954
0.023376
0.034063
0.03956
0.045395
0.049905
0.059422
0.068535
0.085713
0.11471
0.14154
0.16853
0.21179
0.2513
0.30601
0
0
0
0
0
0
0
0
0
0
0
0
0
0
0
0
0
0
0
0
0
0
0
0
0
0
0
0
0
0
0
0
0
0
0
0
0
0
0
0
0
0
0
0
0
0
0
0
0
0
0
0
0
0
0
0
0.00060262
0.013665
0.028693
0.05242
0.055285
0.040106
0.02762
0.020774
0.013397
0.008341
0.0064497
0.0028698
0.0028354
0.0016108
0.0024328
0.0022828
0.0040022
0.0032151
0.0028556
0.001342
0.0033175
0.0037479
0.0060144
0.0066755
0.0068131
0.0068764
0.010073
0.011311
0.010702
0.013089
0.016415
0.022855
0.035773
0.041722
0.049977
0.055302
0.063603
0.073548
0.093417
0.11977
0.1394
0.1665
0.21373
0.25039
0.30601
0
0
0
0
0
0
0
0
0
0
0
0
0
0
0
0
0
0
0
0
0
0
0
0
0
0
0
0
0
0
0
0
0
0
0
0
0
0
0
0
0
0
0
0
0
0
0
0
0
0
0
0
0
0
0
0
0.0020762
0.016431
0.046495
0.068981
0.057164
0.042244
0.027468
0.01578
0.011801
0.010454
0.005463
0.0069013
0.0044872
0.0025488
0.0036376
0.0025907
0.0018221
0.002502
0.0020007
0.0021383
0.0025502
0.0029603
0.0024258
0.0036766
0.0059525
0.0099095
0.0122
0.0111
0.013384
0.015881
0.019528
0.026069
0.034637
0.044566
0.054904
0.059357
0.070604
0.079753
0.09524
0.12223
0.14089
0.17048
0.21467
0.25201
0.30601
0
0
0
0
0
0
0
0
0
0
0
0
0
0
0
0
0
0
0
0
0
0
0
0
0
0
0
0
0
0
0
0
0
0
0
0
0
0
0
0
0
0
0
0
0
0
0
0
0
0
0
0
0
0
0
0
0
0.030122
0.044665
0.088827
0.095089
0.035583
0.021429
0.016838
0.0080823
0.0067687
0.0042483
0.0045732
0.0036998
0.0052432
0.0037857
0.0038114
0.0038488
0.0032985
0.0026919
0.0028045
0.0033683
0.002617
0.0027454
0.0033462
0.0063012
0.0094887
0.01138
0.014541
0.01487
0.015351
0.017456
0.023847
0.036953
0.049329
0.063592
0.064944
0.069022
0.083731
0.10211
0.12321
0.14045
0.17538
0.21761
0.25031
0.30601
0
0
0
0
0
0
0
0
0
0
0
0
0
0
0
0
0
0
0
0
0
0
0
0
0
0
0
0
0
0
0
0
0
0
0
0
0
0
0
0
0
0
0
0
0
0
0
0
0
0
0
0
0
0
0
0
0
0.0063189
0.05577
0.06445
0.067649
0.063897
0.016689
0.012239
0.008586
0.0066206
0.0061877
0.0057035
0.0065284
0.00482
0.0054156
0.0060258
0.004177
0.0042848
0.0055861
0.0039383
0.0043084
0.0039267
0.0021346
0.0026412
0.0060739
0.007862
0.0093685
0.013301
0.014564
0.016965
0.01771
0.024878
0.041822
0.053189
0.064679
0.072417
0.078101
0.090061
0.1126
0.13559
0.14463
0.18147
0.22093
0.25312
0.30601
0
0
0
0
0
0
0
0
0
0
0
0
0
0
0
0
0
0
0
0
0
0
0
0
0
0
0
0
0
0
0
0
0
0
0
0
0
0
0
0
0
0
0
0
0
0
0
0
0
0
0
0
0
0
0
0
0.00045568
0.0067211
0.020547
0.03637
0.038955
0.034906
0.025871
0.011159
0.012275
0.010148
0.0075641
0.0081878
0.0059408
0.0067029
0.0054763
0.0050667
0.0057653
0.0058856
0.0071652
0.0091061
0.006979
0.0052654
0.0020573
0.0019365
0.0042067
0.005585
0.011486
0.012573
0.01337
0.019154
0.018254
0.022691
0.041976
0.052846
0.061992
0.072025
0.078967
0.092685
0.12058
0.13905
0.15343
0.18608
0.22142
0.25569
0.30601
0
0
0
0
0
0
0
0
0
0
0
0
0
0
0
0
0
0
0
0
0
0
0
0
0
0
0
0
0
0
0
0
0
0
0
0
0
0
0
0
0
0
0
0
0
0
0
0
0
0
0
0
0
0
0
0
0.002233
0.018434
0.03021
0.045676
0.051962
0.033738
0.020684
0.011167
0.0086229
0.010566
0.0088999
0.0050009
0.0058272
0.0059009
0.0060456
0.003658
0.003839
0.0055005
0.0074509
0.0073284
0.0068388
0.0055795
0.0025144
0.0023582
0.003264
0.0062139
0.0090267
0.013249
0.015341
0.016654
0.014279
0.024892
0.046491
0.053816
0.063446
0.072313
0.079556
0.098573
0.12965
0.15432
0.16058
0.18914
0.21865
0.25517
0.30601
0
0
0
0
0
0
0
0
0
0
0
0
0
0
0
0
0
0
0
0
0
0
0
0
0
0
0
0
0
0
0
0
0
0
0
0
0
0
0
0
0
0
0
0
0
0
0
0
0
0
0
0
0
0
0
0
0.023535
0.043614
0.059147
0.071221
0.049651
0.033519
0.025714
0.0080234
0.006833
0.005782
0.0038625
0.0034184
0.0045102
0.0056099
0.0045438
0.0039373
0.0029152
0.0027893
0.0024729
0.0057997
0.0071718
0.0047838
0.0046844
0.0041473
0.0046076
0.0056255
0.008044
0.012297
0.014748
0.016026
0.015901
0.027083
0.048024
0.058935
0.071257
0.077386
0.094714
0.11501
0.14722
0.16545
0.17082
0.19362
0.2198
0.2498
0.30601
0
0
0
0
0
0
0
0
0
0
0
0
0
0
0
0
0
0
0
0
0
0
0
0
0
0
0
0
0
0
0
0
0
0
0
0
0
0
0
0
0
0
0
0
0
0
0
0
0
0
0
0
0
0
0
0.00027988
0.021619
0.060951
0.089928
0.083797
0.062502
0.030941
0.01427
0.0056073
0.0043429
0.0069782
0.006356
0.0047916
0.0014668
0.0037064
0.0045269
0.0051969
0.0042893
0.0050327
0.0054313
0.0083198
0.0069323
0.0072858
0.0076085
0.0063325
0.007199
0.0078584
0.011361
0.014193
0.016607
0.016104
0.021562
0.0375
0.04964
0.062264
0.070958
0.080664
0.10129
0.12573
0.14555
0.16846
0.17967
0.19569
0.22479
0.25311
0.30601
0
0
0
0
0
0
0
0
0
0
0
0
0
0
0
0
0
0
0
0
0
0
0
0
0
0
0
0
0
0
0
0
0
0
0
0
0
0
0
0
0
0
0
0
0
0
0
0
0
0
0
0
0
0
0
0.00037959
0.0030125
0.025009
0.05193
0.057408
0.054019
0.022194
0.0062747
0.0049659
0.0051495
0.0072096
0.010347
0.0088045
0.0048157
0.0057805
0.0041596
0.0040159
0.0080877
0.0075687
0.0068566
0.0077616
0.0079015
0.0082216
0.0066399
0.0067599
0.0079349
0.011256
0.011827
0.018923
0.017535
0.020821
0.028475
0.041697
0.052815
0.063529
0.070788
0.091068
0.11459
0.12875
0.14634
0.17116
0.18093
0.1924
0.22308
0.25158
0.30601
0
0
0
0
0
0
0
0
0
0
0
0
0
0
0
0
0
0
0
0
0
0
0
0
0
0
0
0
0
0
0
0
0
0
0
0
0
0
0
0
0
0
0
0
0
0
0
0
0
0
0
0
0
0
0
0
0.0007344
0.0015659
0.0063391
0.013083
0.015754
0.018798
0.012604
0.0094853
0.010065
0.011011
0.01003
0.010327
0.0091237
0.0078245
0.0060985
0.0061209
0.0074457
0.0085699
0.0087625
0.0073945
0.0061128
0.006501
0.0050835
0.0064726
0.0091807
0.014483
0.02173
0.026113
0.025701
0.027588
0.038633
0.049394
0.059915
0.069161
0.078827
0.095183
0.11602
0.13331
0.1494
0.16994
0.18585
0.20201
0.22593
0.25455
0.30601
0
0
0
0
0
0
0
0
0
0
0
0
0
0
0
0
0
0
0
0
0
0
0
0
0
0
0
0
0
0
0
0
0
0
0
0
0
0
0
0
0
0
0
0
0
0
0
0
0
0
0
0
0
0
0
0
0
0
0
0.011034
0.019088
0.023749
0.023434
0.011709
0.0050858
0.0074834
0.0066712
0.0091412
0.0071078
0.0071317
0.010378
0.0095092
0.011837
0.014051
0.011563
0.015449
0.011314
0.0097357
0.010512
0.010686
0.013205
0.024443
0.029109
0.034271
0.039837
0.039364
0.05203
0.060191
0.064725
0.068645
0.084738
0.10605
0.12155
0.13908
0.15808
0.17404
0.18967
0.20775
0.22669
0.26095
0.30601
0
0
0
0
0
0
0
0
0
0
0
0
0
0
0
0
0
0
0
0
0
0
0
0
0
0
0
0
0
0
0
0
0
0
0
0
0
0
0
0
0
0
0
0
0
0
0
0
0
0
0
0
0
0
0
0
0
0.00029111
0.00029111
0.0034737
0.018664
0.01884
0.014083
0.0038219
0.0020111
0.0048445
0.0020192
0.0042739
0.0065367
0.0074915
0.0086048
0.012376
0.020241
0.023996
0.026466
0.021626
0.017942
0.01459
0.017385
0.018591
0.020851
0.027508
0.031629
0.043739
0.054948
0.055337
0.0667
0.073298
0.075505
0.083732
0.093121
0.11887
0.12706
0.13299
0.16568
0.18169
0.19055
0.21559
0.22837
0.26473
0.30601
0
0
0
0
0
0
0
0
0
0
0
0
0
0
0
0
0
0
0
0
0
0
0
0
0
0
0
0
0
0
0
0
0
0
0
0
0
0
0
0
0
0
0
0
0
0
0
0
0
0
0
0
0
0
0
0
0
0
0.00029111
0.0010741
0.0030763
0.0046963
0.004798
0.0067569
0.0058981
0.0054528
0.0067126
0.0045423
0.0060038
0.0067895
0.0079201
0.016795
0.024561
0.033622
0.034461
0.030028
0.025532
0.027486
0.028244
0.027166
0.028989
0.026487
0.036464
0.048693
0.052777
0.063068
0.071962
0.075286
0.077828
0.095826
0.10241
0.12501
0.1382
0.13626
0.16995
0.18831
0.19438
0.22279
0.23121
0.27482
0.30601
0
0
0
0
0
0
0
0
0
0
0
0
0
0
0
0
0
0
0
0
0
0
0
0
0
0
0
0
0
0
0
0
0
0
0
0
0
0
0
0
0
0
0
0
0
0
0
0
0
0
0
0
0
0
0
0
0
0
0
0.00019522
0.007606
0.01078
0.0082216
0.0057034
0.0094752
0.0094133
0.0092218
0.006208
0.0063573
0.0068011
0.0071186
0.012714
0.020511
0.028658
0.033314
0.030531
0.030137
0.029809
0.041795
0.04116
0.036268
0.032202
0.040752
0.049619
0.058011
0.069394
0.075892
0.086281
0.094845
0.10545
0.11542
0.12886
0.14139
0.15656
0.17687
0.19312
0.20703
0.22811
0.24153
0.27578
0.30601
0
0
0
0
0
0
0
0
0
0
0
0
0
0
0
0
0
0
0
0
0
0
0
0
0
0
0
0
0
0
0
0
0
0
0
0
0
0
0
0
0
0
0
0
0
0
0
0
0
0
0
0
0
0
0
0
0
0
0.0012224
0.0091504
0.012997
0.0138
0.015478
0.010213
0.0089511
0.0092479
0.0081105
0.0090765
0.0092276
0.0074919
0.0065602
0.010089
0.018329
0.024715
0.030621
0.031121
0.035565
0.039015
0.045603
0.046515
0.041098
0.046914
0.046304
0.059509
0.066206
0.072843
0.078792
0.096852
0.11527
0.12082
0.12857
0.12773
0.13601
0.15475
0.17444
0.19794
0.21649
0.23466
0.25187
0.28167
0.30601
0
0
0
0
0
0
0
0
0
0
0
0
0
0
0
0
0
0
0
0
0
0
0
0
0
0
0
0
0
0
0
0
0
0
0
0
0
0
0
0
0
0
0
0
0
0
0
0
0
0
0
0
0
0
0
0
0
0.00027356
0.0022879
0.0027116
0.0047482
0.009563
0.011515
0.011475
0.012093
0.017477
0.014689
0.010527
0.010431
0.012869
0.017986
0.020778
0.027218
0.036775
0.042091
0.040172
0.041288
0.045255
0.046584
0.051922
0.054544
0.056648
0.047009
0.058994
0.059665
0.074796
0.088379
0.10307
0.12872
0.14054
0.14834
0.13332
0.13618
0.15076
0.17098
0.19636
0.22559
0.23828
0.25632
0.28755
0.30601
0
0
0
0
0
0
0
0
0
0
0
0
0
0
0
0
0
0
0
0
0
0
0
0
0
0
0
0
0
0
0
0
0
0
0
0
0
0
0
0
0
0
0
0
0
0
0
0
0
0
0
0
0
0
0
0.002685
0.0068779
0.0089183
0.0075112
0.0049635
0.005669
0.0084901
0.013466
0.020626
0.028058
0.028412
0.030486
0.03369
0.024256
0.031278
0.036132
0.040087
0.055991
0.058377
0.066633
0.055378
0.052885
0.052642
0.056228
0.059846
0.058245
0.059168
0.05166
0.061767
0.064738
0.087083
0.1003
0.10999
0.13915
0.1482
0.17252
0.15355
0.14128
0.15784
0.16674
0.19429
0.23335
0.24186
0.2605
0.29006
0.30601
0
0
0
0
0
0
0
0
0
0
0
0
0
0
0
0
0
0
0
0
0
0
0
0
0
0
0
0
0
0
0
0
0
0
0
0
0
0
0
0
0
0
0
0
0
0
0
0
0
0
0
0
0
0
0
0.0040166
0.0083807
0.010447
0.013641
0.0085791
0.011535
0.013958
0.022965
0.029341
0.035628
0.045361
0.055007
0.050438
0.049606
0.049896
0.052429
0.057393
0.063902
0.06687
0.069733
0.075733
0.081987
0.07567
0.074874
0.074026
0.070628
0.067866
0.06011
0.066343
0.082248
0.093474
0.11237
0.13757
0.15208
0.16792
0.17583
0.16089
0.15376
0.16396
0.16951
0.2086
0.2306
0.24974
0.27002
0.29082
0.30601
0
0
0
0
0
0
0
0
0
0
0
0
0
0
0
0
0
0
0
0
0
0
0
0
0
0
0
0
0
0
0
0
0
0
0
0
0
0
0
0
0
0
0
0
0
0
0
0
0
0
0
0
0
0
0
0.0019476
0.0074097
0.011349
0.014435
0.01219
0.011834
0.017301
0.016876
0.025179
0.029394
0.041028
0.056858
0.061326
0.072498
0.07648
0.075503
0.081276
0.075207
0.078528
0.075312
0.091921
0.09847
0.098815
0.091516
0.08839
0.097058
0.09411
0.080376
0.09692
0.11239
0.12583
0.146
0.15684
0.16858
0.17484
0.16956
0.17091
0.16842
0.17435
0.18624
0.21646
0.23791
0.25635
0.28166
0.28998
0.30601
0
0
0
0
0
0
0
0
0
0
0
0
0
0
0
0
0
0
0
0
0
0
0
0
0
0
0
0
0
0
0
0
0
0
0
0
0
0
0
0
0
0
0
0
0
0
0
0
0
0
0
0
0
0
0
0.0042423
0.011645
0.018067
0.022383
0.020073
0.014665
0.01615
0.016697
0.015004
0.020587
0.034962
0.045668
0.075197
0.093144
0.11158
0.12193
0.11426
0.097913
0.10559
0.09735
0.1005
0.10852
0.10943
0.13048
0.14459
0.1517
0.13727
0.13218
0.15192
0.16216
0.18286
0.19517
0.17055
0.18223
0.18844
0.17669
0.17959
0.17962
0.18475
0.19361
0.22722
0.23991
0.25762
0.2911
0.29161
0.30601
0
0
0
0
0
0
0
0
0
0
0
0
0
0
0
0
0
0
0
0
0
0
0
0
0
0
0
0
0
0
0
0
0
0
0
0
0
0
0
0
0
0
0
0
0
0
0
0
0
0
0
0
0
0
0
0.00075101
0.0034621
0.0089096
0.012526
0.014376
0.018161
0.026296
0.027197
0.034088
0.043449
0.058339
0.055528
0.065862
0.10033
0.11702
0.12498
0.12189
0.12681
0.12418
0.12208
0.11584
0.12496
0.14535
0.17168
0.19188
0.18765
0.19015
0.17857
0.19929
0.22851
0.24878
0.22306
0.19427
0.19674
0.2027
0.19443
0.18235
0.17271
0.18428
0.2019
0.23798
0.24118
0.27022
0.29003
0.29082
0.30601
0
0
0
0
0
0
0
0
0
0
0
0
0
0
0
0
0
0
0
0
0
0
0
0
0
0
0
0
0
0
0
0
0
0
0
0
0
0
0
0
0
0
0
0
0
0
0
0
0
0
0
0
0
0
0
0.0006875
0.0055986
0.0086882
0.013225
0.019277
0.024101
0.031723
0.045171
0.062577
0.078369
0.085337
0.082694
0.070668
0.077299
0.080091
0.097757
0.10438
0.12658
0.14481
0.15493
0.14374
0.15305
0.16798
0.19248
0.20025
0.20462
0.19531
0.19528
0.22293
0.27083
0.27021
0.22641
0.21245
0.18946
0.19415
0.20272
0.19792
0.17817
0.18456
0.21309
0.2407
0.24642
0.27678
0.29232
0.29231
0.30601
0
0
0
0
0
0
0
0
0
0
0
0
0
0
0
0
0
0
0
0
0
0
0
0
0
0
0
0
0
0
0
0
0
0
0
0
0
0
0
0
0
0
0
0
0
0
0
0
0
0
0
0
0
0
0
0
0.0054505
0.01087
0.01722
0.025121
0.034575
0.049209
0.070326
0.11667
0.13468
0.11091
0.086688
0.085149
0.093572
0.092764
0.097636
0.10892
0.1205
0.15261
0.14313
0.1482
0.17697
0.18656
0.20815
0.19825
0.18687
0.16665
0.20158
0.23189
0.27128
0.26238
0.23595
0.21318
0.18124
0.18504
0.19924
0.19776
0.1891
0.19116
0.22656
0.25084
0.25877
0.28931
0.29301
0.29547
0.30601
0
0
0
0
0
0
0
0
0
0
0
0
0
0
0
0
0
0
0
0
0
0
0
0
0
0
0
0
0
0
0
0
0
0
0
0
0
0
0
0
0
0
0
0
0
0
0
0
0
0
0
0
0
0
0
0
0
0.0038892
0.01241
0.020943
0.033015
0.057353
0.13347
0.18703
0.1808
0.17754
0.12189
0.090534
0.11485
0.1315
0.14411
0.14761
0.1421
0.14599
0.1722
0.21804
0.23861
0.22139
0.21125
0.19926
0.18047
0.1764
0.20117
0.23879
0.27257
0.27458
0.22673
0.19527
0.17722
0.1952
0.19923
0.19376
0.19807
0.20027
0.23488
0.25074
0.27169
0.29052
0.29562
0.29598
0.30601
0
0
0
0
0
0
0
0
0
0
0
0
0
0
0
0
0
0
0
0
0
0
0
0
0
0
0
0
0
0
0
0
0
0
0
0
0
0
0
0
0
0
0
0
0
0
0
0
0
0
0
0
0
0
0
0
0.0039705
0.0080963
0.01899
0.023698
0.03142
0.043299
0.074748
0.11365
0.14618
0.10624
0.076833
0.10899
0.19547
0.21608
0.22609
0.18256
0.16953
0.1722
0.22338
0.25552
0.28845
0.27683
0.23752
0.21443
0.1963
0.21044
0.24398
0.28621
0.31887
0.28122
0.22782
0.1951
0.20575
0.22074
0.20233
0.197
0.20352
0.22287
0.24456
0.26516
0.28615
0.29088
0.30238
0.29881
0.30601
0
0
0
0
0
0
0
0
0
0
0
0
0
0
0
0
0
0
0
0
0
0
0
0
0
0
0
0
0
0
0
0
0
0
0
0
0
0
0
0
0
0
0
0
0
0
0
0
0
0
0
0
0
0
0
0
0.0038744
0.014301
0.027079
0.031945
0.041834
0.049341
0.065861
0.069895
0.070383
0.064778
0.074965
0.1531
0.19943
0.23498
0.24682
0.20894
0.19101
0.19896
0.23379
0.27805
0.28377
0.29369
0.27543
0.25227
0.24668
0.26109
0.29587
0.35201
0.37375
0.303
0.24224
0.23018
0.24134
0.24107
0.21986
0.19733
0.21289
0.23134
0.25445
0.27171
0.29037
0.30078
0.29372
0.30684
0.30601
0
0
0
0
0
0
0
0
0
0
0
0
0
0
0
0
0
0
0
0
0
0
0
0
0
0
0
0
0
0
0
0
0
0
0
0
0
0
0
0
0
0
0
0
0
0
0
0
0
0
0
0
0
0
0
0
0.0085535
0.022302
0.029998
0.033583
0.045207
0.055352
0.077075
0.089564
0.075682
0.085239
0.09099
0.12074
0.17668
0.22254
0.21139
0.20431
0.20471
0.2028
0.24396
0.32338
0.35419
0.34961
0.36581
0.36559
0.33689
0.34918
0.39265
0.43659
0.43535
0.33986
0.28064
0.26512
0.28623
0.28963
0.23869
0.20366
0.20367
0.24913
0.27229
0.29231
0.3036
0.29922
0.28983
0.30823
0.30601
0
0
0
0
0
0
0
0
0
0
0
0
0
0
0
0
0
0
0
0
0
0
0
0
0
0
0
0
0
0
0
0
0
0
0
0
0
0
0
0
0
0
0
0
0
0
0
0
0
0
0
0
0
0
0
0.0032907
0.014145
0.0279
0.038476
0.04312
0.041067
0.061255
0.079416
0.085125
0.10101
0.095402
0.10862
0.12584
0.186
0.20124
0.21824
0.20562
0.18724
0.21251
0.30142
0.35313
0.4045
0.43719
0.46149
0.42738
0.41624
0.42008
0.4496
0.48907
0.48383
0.38926
0.31515
0.32906
0.31961
0.3508
0.29276
0.22018
0.20955
0.25539
0.29499
0.30112
0.3073
0.29837
0.28825
0.31248
0.30601
0
0
0
0
0
0
0
0
0
0
0
0
0
0
0
0
0
0
0
0
0
0
0
0
0
0
0
0
0
0
0
0
0
0
0
0
0
0
0
0
0
0
0
0
0
0
0
0
0
0
0
0
0
0
0
0.00025405
0.010123
0.018869
0.030545
0.046671
0.056954
0.064446
0.081347
0.084143
0.11168
0.13945
0.16477
0.16711
0.20647
0.26339
0.28357
0.26663
0.24106
0.23086
0.29787
0.36739
0.45022
0.51619
0.5415
0.52143
0.461
0.41901
0.4733
0.52542
0.52683
0.48226
0.39438
0.40914
0.3902
0.3854
0.35003
0.25648
0.23484
0.26766
0.30824
0.3134
0.31687
0.30018
0.28347
0.31458
0.30601
0
0
0
0
0
0
0
0
0
0
0
0
0
0
0
0
0
0
0
0
0
0
0
0
0
0
0
0
0
0
0
0
0
0
0
0
0
0
0
0
0
0
0
0
0
0
0
0
0
0
0
0
0
0
0
0.0006345
0.007726
0.028049
0.047874
0.06906
0.075396
0.067542
0.069904
0.095783
0.1315
0.15915
0.1728
0.19237
0.24116
0.2874
0.31816
0.31032
0.28817
0.28754
0.33111
0.387
0.48647
0.5048
0.53809
0.52661
0.43565
0.41108
0.48813
0.55498
0.61275
0.53719
0.47159
0.50982
0.45546
0.42702
0.37621
0.29883
0.27124
0.27886
0.31469
0.32712
0.32851
0.30523
0.28525
0.31475
0.30601
0
0
0
0
0
0
0
0
0
0
0
0
0
0
0
0
0
0
0
0
0
0
0
0
0
0
0
0
0
0
0
0
0
0
0
0
0
0
0
0
0
0
0
0
0
0
0
0
0
0
0
0
0
0
0
0
0.0051669
0.038699
0.061434
0.087661
0.091755
0.10138
0.1185
0.17054
0.18796
0.1918
0.20243
0.19812
0.22315
0.24863
0.26121
0.25804
0.25151
0.30376
0.35905
0.44084
0.4953
0.53571
0.52749
0.4684
0.40382
0.40235
0.50531
0.60824
0.67656
0.65299
0.56896
0.56525
0.52348
0.43262
0.37928
0.33
0.30929
0.30097
0.32386
0.34443
0.33
0.3155
0.2869
0.31724
0.30601
0
0
0
0
0
0
0
0
0
0
0
0
0
0
0
0
0
0
0
0
0
0
0
0
0
0
0
0
0
0
0
0
0
0
0
0
0
0
0
0
0
0
0
0
0
0
0
0
0
0
0
0
0
0
0
0.0007659
0.0066465
0.024877
0.047683
0.070351
0.081052
0.11618
0.15005
0.20588
0.23576
0.24437
0.23839
0.24632
0.22944
0.23448
0.2374
0.21947
0.24634
0.27663
0.32807
0.42442
0.45147
0.46696
0.4987
0.47238
0.49298
0.5616
0.64243
0.64301
0.68747
0.7391
0.61435
0.58442
0.52204
0.43149
0.43218
0.374
0.3553
0.33259
0.35428
0.36575
0.32417
0.31711
0.29398
0.31301
0.30601
0
0
0
0
0
0
0
0
0
0
0
0
0
0
0
0
0
0
0
0
0
0
0
0
0
0
0
0
0
0
0
0
0
0
0
0
0
0
0
0
0
0
0
0
0
0
0
0
0
0
0
0
0
0
0
0
0.0049332
0.022808
0.049674
0.070492
0.085083
0.12843
0.15902
0.19683
0.23427
0.23336
0.25436
0.2861
0.28418
0.2657
0.30921
0.31349
0.28549
0.27956
0.31517
0.37109
0.4444
0.5322
0.56229
0.59222
0.64123
0.68665
0.81125
0.78811
0.67642
0.69597
0.62629
0.59128
0.50119
0.43844
0.4876
0.41582
0.40684
0.34798
0.36933
0.38387
0.33461
0.31419
0.29324
0.31391
0.30601
0
0
0
0
0
0
0
0
0
0
0
0
0
0
0
0
0
0
0
0
0
0
0
0
0
0
0
0
0
0
0
0
0
0
0
0
0
0
0
0
0
0
0
0
0
0
0
0
0
0
0
0
0
0
0
0
0.006167
0.017268
0.043735
0.096488
0.12161
0.16671
0.18602
0.19735
0.21203
0.25554
0.31122
0.31808
0.31174
0.35236
0.34492
0.34978
0.34074
0.29881
0.35031
0.41134
0.50844
0.58024
0.61623
0.6676
0.79141
0.80748
0.86795
0.86917
0.69528
0.63295
0.62146
0.58201
0.51761
0.44358
0.48581
0.475
0.45007
0.38669
0.38323
0.39227
0.35471
0.30826
0.29695
0.31408
0.30601
0
0
0
0
0
0
0
0
0
0
0
0
0
0
0
0
0
0
0
0
0
0
0
0
0
0
0
0
0
0
0
0
0
0
0
0
0
0
0
0
0
0
0
0
0
0
0
0
0
0
0
0
0
0
0
0
0.00025984
0.004339
0.024704
0.078032
0.14937
0.18366
0.17088
0.17686
0.21828
0.23758
0.24732
0.27719
0.32761
0.3745
0.38198
0.38056
0.33195
0.32197
0.40674
0.48446
0.57731
0.67113
0.62999
0.63395
0.74418
0.89015
0.90366
0.79347
0.69875
0.62894
0.58531
0.56313
0.4883
0.50563
0.5683
0.54575
0.51832
0.44138
0.42163
0.40348
0.36044
0.31576
0.29963
0.31383
0.30601
0
0
0
0
0
0
0
0
0
0
0
0
0
0
0
0
0
0
0
0
0
0
0
0
0
0
0
0
0
0
0
0
0
0
0
0
0
0
0
0
0
0
0
0
0
0
0
0
0
0
0
0
0
0
0
0
0.00046746
0.0045541
0.030576
0.092181
0.14108
0.17518
0.17788
0.17373
0.18261
0.18746
0.17625
0.18638
0.2676
0.30396
0.36196
0.36907
0.30099
0.34245
0.45437
0.5806
0.617
0.60775
0.59206
0.60114
0.72401
0.84962
0.88878
0.80041
0.67106
0.619
0.58537
0.54231
0.50622
0.5141
0.59219
0.58224
0.54523
0.48162
0.45574
0.42818
0.3799
0.32403
0.31033
0.31382
0.30601
0
0
0
0
0
0
0
0
0
0
0
0
0
0
0
0
0
0
0
0
0
0
0
0
0
0
0
0
0
0
0
0
0
0
0
0
0
0
0
0
0
0
0
0
0
0
0
0
0
0
0
0
0
0
0
0
0.00046746
0.017403
0.066184
0.10663
0.13062
0.12985
0.14147
0.13064
0.12971
0.1459
0.1633
0.19301
0.22343
0.29501
0.31177
0.32628
0.38461
0.41519
0.48048
0.61283
0.69475
0.69092
0.68877
0.67951
0.80269
0.84201
0.88993
0.84068
0.65313
0.604
0.57377
0.53051
0.56586
0.58592
0.62047
0.60845
0.56631
0.50274
0.47892
0.44771
0.40078
0.33312
0.3167
0.31353
0.30601
0
0
0
0
0
0
0
0
0
0
0
0
0
0
0
0
0
0
0
0
0
0
0
0
0
0
0
0
0
0
0
0
0
0
0
0
0
0
0
0
0
0
0
0
0
0
0
0
0
0
0
0
0
0
0
0
0
0.019902
0.04199
0.057993
0.091113
0.09009
0.13927
0.15486
0.18879
0.21204
0.22871
0.24395
0.25266
0.27849
0.31622
0.36337
0.44483
0.49207
0.55494
0.65087
0.65019
0.67677
0.7052
0.67833
0.80509
0.81302
0.78399
0.74735
0.63738
0.61553
0.5435
0.58362
0.60263
0.61452
0.64215
0.63312
0.57499
0.51909
0.49727
0.47375
0.41742
0.33395
0.32467
0.31232
0.30601
0
0
0
0
0
0
0
0
0
0
0
0
0
0
0
0
0
0
0
0
0
0
0
0
0
0
0
0
0
0
0
0
0
0
0
0
0
0
0
0
0
0
0
0
0
0
0
0
0
0
0
0
0
0
0
0
0
0.009467
0.07169
0.13453
0.15007
0.089264
0.14276
0.19528
0.21759
0.24158
0.26669
0.25411
0.28228
0.29119
0.35952
0.4436
0.55498
0.60288
0.63555
0.67005
0.68295
0.71736
0.70479
0.69949
0.79778
0.73473
0.6981
0.62699
0.61616
0.61415
0.57365
0.58626
0.61365
0.60003
0.63229
0.60369
0.56419
0.54166
0.52296
0.49316
0.43568
0.36312
0.32681
0.31506
0.30601
0
0
0
0
0
0
0
0
0
0
0
0
0
0
0
0
0
0
0
0
0
0
0
0
0
0
0
0
0
0
0
0
0
0
0
0
0
0
0
0
0
0
0
0
0
0
0
0
0
0
0
0
0
0
0
0
0.00029061
0.062232
0.14557
0.1657
0.19981
0.2621
0.2691
0.28365
0.2786
0.2153
0.25812
0.26121
0.26686
0.27918
0.38354
0.48618
0.55895
0.71138
0.72407
0.72212
0.69336
0.64689
0.67837
0.70459
0.68288
0.59913
0.5666
0.54315
0.56166
0.55328
0.55581
0.56974
0.60108
0.58153
0.60814
0.58833
0.57559
0.56375
0.54359
0.5186
0.45269
0.37473
0.33465
0.32058
0.30601
0
0
0
0
0
0
0
0
0
0
0
0
0
0
0
0
0
0
0
0
0
0
0
0
0
0
0
0
0
0
0
0
0
0
0
0
0
0
0
0
0
0
0
0
0
0
0
0
0
0
0
0
0
0
0
0
0
0.0026704
0.026373
0.070797
0.095795
0.16778
0.24914
0.26255
0.23682
0.21782
0.22934
0.26138
0.31183
0.34162
0.39133
0.40719
0.48596
0.56745
0.5936
0.64803
0.62753
0.63443
0.69779
0.72558
0.6827
0.62762
0.55283
0.522
0.53644
0.53934
0.56991
0.6094
0.63359
0.58935
0.55461
0.57381
0.59053
0.59088
0.54964
0.53222
0.45539
0.38177
0.34098
0.32972
0.30601
0
0
0
0
0
0
0
0
0
0
0
0
0
0
0
0
0
0
0
0
0
0
0
0
0
0
0
0
0
0
0
0
0
0
0
0
0
0
0
0
0
0
0
0
0
0
0
0
0
0
0
0
0
0
0
0
0
0.00073285
0.045171
0.064923
0.11319
0.16903
0.19931
0.21856
0.17571
0.1967
0.25922
0.31444
0.35204
0.38493
0.38442
0.37811
0.38783
0.42903
0.47999
0.53404
0.56564
0.6423
0.72572
0.78197
0.72431
0.62514
0.53161
0.53406
0.54173
0.56366
0.59693
0.61812
0.65668
0.59223
0.56122
0.57469
0.64453
0.63579
0.57322
0.54051
0.45164
0.37812
0.34974
0.33043
0.30601
0
0
0
0
0
0
0
0
0
0
0
0
0
0
0
0
0
0
0
0
0
0
0
0
0
0
0
0
0
0
0
0
0
0
0
0
0
0
0
0
0
0
0
0
0
0
0
0
0
0
0
0
0
0
0
0
0.0003812
0.013527
0.031268
0.054632
0.12256
0.18297
0.22397
0.24318
0.23938
0.26829
0.30691
0.35455
0.40187
0.40801
0.3912
0.37455
0.43236
0.4649
0.51281
0.54602
0.60113
0.67128
0.76534
0.79075
0.73965
0.65922
0.57875
0.57433
0.52871
0.52009
0.57946
0.64451
0.62306
0.57607
0.58792
0.59349
0.65727
0.66868
0.61735
0.57249
0.45599
0.38287
0.35306
0.33173
0.30601
0
0
0
0
0
0
0
0
0
0
0
0
0
0
0
0
0
0
0
0
0
0
0
0
0
0
0
0
0
0
0
0
0
0
0
0
0
0
0
0
0
0
0
0
0
0
0
0
0
0
0
0
0
0
0
0
0
0.0008514
0.0076272
0.02834
0.060306
0.11274
0.18086
0.21727
0.23079
0.27164
0.33698
0.42197
0.45851
0.47275
0.46335
0.50502
0.5088
0.54674
0.57555
0.57789
0.57484
0.6627
0.74494
0.7698
0.78212
0.67143
0.57418
0.53102
0.49623
0.53048
0.58223
0.63134
0.63312
0.58149
0.58822
0.5995
0.69785
0.69403
0.65324
0.56534
0.44981
0.38466
0.35101
0.33318
0.30601
0
0
0
0
0
0
0
0
0
0
0
0
0
0
0
0
0
0
0
0
0
0
0
0
0
0
0
0
0
0
0
0
0
0
0
0
0
0
0
0
0
0
0
0
0
0
0
0
0
0
0
0
0
0
0
0
0
0.0054778
0.015095
0.030281
0.079923
0.14939
0.23107
0.27134
0.30531
0.25371
0.27934
0.3748
0.40785
0.49058
0.54186
0.59767
0.62516
0.6664
0.69001
0.64571
0.681
0.8297
0.91608
0.9399
0.8119
0.69869
0.60847
0.54867
0.51198
0.52352
0.58318
0.59763
0.60752
0.59373
0.59075
0.6069
0.69696
0.71677
0.66124
0.56253
0.45354
0.38381
0.34866
0.32937
0.30601
0
0
0
0
0
0
0
0
0
0
0
0
0
0
0
0
0
0
0
0
0
0
0
0
0
0
0
0
0
0
0
0
0
0
0
0
0
0
0
0
0
0
0
0
0
0
0
0
0
0
0
0
0
0
0
0
0
0.0010896
0.01694
0.050098
0.1166
0.20149
0.28166
0.28865
0.26458
0.25204
0.27
0.30943
0.35577
0.40151
0.46284
0.5071
0.6144
0.58794
0.63088
0.70935
0.86257
0.90876
0.9482
1
0.88317
0.78899
0.6627
0.59227
0.50843
0.52027
0.59622
0.61274
0.59445
0.56917
0.58166
0.63296
0.68184
0.70979
0.64089
0.55898
0.45674
0.38237
0.35297
0.33108
0.30601
