0
0
0
0
0
0
0
0
0
0
0
0
0
0
0
0
0
0
0
0
0
0
0
0
0
0
0
0
0
0
0
0
0
0
0
0
0
0
0
0
0
0
0
0
0
0
0.00022635
0.0052745
0.025973
0.051628
0.082322
0.1094
0.1341
0.13154
0.11999
0.12263
0.11783
0.13505
0.1553
0.19009
0.2238
0.27359
0.36364
0.42931
0.45751
0.47012
0.5373
0.62848
0.70291
0.76226
0.83351
0.82558
0.80167
0.77172
0.70757
0.67214
0.62697
0.62489
0.6629
0.71983
0.69947
0.68847
0.68701
0.6529
0.62226
0.55698
0.53372
0.55528
0.52141
0.47778
0.45017
0.41721
0.40246
0.38054
0.34654
0.2904
0.28699
0.29046
0.28682
0.27286
0.27217
0
0
0
0
0
0
0
0
0
0
0
0
0
0
0
0
0
0
0
0
0
0
0
0
0
0
0
0
0
0
0
0
0
0
0
0
0
0
0
0
0
0
0
0
0
0
0.0022942
0.0095535
0.032079
0.053313
0.083357
0.11528
0.14021
0.14214
0.13643
0.12284
0.13384
0.13402
0.13289
0.16198
0.19739
0.22425
0.24875
0.25815
0.30136
0.37842
0.44723
0.50105
0.57008
0.5604
0.59216
0.63079
0.67845
0.68998
0.68147
0.70372
0.69785
0.74078
0.76251
0.74138
0.75486
0.73102
0.74442
0.65608
0.59677
0.55052
0.54875
0.55764
0.51376
0.4788
0.44503
0.41234
0.41041
0.38401
0.33654
0.29504
0.28349
0.29003
0.28377
0.27092
0.27217
0
0
0
0
0
0
0
0
0
0
0
0
0
0
0
0
0
0
0
0
0
0
0
0
0
0
0
0
0
0
0
0
0
0
0
0
0
0
0
0
0
0
0
0
0
0
0.0042396
0.013948
0.034238
0.063538
0.094497
0.1281
0.14745
0.14205
0.15476
0.14418
0.12817
0.11935
0.116
0.1357
0.16687
0.17968
0.18875
0.2025
0.2718
0.35185
0.45676
0.53004
0.51726
0.49706
0.49264
0.51385
0.56348
0.63241
0.7024
0.76922
0.82629
0.81993
0.78815
0.77447
0.74242
0.79045
0.76074
0.63569
0.58379
0.53306
0.55432
0.56076
0.52591
0.51719
0.45825
0.42866
0.40864
0.3763
0.32271
0.29159
0.28943
0.28143
0.27846
0.26783
0.27217
0
0
0
0
0
0
0
0
0
0
0
0
0
0
0
0
0
0
0
0
0
0
0
0
0
0
0
0
0
0
0
0
0
0
0
0
0
0
0
0
0
0
0
0
0
0
0.0039008
0.01278
0.039217
0.074261
0.098289
0.12151
0.13146
0.13973
0.14247
0.12814
0.11925
0.11655
0.13341
0.14817
0.17121
0.1826
0.19085
0.21708
0.27164
0.36555
0.42054
0.48612
0.53918
0.57799
0.53678
0.51297
0.52137
0.53205
0.62769
0.69647
0.80226
0.82408
0.78919
0.74149
0.74491
0.764
0.75912
0.66994
0.61715
0.56062
0.54301
0.54865
0.55636
0.52644
0.49452
0.45117
0.40788
0.36905
0.33058
0.29082
0.29614
0.28085
0.27064
0.2681
0.27217
0
0
0
0
0
0
0
0
0
0
0
0
0
0
0
0
0
0
0
0
0
0
0
0
0
0
0
0
0
0
0
0
0
0
0
0
0
0
0
0
0
0
0
0
0
0
0.002225
0.012843
0.03659
0.060069
0.091522
0.095603
0.10693
0.1112
0.11148
0.11883
0.13071
0.13859
0.13675
0.16377
0.18692
0.20935
0.21873
0.23525
0.26403
0.33233
0.39675
0.48729
0.59274
0.65445
0.72851
0.75289
0.69979
0.65404
0.67294
0.67227
0.70431
0.70555
0.69074
0.69553
0.71386
0.7159
0.71399
0.67479
0.59268
0.56063
0.56793
0.5772
0.56377
0.55074
0.51871
0.46272
0.4096
0.37246
0.34072
0.30221
0.29655
0.28332
0.26272
0.2682
0.27217
0
0
0
0
0
0
0
0
0
0
0
0
0
0
0
0
0
0
0
0
0
0
0
0
0
0
0
0
0
0
0
0
0
0
0
0
0
0
0
0
0
0
0
0
0
0
0.0016131
0.0082597
0.021826
0.071706
0.099217
0.10648
0.10762
0.083923
0.10458
0.12611
0.15028
0.15913
0.17352
0.18798
0.18622
0.22122
0.23118
0.2372
0.25478
0.30501
0.38048
0.45515
0.54711
0.64143
0.7726
0.79175
0.79439
0.76988
0.74963
0.71656
0.71116
0.75505
0.79486
0.78046
0.75902
0.71839
0.67565
0.62602
0.61303
0.58792
0.61967
0.58787
0.57607
0.57118
0.53037
0.46521
0.40929
0.37324
0.33898
0.30255
0.29803
0.27839
0.25078
0.2624
0.27217
0
0
0
0
0
0
0
0
0
0
0
0
0
0
0
0
0
0
0
0
0
0
0
0
0
0
0
0
0
0
0
0
0
0
0
0
0
0
0
0
0
0
0
0
0
0
0.00096873
0.0030168
0.02698
0.053306
0.090135
0.1014
0.091176
0.077529
0.098379
0.11839
0.13565
0.15917
0.17856
0.18399
0.18697
0.20127
0.23409
0.25868
0.32603
0.36791
0.39848
0.42629
0.43729
0.52405
0.67238
0.74403
0.71785
0.68077
0.67012
0.70653
0.71434
0.81626
0.86962
0.924
0.78267
0.65574
0.63163
0.63717
0.6236
0.60558
0.62905
0.62315
0.60898
0.56556
0.50885
0.47904
0.3884
0.36661
0.3344
0.29933
0.29445
0.27108
0.24243
0.25871
0.27217
0
0
0
0
0
0
0
0
0
0
0
0
0
0
0
0
0
0
0
0
0
0
0
0
0
0
0
0
0
0
0
0
0
0
0
0
0
0
0
0
0
0
0
0
0
0
0
0.0034472
0.0099911
0.029048
0.046469
0.062366
0.064324
0.066408
0.066006
0.089843
0.10815
0.12894
0.14638
0.1711
0.1986
0.22553
0.2724
0.28971
0.37816
0.43002
0.47896
0.4675
0.45164
0.49975
0.57446
0.59884
0.59148
0.55654
0.62642
0.63216
0.66992
0.80144
0.91538
1
0.90736
0.77471
0.66769
0.67586
0.62188
0.64085
0.67118
0.6424
0.61428
0.54276
0.48988
0.46157
0.39311
0.35547
0.32289
0.3012
0.29354
0.26801
0.24202
0.25376
0.27217
0
0
0
0
0
0
0
0
0
0
0
0
0
0
0
0
0
0
0
0
0
0
0
0
0
0
0
0
0
0
0
0
0
0
0
0
0
0
0
0
0
0
0
0
0
0
0
0
0.0042017
0.012935
0.032941
0.047462
0.050137
0.046204
0.034745
0.04323
0.06606
0.086756
0.10699
0.13967
0.17439
0.22343
0.28358
0.31159
0.33781
0.35942
0.39958
0.42941
0.4336
0.56699
0.70869
0.73989
0.72551
0.56151
0.556
0.58276
0.60657
0.71412
0.87047
0.92635
0.87791
0.83204
0.71673
0.69446
0.6924
0.68577
0.71697
0.6736
0.59789
0.49663
0.46328
0.45858
0.40769
0.3569
0.32072
0.29275
0.28607
0.26214
0.23724
0.2494
0.27217
0
0
0
0
0
0
0
0
0
0
0
0
0
0
0
0
0
0
0
0
0
0
0
0
0
0
0
0
0
0
0
0
0
0
0
0
0
0
0
0
0
0
0
0
0
0
0
0
0.00216
0.010262
0.024194
0.03027
0.034871
0.03614
0.044442
0.039559
0.043221
0.068488
0.092008
0.11444
0.13681
0.1569
0.19143
0.22327
0.26823
0.29429
0.34715
0.40439
0.44105
0.61225
0.82824
0.87137
0.84306
0.70003
0.60881
0.637
0.63518
0.62689
0.67532
0.75851
0.78602
0.81201
0.76716
0.74707
0.72995
0.73628
0.73187
0.65811
0.58496
0.48834
0.46188
0.4599
0.42702
0.36182
0.3091
0.28395
0.27648
0.26228
0.23466
0.24946
0.27217
0
0
0
0
0
0
0
0
0
0
0
0
0
0
0
0
0
0
0
0
0
0
0
0
0
0
0
0
0
0
0
0
0
0
0
0
0
0
0
0
0
0
0
0
0
0
0
0.00047396
0.0019936
0.0083669
0.01347
0.022199
0.03555
0.051902
0.060539
0.068128
0.069132
0.086091
0.11899
0.14794
0.14642
0.14038
0.16982
0.21161
0.26463
0.28483
0.32401
0.36954
0.4116
0.49124
0.54099
0.58386
0.59141
0.55011
0.60655
0.63999
0.62916
0.58333
0.56274
0.58893
0.70414
0.76183
0.79198
0.74694
0.67064
0.69096
0.6862
0.64825
0.55913
0.47645
0.46478
0.45079
0.41732
0.35608
0.30502
0.28306
0.26437
0.25689
0.23388
0.24671
0.27217
0
0
0
0
0
0
0
0
0
0
0
0
0
0
0
0
0
0
0
0
0
0
0
0
0
0
0
0
0
0
0
0
0
0
0
0
0
0
0
0
0
0
0
0
0
0
0
0
0.001541
0.0052345
0.010661
0.021328
0.031036
0.042011
0.058278
0.062791
0.077306
0.11484
0.13912
0.14887
0.15628
0.14372
0.1652
0.2064
0.24274
0.24882
0.24048
0.26734
0.29488
0.30871
0.32839
0.33931
0.40653
0.50946
0.59477
0.61446
0.57606
0.53458
0.52468
0.58446
0.67346
0.71861
0.76472
0.70823
0.61921
0.58895
0.59435
0.55538
0.49771
0.45507
0.45781
0.44459
0.41567
0.35399
0.29108
0.2704
0.26346
0.25004
0.2357
0.24553
0.27217
0
0
0
0
0
0
0
0
0
0
0
0
0
0
0
0
0
0
0
0
0
0
0
0
0
0
0
0
0
0
0
0
0
0
0
0
0
0
0
0
0
0
0
0
0
0
0
0
0.00021726
0.00044121
0.004411
0.012279
0.019756
0.026302
0.034949
0.04355
0.062361
0.072621
0.082992
0.09315
0.096723
0.094397
0.10518
0.12986
0.17288
0.2098
0.20572
0.20299
0.23809
0.27095
0.29457
0.30005
0.32654
0.42434
0.51618
0.52429
0.48704
0.49578
0.52817
0.59452
0.66793
0.70676
0.69329
0.61169
0.53731
0.47713
0.47115
0.46029
0.45052
0.43923
0.46323
0.44526
0.40786
0.33992
0.2904
0.26651
0.26027
0.24696
0.24192
0.24355
0.27217
0
0
0
0
0
0
0
0
0
0
0
0
0
0
0
0
0
0
0
0
0
0
0
0
0
0
0
0
0
0
0
0
0
0
0
0
0
0
0
0
0
0
0
0
0
0
0
0
0
0.0010334
0.0049074
0.0076695
0.0095067
0.013273
0.020798
0.036398
0.043758
0.05732
0.064088
0.070386
0.081911
0.083659
0.085299
0.10845
0.14848
0.17429
0.17738
0.18937
0.21993
0.25158
0.2528
0.24276
0.245
0.30034
0.35602
0.40758
0.46281
0.52033
0.60956
0.61233
0.58795
0.5733
0.53722
0.50672
0.47739
0.43824
0.43517
0.40544
0.41226
0.41948
0.43955
0.44787
0.39191
0.31917
0.28745
0.26854
0.257
0.2471
0.24473
0.24252
0.27217
0
0
0
0
0
0
0
0
0
0
0
0
0
0
0
0
0
0
0
0
0
0
0
0
0
0
0
0
0
0
0
0
0
0
0
0
0
0
0
0
0
0
0
0
0
0
0
0
0.00034072
0.0018701
0.0074207
0.011318
0.02351
0.031982
0.038494
0.047757
0.065271
0.070177
0.073433
0.078274
0.083848
0.10112
0.11433
0.13904
0.16013
0.15918
0.15756
0.15892
0.18662
0.22526
0.24251
0.23569
0.22304
0.25961
0.32421
0.37333
0.41943
0.52806
0.56835
0.59063
0.55441
0.49935
0.46199
0.4628
0.4526
0.45042
0.42429
0.38227
0.38896
0.38143
0.4097
0.41056
0.37958
0.30362
0.27816
0.27718
0.25538
0.24865
0.24605
0.24144
0.27217
0
0
0
0
0
0
0
0
0
0
0
0
0
0
0
0
0
0
0
0
0
0
0
0
0
0
0
0
0
0
0
0
0
0
0
0
0
0
0
0
0
0
0
0
0
0
0
0
0
0.0031883
0.015264
0.019177
0.035157
0.040191
0.041136
0.046367
0.053134
0.060029
0.06102
0.063693
0.068953
0.08687
0.10045
0.1129
0.12553
0.12773
0.11525
0.13507
0.17848
0.19646
0.20922
0.20108
0.21641
0.25042
0.27756
0.2973
0.35296
0.41388
0.46722
0.49509
0.50717
0.4503
0.43639
0.45443
0.45721
0.47593
0.42436
0.37113
0.37001
0.35542
0.3693
0.38418
0.34243
0.29362
0.27602
0.27811
0.25498
0.24609
0.24285
0.24172
0.27217
0
0
0
0
0
0
0
0
0
0
0
0
0
0
0
0
0
0
0
0
0
0
0
0
0
0
0
0
0
0
0
0
0
0
0
0
0
0
0
0
0
0
0
0
0
0
0
0
0.0027046
0.0064633
0.013059
0.021615
0.023787
0.027215
0.035829
0.037489
0.032471
0.037961
0.054997
0.067943
0.094844
0.095509
0.083566
0.08854
0.099501
0.1141
0.13517
0.14931
0.15204
0.17728
0.19018
0.17769
0.19863
0.22582
0.24989
0.2575
0.25344
0.27434
0.32885
0.41064
0.4404
0.4561
0.44224
0.42075
0.45658
0.50015
0.44735
0.39543
0.38627
0.35208
0.36475
0.34639
0.31189
0.30057
0.26806
0.27631
0.25624
0.24206
0.24818
0.24042
0.27217
0
0
0
0
0
0
0
0
0
0
0
0
0
0
0
0
0
0
0
0
0
0
0
0
0
0
0
0
0
0
0
0
0
0
0
0
0
0
0
0
0
0
0
0
0
0
0
0
0
0.00067745
0.0030883
0.0052898
0.0096775
0.021025
0.02588
0.034262
0.042071
0.040358
0.058463
0.079807
0.092443
0.10653
0.10171
0.10563
0.11721
0.13291
0.13671
0.15629
0.17054
0.17641
0.18705
0.2015
0.2194
0.25128
0.24851
0.23171
0.24416
0.24854
0.26303
0.34727
0.39674
0.40971
0.44818
0.40017
0.43632
0.4647
0.45255
0.42222
0.38855
0.35286
0.35266
0.33167
0.3058
0.29948
0.26974
0.27403
0.26269
0.24685
0.24415
0.23946
0.27217
0
0
0
0
0
0
0
0
0
0
0
0
0
0
0
0
0
0
0
0
0
0
0
0
0
0
0
0
0
0
0
0
0
0
0
0
0
0
0
0
0
0
0
0
0
0
0
0
0
0.00028707
0.0016112
0.0027472
0.0055594
0.0088903
0.013947
0.019869
0.028653
0.045365
0.050646
0.060164
0.065933
0.085353
0.095379
0.11013
0.11037
0.13225
0.13584
0.17411
0.17114
0.17468
0.20855
0.22803
0.28056
0.28536
0.25026
0.23115
0.24557
0.26617
0.27262
0.29906
0.36049
0.39411
0.36831
0.38256
0.40752
0.4533
0.4578
0.42849
0.37841
0.35012
0.35179
0.32387
0.30561
0.29953
0.26426
0.27787
0.26249
0.24658
0.24232
0.24032
0.27217
0
0
0
0
0
0
0
0
0
0
0
0
0
0
0
0
0
0
0
0
0
0
0
0
0
0
0
0
0
0
0
0
0
0
0
0
0
0
0
0
0
0
0
0
0
0
0
0
0
0.00028707
0.0016948
0.0056253
0.010261
0.014658
0.018311
0.02644
0.042259
0.057332
0.061086
0.063502
0.063565
0.068553
0.081272
0.082251
0.093437
0.11375
0.11826
0.13543
0.14097
0.14282
0.17912
0.21869
0.26424
0.26882
0.22912
0.21881
0.21591
0.23837
0.25437
0.26166
0.28239
0.33166
0.34509
0.33347
0.3806
0.44195
0.44955
0.39598
0.35804
0.35142
0.34457
0.32084
0.30039
0.28819
0.26526
0.27289
0.26167
0.25324
0.24416
0.24165
0.27217
0
0
0
0
0
0
0
0
0
0
0
0
0
0
0
0
0
0
0
0
0
0
0
0
0
0
0
0
0
0
0
0
0
0
0
0
0
0
0
0
0
0
0
0
0
0
0
0
0
0
0.0017451
0.009877
0.017601
0.022777
0.028826
0.036514
0.042432
0.053509
0.062733
0.063161
0.066054
0.072867
0.074768
0.079349
0.081066
0.087633
0.085878
0.095294
0.11487
0.13664
0.18787
0.22042
0.23237
0.23185
0.20153
0.18776
0.2029
0.22048
0.22364
0.23585
0.26157
0.28368
0.29055
0.31176
0.34998
0.39367
0.40823
0.36375
0.33534
0.32546
0.32746
0.32453
0.29068
0.27851
0.26342
0.27712
0.26292
0.25162
0.24523
0.23992
0.27217
0
0
0
0
0
0
0
0
0
0
0
0
0
0
0
0
0
0
0
0
0
0
0
0
0
0
0
0
0
0
0
0
0
0
0
0
0
0
0
0
0
0
0
0
0
0
0
0
0
0
0.0037792
0.0060723
0.015176
0.022257
0.028336
0.03104
0.034838
0.039139
0.048113
0.059502
0.064217
0.07178
0.079226
0.077607
0.074627
0.076079
0.084437
0.10323
0.12058
0.15495
0.17758
0.19829
0.2016
0.18074
0.17422
0.18293
0.19469
0.20036
0.19663
0.21567
0.24121
0.24838
0.24774
0.27583
0.31258
0.35911
0.37088
0.35227
0.30765
0.28801
0.30865
0.30333
0.28022
0.27168
0.26311
0.27406
0.26037
0.2445
0.25168
0.24131
0.27217
0
0
0
0
0
0
0
0
0
0
0
0
0
0
0
0
0
0
0
0
0
0
0
0
0
0
0
0
0
0
0
0
0
0
0
0
0
0
0
0
0
0
0
0
0
0
0
0.001125
0.0013614
0.00089637
0.0028875
0.0035639
0.0079263
0.019428
0.018037
0.025227
0.031149
0.0376
0.046117
0.046219
0.054108
0.065042
0.071586
0.079364
0.087963
0.093786
0.097225
0.10321
0.1189
0.13415
0.15935
0.17845
0.17011
0.15625
0.16994
0.18037
0.18677
0.18476
0.18153
0.19766
0.21174
0.23303
0.22794
0.23451
0.27874
0.32175
0.32775
0.31087
0.28125
0.27153
0.29186
0.28268
0.26229
0.25542
0.2601
0.27268
0.25678
0.24775
0.24944
0.24538
0.27217
0
0
0
0
0
0
0
0
0
0
0
0
0
0
0
0
0
0
0
0
0
0
0
0
0
0
0
0
0
0
0
0
0
0
0
0
0
0
0
0
0
0
0
0
0
0
0.00046503
0.0013614
0.0013614
0.0013614
0.0015379
0.0096584
0.017254
0.020621
0.025528
0.026036
0.02724
0.031301
0.03513
0.046441
0.050032
0.053628
0.067646
0.085795
0.099956
0.10268
0.101
0.099663
0.10451
0.11034
0.13288
0.14472
0.1676
0.1624
0.16051
0.16592
0.16418
0.17112
0.17227
0.18253
0.1956
0.20015
0.18775
0.21607
0.25429
0.29088
0.28423
0.27481
0.26675
0.26202
0.28316
0.26429
0.25002
0.26791
0.26256
0.2744
0.25557
0.25255
0.24577
0.24138
0.27217
0
0
0
0
0
0
0
0
0
0
0
0
0
0
0
0
0
0
0
0
0
0
0
0
0
0
0
0
0
0
0
0
0
0
0
0
0
0
0
0
0
0
0
0
0
0
0
0
0
0
0.00069869
0.0042572
0.0077016
0.014986
0.023101
0.030412
0.033992
0.045
0.049015
0.047288
0.048375
0.046346
0.053943
0.067664
0.079022
0.092393
0.09348
0.091539
0.094807
0.10204
0.11126
0.13261
0.1491
0.13908
0.15828
0.1687
0.16253
0.1722
0.16422
0.16648
0.17084
0.17624
0.1714
0.20091
0.21082
0.25815
0.27792
0.26093
0.26427
0.2536
0.25894
0.23862
0.24496
0.2582
0.26794
0.27127
0.25003
0.24643
0.24239
0.24051
0.27217
0
0
0
0
0
0
0
0
0
0
0
0
0
0
0
0
0
0
0
0
0
0
0
0
0
0
0
0
0
0
0
0
0
0
0
0
0
0
0
0
0
0
0
0
0
0
0
0
0
0
0.0017202
0.0057342
0.0085537
0.014194
0.018325
0.027082
0.03555
0.044732
0.05256
0.054877
0.04795
0.045611
0.044184
0.052605
0.068209
0.072694
0.078963
0.079803
0.078816
0.08773
0.10224
0.12272
0.12509
0.13318
0.14589
0.14942
0.15839
0.14857
0.15984
0.17293
0.16163
0.16355
0.18059
0.18711
0.20247
0.23137
0.25034
0.25928
0.25195
0.24084
0.23983
0.23293
0.24709
0.25705
0.26943
0.26936
0.24452
0.24511
0.24155
0.24349
0.27217
0
0
0
0
0
0
0
0
0
0
0
0
0
0
0
0
0
0
0
0
0
0
0
0
0
0
0
0
0
0
0
0
0
0
0
0
0
0
0
0
0
0
0
0
0
0
0
0
0
0
0.0022237
0.0050146
0.011496
0.016104
0.020093
0.019531
0.023297
0.029251
0.03142
0.045195
0.050956
0.053311
0.059699
0.063275
0.072236
0.071051
0.072567
0.077195
0.082303
0.088018
0.095838
0.11323
0.12256
0.13811
0.14125
0.13577
0.13111
0.13046
0.14582
0.16121
0.16494
0.16663
0.18364
0.18623
0.20638
0.21971
0.22528
0.25154
0.25831
0.23986
0.23
0.2407
0.24245
0.25046
0.26683
0.26561
0.24742
0.24309
0.23896
0.24462
0.27217
0
0
0
0
0
0
0
0
0
0
0
0
0
0
0
0
0
0
0
0
0
0
0
0
0
0
0
0
0
0
0
0
0
0
0
0
0
0
0
0
0
0
0
0
0
0
0
0
0
0.00024862
0.00046978
0.0034659
0.010673
0.016611
0.021795
0.027955
0.027648
0.026481
0.033148
0.040172
0.047112
0.05469
0.061657
0.064787
0.072532
0.075904
0.074317
0.078418
0.082033
0.08952
0.10231
0.11175
0.11467
0.12493
0.11966
0.13132
0.12859
0.13089
0.14797
0.15786
0.17367
0.16348
0.1707
0.17572
0.19123
0.21473
0.22559
0.26153
0.25614
0.23176
0.22733
0.24237
0.248
0.26251
0.26199
0.26319
0.24866
0.24537
0.23651
0.24352
0.27217
0
0
0
0
0
0
0
0
0
0
0
0
0
0
0
0
0
0
0
0
0
0
0
0
0
0
0
0
0
0
0
0
0
0
0
0
0
0
0
0
0
0
0
0
0
0
0
0
0
0
0.002095
0.0041346
0.0071538
0.012512
0.018582
0.024519
0.030085
0.035193
0.036577
0.046938
0.052334
0.051046
0.049388
0.057301
0.064757
0.066614
0.070526
0.075356
0.075155
0.078192
0.087931
0.097069
0.10099
0.10733
0.11646
0.1185
0.12549
0.1356
0.15283
0.1537
0.15492
0.15537
0.17667
0.17746
0.18088
0.20596
0.23622
0.25186
0.24944
0.23863
0.22983
0.24578
0.26141
0.27374
0.26474
0.25785
0.25185
0.24779
0.23972
0.2398
0.27217
0
0
0
0
0
0
0
0
0
0
0
0
0
0
0
0
0
0
0
0
0
0
0
0
0
0
0
0
0
0
0
0
0
0
0
0
0
0
0
0
0
0
0
0
0
0
0.00052407
0.001568
0.0027534
0.0051317
0.0064593
0.014912
0.022109
0.02415
0.026858
0.02811
0.033848
0.037937
0.03741
0.04162
0.048679
0.054309
0.053608
0.057115
0.061496
0.068516
0.072927
0.077373
0.078417
0.081555
0.085022
0.091652
0.10181
0.098894
0.10663
0.11665
0.12943
0.13665
0.14979
0.15116
0.15422
0.14869
0.15729
0.16937
0.18471
0.21602
0.22076
0.24585
0.23732
0.24183
0.24068
0.23414
0.265
0.28136
0.27574
0.2627
0.25051
0.24835
0.2389
0.23694
0.27217
0
0
0
0
0
0
0
0
0
0
0
0
0
0
0
0
0
0
0
0
0
0
0
0
0
0
0
0
0
0
0
0
0
0
0
0
0
0
0
0
0
0
0
0
0
0
0.00074978
0.0019805
0.0068471
0.0083759
0.010625
0.017716
0.027223
0.031906
0.031172
0.032695
0.034339
0.034901
0.036251
0.036848
0.052477
0.062631
0.067067
0.069437
0.070323
0.074155
0.072317
0.081141
0.08289
0.084929
0.093
0.10146
0.1099
0.10721
0.10825
0.11114
0.11256
0.12549
0.13648
0.14514
0.14747
0.14339
0.15088
0.19451
0.21019
0.21831
0.22931
0.24495
0.24229
0.23162
0.22855
0.23361
0.26149
0.28248
0.27167
0.26342
0.25175
0.24337
0.23757
0.23791
0.27217
0
0
0
0
0
0
0
0
0
0
0
0
0
0
0
0
0
0
0
0
0
0
0
0
0
0
0
0
0
0
0
0
0
0
0
0
0
0
0
0
0
0
0
0
0
0
0
0.00096079
0.0026126
0.0074062
0.012
0.012974
0.017894
0.022886
0.029515
0.033028
0.032068
0.031965
0.032216
0.04032
0.05671
0.062532
0.069946
0.073682
0.071342
0.06818
0.07734
0.081465
0.079288
0.087001
0.096843
0.1079
0.10981
0.1092
0.11321
0.10282
0.10959
0.12576
0.13881
0.13745
0.13255
0.12981
0.15662
0.21267
0.22393
0.24624
0.23327
0.23236
0.22959
0.21469
0.22772
0.23241
0.26002
0.28071
0.28113
0.25682
0.24817
0.2415
0.24088
0.23798
0.27217
0
0
0
0
0
0
0
0
0
0
0
0
0
0
0
0
0
0
0
0
0
0
0
0
0
0
0
0
0
0
0
0
0
0
0
0
0
0
0
0
0
0
0
0
0
0
0.00072446
0.001629
0.0058588
0.0075766
0.01065
0.012802
0.018234
0.024629
0.031902
0.037861
0.039521
0.034659
0.030877
0.041054
0.047485
0.064764
0.07792
0.07557
0.073927
0.071407
0.075272
0.07725
0.080377
0.083957
0.088013
0.093907
0.10521
0.10581
0.11101
0.10362
0.10956
0.11759
0.12409
0.12848
0.11961
0.12349
0.16429
0.20049
0.22319
0.24771
0.22091
0.20372
0.22033
0.21659
0.22716
0.23382
0.24429
0.26298
0.27051
0.25916
0.24329
0.24173
0.24207
0.24185
0.27217
0
0
0
0
0
0
0
0
0
0
0
0
0
0
0
0
0
0
0
0
0
0
0
0
0
0
0
0
0
0
0
0
0
0
0
0
0
0
0
0
0
0
0
0
0
0
0.00047077
0.0026576
0.0049455
0.0084017
0.01104
0.014406
0.018446
0.022535
0.032333
0.032188
0.033516
0.040281
0.043732
0.044228
0.061507
0.07522
0.080489
0.084782
0.078585
0.077237
0.082917
0.08836
0.091177
0.09547
0.089148
0.085967
0.09008
0.106
0.10995
0.11407
0.12196
0.11172
0.11059
0.11823
0.11809
0.11831
0.15242
0.19337
0.21555
0.21834
0.19565
0.19909
0.20175
0.20195
0.21324
0.2186
0.24118
0.24181
0.24971
0.25414
0.24886
0.243
0.23913
0.2438
0.27217
0
0
0
0
0
0
0
0
0
0
0
0
0
0
0
0
0
0
0
0
0
0
0
0
0
0
0
0
0
0
0
0
0
0
0
0
0
0
0
0
0
0
0
0
0
0
0
0.0023126
0.0096178
0.015412
0.02184
0.026725
0.026385
0.028868
0.029044
0.034826
0.042767
0.043973
0.05155
0.05335
0.060241
0.061539
0.064687
0.072396
0.072572
0.084743
0.098367
0.099533
0.10911
0.095641
0.090415
0.097401
0.10111
0.116
0.12887
0.11274
0.11434
0.11006
0.10357
0.1053
0.12131
0.12598
0.13707
0.16088
0.17926
0.18479
0.179
0.18883
0.18045
0.1951
0.20417
0.20679
0.2321
0.23494
0.2406
0.25264
0.24285
0.24102
0.24037
0.24411
0.27217
0
0
0
0
0
0
0
0
0
0
0
0
0
0
0
0
0
0
0
0
0
0
0
0
0
0
0
0
0
0
0
0
0
0
0
0
0
0
0
0
0
0
0
0
0
0
0.0014225
0.0038447
0.0092942
0.017391
0.02477
0.030548
0.031108
0.034841
0.037745
0.040543
0.045011
0.044222
0.047398
0.050821
0.052352
0.056658
0.061636
0.060641
0.06268
0.067635
0.080362
0.085143
0.094484
0.090646
0.089634
0.093842
0.10765
0.11815
0.11699
0.12079
0.10571
0.10076
0.093656
0.097456
0.11069
0.12172
0.13784
0.1503
0.15884
0.15737
0.16794
0.17078
0.16975
0.18292
0.19194
0.19644
0.21954
0.22705
0.22781
0.24179
0.23572
0.23824
0.23952
0.24182
0.27217
0
0
0
0
0
0
0
0
0
0
0
0
0
0
0
0
0
0
0
0
0
0
0
0
0
0
0
0
0
0
0
0
0
0
0
0
0
0
0
0
0
0
0
0
0
0
0.0010391
0.0080432
0.016189
0.026709
0.036058
0.03591
0.037867
0.039856
0.036699
0.04289
0.045172
0.04755
0.049968
0.056483
0.057141
0.064725
0.070058
0.065028
0.068589
0.065938
0.069922
0.078318
0.080194
0.090048
0.097703
0.095736
0.10616
0.1096
0.10711
0.10659
0.11135
0.099001
0.095935
0.10295
0.10278
0.11924
0.13598
0.13903
0.15202
0.16161
0.15517
0.1661
0.16664
0.17947
0.18766
0.19566
0.21484
0.22013
0.22519
0.23003
0.2336
0.23481
0.2394
0.24131
0.27217
0
0
0
0
0
0
0
0
0
0
0
0
0
0
0
0
0
0
0
0
0
0
0
0
0
0
0
0
0
0
0
0
0
0
0
0
0
0
0
0
0
0
0
0
0
0
0.0011075
0.0079243
0.023252
0.030063
0.038242
0.044981
0.043772
0.043437
0.043076
0.044448
0.047394
0.049443
0.057657
0.057274
0.066973
0.069529
0.062689
0.065757
0.066054
0.068555
0.073475
0.080233
0.08266
0.088844
0.09278
0.091314
0.096804
0.090367
0.093594
0.098349
0.10522
0.10436
0.10856
0.10869
0.10808
0.12343
0.13244
0.13897
0.14915
0.15338
0.15313
0.1611
0.16409
0.16521
0.18891
0.19785
0.20298
0.21547
0.22403
0.21739
0.23009
0.23852
0.24239
0.24304
0.27217
0
0
0
0
0
0
0
0
0
0
0
0
0
0
0
0
0
0
0
0
0
0
0
0
0
0
0
0
0
0
0
0
0
0
0
0
0
0
0
0
0
0
0
0
0
0
0.0025366
0.014062
0.024486
0.034232
0.045149
0.045766
0.053793
0.05423
0.055103
0.058784
0.06288
0.062049
0.061787
0.066128
0.067343
0.071193
0.06647
0.06353
0.072927
0.07752
0.086407
0.08467
0.082441
0.07971
0.077089
0.082684
0.085952
0.092541
0.099462
0.10736
0.10584
0.11502
0.1142
0.10935
0.11437
0.11652
0.12606
0.13401
0.1463
0.14956
0.14611
0.16284
0.16061
0.17185
0.18177
0.18612
0.19799
0.20814
0.21272
0.22123
0.22361
0.23907
0.25415
0.24152
0.27217
0
0
0
0
0
0
0
0
0
0
0
0
0
0
0
0
0
0
0
0
0
0
0
0
0
0
0
0
0
0
0
0
0
0
0
0
0
0
0
0
0
0
0
0
0
0
0.0042804
0.016937
0.033118
0.044152
0.047832
0.050806
0.052983
0.056164
0.059343
0.066623
0.068657
0.066487
0.070863
0.074034
0.086276
0.079177
0.072852
0.074845
0.06859
0.076561
0.083857
0.082926
0.082616
0.082219
0.079042
0.086927
0.091374
0.097129
0.10925
0.10855
0.10799
0.10983
0.1105
0.11431
0.11756
0.11518
0.12269
0.13328
0.14367
0.14596
0.15219
0.15866
0.15901
0.16267
0.17634
0.18603
0.19174
0.20303
0.21011
0.22091
0.22373
0.24262
0.25299
0.24399
0.27217
0
0
0
0
0
0
0
0
0
0
0
0
0
0
0
0
0
0
0
0
0
0
0
0
0
0
0
0
0
0
0
0
0
0
0
0
0
0
0
0
0
0
0
0
0
0
0.0039866
0.013241
0.030985
0.052925
0.066004
0.063337
0.070201
0.061248
0.062444
0.069615
0.067517
0.073905
0.074864
0.074338
0.082695
0.080981
0.073233
0.071426
0.070709
0.068728
0.08153
0.09448
0.089932
0.09281
0.10007
0.10108
0.11165
0.12414
0.12199
0.12063
0.11291
0.10409
0.1074
0.11083
0.11042
0.11646
0.12094
0.14155
0.14881
0.14755
0.14931
0.14719
0.15746
0.16027
0.17128
0.18012
0.19068
0.20323
0.21014
0.21286
0.21959
0.23891
0.25537
0.24595
0.27217
0
0
0
0
0
0
0
0
0
0
0
0
0
0
0
0
0
0
0
0
0
0
0
0
0
0
0
0
0
0
0
0
0
0
0
0
0
0
0
0
0
0
0
0
0
0
0.0029052
0.01531
0.034989
0.052986
0.065375
0.073648
0.070093
0.072153
0.073337
0.071666
0.071616
0.06941
0.071914
0.074395
0.069527
0.068716
0.081177
0.080338
0.084001
0.092392
0.09676
0.10688
0.1262
0.12346
0.11622
0.12234
0.12501
0.14812
0.14669
0.12254
0.11491
0.10935
0.10331
0.10101
0.10823
0.1172
0.11872
0.13707
0.14319
0.1492
0.1477
0.14496
0.14849
0.15354
0.16657
0.18074
0.18808
0.1884
0.2012
0.204
0.21112
0.23428
0.25002
0.24626
0.27217
0
0
0
0
0
0
0
0
0
0
0
0
0
0
0
0
0
0
0
0
0
0
0
0
0
0
0
0
0
0
0
0
0
0
0
0
0
0
0
0
0
0
0
0
0
0
0.0059365
0.01869
0.033342
0.052527
0.058533
0.060453
0.064274
0.069839
0.070271
0.075405
0.067809
0.07866
0.079717
0.079595
0.084925
0.086772
0.09401
0.10326
0.10565
0.10816
0.117
0.12806
0.14041
0.13654
0.13022
0.13314
0.14794
0.15471
0.1489
0.13619
0.11607
0.10511
0.099933
0.10323
0.10243
0.10997
0.11381
0.12759
0.14021
0.1433
0.14674
0.14027
0.15155
0.15217
0.16385
0.17924
0.18431
0.19116
0.19459
0.19532
0.20491
0.23405
0.24934
0.24743
0.27217
0
0
0
0
0
0
0
0
0
0
0
0
0
0
0
0
0
0
0
0
0
0
0
0
0
0
0
0
0
0
0
0
0
0
0
0
0
0
0
0
0
0
0
0
0
0
0.0042389
0.018784
0.038024
0.06164
0.075319
0.079404
0.084475
0.085734
0.093698
0.10182
0.10784
0.11488
0.10914
0.11111
0.10913
0.1066
0.11718
0.11491
0.11178
0.11996
0.11835
0.1169
0.13029
0.12988
0.13471
0.13066
0.12936
0.14695
0.13897
0.13582
0.11562
0.11216
0.10839
0.10659
0.10326
0.099892
0.11107
0.11767
0.1285
0.13728
0.12782
0.13654
0.14288
0.14497
0.16686
0.1752
0.18744
0.18897
0.19195
0.1968
0.20359
0.23507
0.24948
0.24698
0.27217
0
0
0
0
0
0
0
0
0
0
0
0
0
0
0
0
0
0
0
0
0
0
0
0
0
0
0
0
0
0
0
0
0
0
0
0
0
0
0
0
0
0
0
0
0
0
0.0017259
0.021524
0.044993
0.074932
0.092159
0.10079
0.10682
0.10641
0.11014
0.12026
0.13084
0.1338
0.12394
0.12434
0.11697
0.12248
0.12862
0.1318
0.14184
0.14126
0.13798
0.13613
0.1298
0.13964
0.14439
0.13645
0.1356
0.13312
0.12741
0.13211
0.13845
0.13753
0.11464
0.10889
0.10574
0.10504
0.10864
0.11396
0.11899
0.12854
0.13003
0.14301
0.15029
0.15462
0.16422
0.16731
0.18734
0.1957
0.1951
0.19815
0.20091
0.22657
0.24819
0.24934
0.27217
0
0
0
0
0
0
0
0
0
0
0
0
0
0
0
0
0
0
0
0
0
0
0
0
0
0
0
0
0
0
0
0
0
0
0
0
0
0
0
0
0
0
0
0
0
0
0.0027977
0.024885
0.057471
0.09593
0.11551
0.12571
0.12365
0.14317
0.15336
0.16082
0.15374
0.14736
0.13432
0.12822
0.12612
0.13317
0.1463
0.14044
0.14708
0.15448
0.15089
0.14122
0.1296
0.14302
0.1462
0.14982
0.14209
0.13304
0.13293
0.14898
0.14984
0.13724
0.13178
0.1179
0.11111
0.11025
0.10424
0.11372
0.11606
0.1216
0.13087
0.14541
0.15506
0.16437
0.17033
0.16685
0.18178
0.18954
0.19577
0.19888
0.20633
0.22567
0.24886
0.24828
0.27217
0
0
0
0
0
0
0
0
0
0
0
0
0
0
0
0
0
0
0
0
0
0
0
0
0
0
0
0
0
0
0
0
0
0
0
0
0
0
0
0
0
0
0
0
0
0
0.0038197
0.023662
0.059708
0.10671
0.12722
0.13749
0.14379
0.17011
0.1861
0.1964
0.17584
0.15803
0.14393
0.13353
0.13421
0.14177
0.14195
0.13954
0.13869
0.13072
0.13356
0.13176
0.12994
0.14312
0.14101
0.14475
0.1433
0.13999
0.14198
0.14388
0.14449
0.13875
0.12652
0.11632
0.11362
0.11283
0.11285
0.11049
0.11164
0.123
0.13216
0.14487
0.15886
0.16748
0.17137
0.1698
0.1794
0.18422
0.19031
0.20088
0.20873
0.22193
0.25131
0.24847
0.27217
0
0
0
0
0
0
0
0
0
0
0
0
0
0
0
0
0
0
0
0
0
0
0
0
0
0
0
0
0
0
0
0
0
0
0
0
0
0
0
0
0
0
0
0
0
0
0.0059833
0.031525
0.070056
0.11169
0.15261
0.16483
0.16145
0.16817
0.17466
0.1863
0.18064
0.17208
0.15638
0.15984
0.15063
0.15025
0.15565
0.14306
0.14569
0.12873
0.12336
0.12641
0.13102
0.12733
0.1367
0.15157
0.1502
0.14177
0.14833
0.14379
0.14118
0.12626
0.11881
0.12002
0.1198
0.11783
0.12233
0.11745
0.12096
0.12948
0.13495
0.14208
0.15939
0.16448
0.17373
0.16945
0.17473
0.17944
0.18966
0.19525
0.2002
0.22256
0.25047
0.24918
0.27217
0
0
0
0
0
0
0
0
0
0
0
0
0
0
0
0
0
0
0
0
0
0
0
0
0
0
0
0
0
0
0
0
0
0
0
0
0
0
0
0
0
0
0
0
0
0
0.0025626
0.019304
0.054757
0.10287
0.14189
0.16656
0.18245
0.19463
0.19957
0.20689
0.20409
0.1957
0.17778
0.16735
0.16412
0.15547
0.15132
0.14863
0.13492
0.13363
0.13034
0.13345
0.13577
0.13958
0.15645
0.14766
0.14706
0.14335
0.13451
0.1325
0.1314
0.1177
0.11382
0.11459
0.12481
0.12058
0.11322
0.11332
0.12033
0.12416
0.13505
0.15112
0.16479
0.16378
0.16348
0.16567
0.17279
0.18294
0.19932
0.19512
0.19219
0.21962
0.25147
0.24891
0.27217
0
0
0
0
0
0
0
0
0
0
0
0
0
0
0
0
0
0
0
0
0
0
0
0
0
0
0
0
0
0
0
0
0
0
0
0
0
0
0
0
0
0
0
0
0
0
0.0064635
0.022409
0.058709
0.102
0.14441
0.17228
0.1797
0.19101
0.20325
0.21008
0.21829
0.20605
0.1856
0.17638
0.17618
0.16734
0.15728
0.14567
0.13134
0.13563
0.13977
0.14024
0.14538
0.13751
0.14406
0.14423
0.14374
0.1354
0.13478
0.13931
0.12984
0.11347
0.11126
0.11033
0.11687
0.1091
0.10774
0.10789
0.11636
0.12357
0.13664
0.14438
0.15265
0.15756
0.15833
0.16311
0.16716
0.18254
0.18797
0.19001
0.19803
0.22193
0.25305
0.25172
0.27217
0
0
0
0
0
0
0
0
0
0
0
0
0
0
0
0
0
0
0
0
0
0
0
0
0
0
0
0
0
0
0
0
0
0
0
0
0
0
0
0
0
0
0
0
0
0
0.0033657
0.018938
0.051543
0.089149
0.12849
0.14383
0.15751
0.1682
0.18418
0.19462
0.20717
0.1975
0.18569
0.17224
0.16413
0.17483
0.16233
0.1508
0.13919
0.145
0.14862
0.13652
0.13993
0.12693
0.12549
0.12692
0.13343
0.13494
0.13241
0.13506
0.12921
0.11543
0.1139
0.11354
0.10628
0.10882
0.099332
0.10522
0.11032
0.12283
0.13068
0.13699
0.14759
0.15358
0.15119
0.15718
0.17073
0.18837
0.18381
0.18338
0.21068
0.22107
0.24624
0.25114
0.27217
0
0
0
0
0
0
0
0
0
0
0
0
0
0
0
0
0
0
0
0
0
0
0
0
0
0
0
0
0
0
0
0
0
0
0
0
0
0
0
0
0
0
0
0
0
0
0.0040577
0.020301
0.052596
0.088876
0.12883
0.15152
0.17113
0.17429
0.17501
0.17664
0.17913
0.18382
0.16392
0.1672
0.17863
0.17126
0.16375
0.15504
0.1405
0.1478
0.12981
0.13675
0.11841
0.11821
0.11715
0.12015
0.12385
0.12446
0.12894
0.13115
0.12694
0.11732
0.10926
0.1066
0.10563
0.10757
0.10379
0.1024
0.11274
0.1195
0.12347
0.13341
0.14014
0.14764
0.15296
0.1533
0.16332
0.18004
0.18286
0.17795
0.20763
0.21865
0.24114
0.25185
0.27217
0
0
0
0
0
0
0
0
0
0
0
0
0
0
0
0
0
0
0
0
0
0
0
0
0
0
0
0
0
0
0
0
0
0
0
0
0
0
0
0
0
0
0
0
0
0
0.0018918
0.022849
0.061678
0.10156
0.13425
0.1631
0.17686
0.17191
0.1609
0.14626
0.14731
0.14416
0.14438
0.16041
0.17235
0.17512
0.16024
0.15485
0.13757
0.12966
0.12854
0.12344
0.11919
0.12093
0.11362
0.11172
0.10786
0.11428
0.12032
0.12599
0.11944
0.11502
0.10744
0.11478
0.11527
0.11395
0.11056
0.11451
0.11525
0.12362
0.12668
0.13784
0.13708
0.1436
0.1505
0.15519
0.16332
0.17559
0.18046
0.18281
0.20606
0.22116
0.23783
0.25128
0.27217
0
0
0
0
0
0
0
0
0
0
0
0
0
0
0
0
0
0
0
0
0
0
0
0
0
0
0
0
0
0
0
0
0
0
0
0
0
0
0
0
0
0
0
0
0
0
0.0037633
0.022887
0.053557
0.08786
0.11629
0.12867
0.15623
0.17061
0.17258
0.16491
0.15301
0.15017
0.15015
0.14391
0.1257
0.14181
0.13836
0.13188
0.12652
0.12243
0.1103
0.11061
0.11249
0.10618
0.10445
0.10833
0.1065
0.11442
0.12192
0.12373
0.12501
0.11643
0.11025
0.1093
0.11643
0.12126
0.11747
0.12113
0.12363
0.12544
0.12678
0.13169
0.13536
0.14123
0.14163
0.16021
0.16119
0.17711
0.18066
0.18312
0.19945
0.21504
0.24075
0.24992
0.27217
0
0
0
0
0
0
0
0
0
0
0
0
0
0
0
0
0
0
0
0
0
0
0
0
0
0
0
0
0
0
0
0
0
0
0
0
0
0
0
0
0
0
0
0
0
0
0
0.011756
0.032833
0.062251
0.091282
0.12225
0.14719
0.15696
0.15576
0.15098
0.13312
0.14653
0.14514
0.13596
0.12855
0.1212
0.13167
0.13587
0.12573
0.11014
0.098151
0.10085
0.10283
0.099049
0.10285
0.1001
0.10509
0.11299
0.11976
0.12066
0.11638
0.11398
0.11471
0.11711
0.11912
0.11883
0.11719
0.11385
0.11952
0.12099
0.12645
0.13012
0.13528
0.14179
0.15258
0.15882
0.16137
0.17302
0.18178
0.1834
0.19869
0.21204
0.2406
0.25455
0.27217
0
0
0
0
0
0
0
0
0
0
0
0
0
0
0
0
0
0
0
0
0
0
0
0
0
0
0
0
0
0
0
0
0
0
0
0
0
0
0
0
0
0
0
0
0
0
0
0.0092698
0.033817
0.068541
0.10137
0.12703
0.14208
0.1558
0.14922
0.13426
0.12921
0.12648
0.1263
0.13396
0.13144
0.14094
0.14346
0.12684
0.11811
0.10385
0.10025
0.092298
0.095644
0.10006
0.10056
0.10143
0.10928
0.11036
0.11917
0.11162
0.11507
0.1153
0.1139
0.11293
0.10996
0.10826
0.11046
0.11108
0.11223
0.11777
0.12547
0.13043
0.13772
0.14623
0.14403
0.16098
0.16028
0.17641
0.18088
0.18458
0.20007
0.21453
0.23727
0.25643
0.27217
0
0
0
0
0
0
0
0
0
0
0
0
0
0
0
0
0
0
0
0
0
0
0
0
0
0
0
0
0
0
0
0
0
0
0
0
0
0
0
0
0
0
0
0
0
0
0.00074934
0.020474
0.049531
0.077385
0.10239
0.10283
0.11205
0.12511
0.13042
0.12544
0.12219
0.10337
0.096366
0.11282
0.11894
0.11718
0.10622
0.10668
0.095951
0.093303
0.091906
0.090651
0.092279
0.094452
0.097045
0.1038
0.11112
0.11493
0.10993
0.11451
0.10873
0.10945
0.10741
0.099561
0.10036
0.097367
0.099339
0.10834
0.10844
0.11852
0.12102
0.12335
0.13115
0.13876
0.14588
0.15563
0.15414
0.16571
0.17905
0.18565
0.20272
0.21549
0.24043
0.2598
0.27217
0
0
0
0
0
0
0
0
0
0
0
0
0
0
0
0
0
0
0
0
0
0
0
0
0
0
0
0
0
0
0
0
0
0
0
0
0
0
0
0
0
0
0
0
0
0
0.00088897
0.0096099
0.032771
0.056373
0.069471
0.078543
0.08026
0.083459
0.091381
0.089608
0.079513
0.082192
0.081602
0.07612
0.08207
0.084017
0.085866
0.073476
0.07168
0.081406
0.08229
0.091691
0.092812
0.091192
0.097272
0.10103
0.10145
0.10455
0.1071
0.11028
0.1121
0.10907
0.10166
0.093851
0.087012
0.087141
0.097805
0.10196
0.10733
0.11407
0.12012
0.12507
0.12605
0.13703
0.14256
0.14584
0.15317
0.15606
0.17694
0.19098
0.20121
0.21936
0.24173
0.26337
0.27217
0
0
0
0
0
0
0
0
0
0
0
0
0
0
0
0
0
0
0
0
0
0
0
0
0
0
0
0
0
0
0
0
0
0
0
0
0
0
0
0
0
0
0
0
0
0
0.00056565
0.0096826
0.019795
0.037734
0.056013
0.071063
0.073719
0.077405
0.074299
0.070409
0.077921
0.075469
0.072722
0.071091
0.072174
0.067259
0.068082
0.06715
0.072353
0.077124
0.090637
0.096148
0.090772
0.092088
0.083097
0.083289
0.087003
0.087986
0.097379
0.10022
0.10502
0.10337
0.093651
0.092741
0.08412
0.08443
0.091701
0.094162
0.10485
0.1113
0.12339
0.12748
0.14009
0.13833
0.13242
0.13264
0.14566
0.14665
0.17237
0.18739
0.20008
0.22101
0.24394
0.26641
0.27217
0
0
0
0
0
0
0
0
0
0
0
0
0
0
0
0
0
0
0
0
0
0
0
0
0
0
0
0
0
0
0
0
0
0
0
0
0
0
0
0
0
0
0
0
0
0
0.0018727
0.0069188
0.018273
0.03482
0.045027
0.058553
0.068815
0.073891
0.087943
0.085241
0.080309
0.081822
0.087505
0.081442
0.079912
0.083485
0.080062
0.080151
0.079024
0.08906
0.081414
0.086183
0.080859
0.07447
0.068069
0.068223
0.066061
0.074769
0.084009
0.085611
0.093212
0.093403
0.099075
0.097912
0.091133
0.090879
0.090544
0.10459
0.11061
0.11808
0.12429
0.13463
0.14133
0.14114
0.13211
0.12241
0.1436
0.15293
0.17309
0.19015
0.19994
0.22568
0.2416
0.26789
0.27217
0
0
0
0
0
0
0
0
0
0
0
0
0
0
0
0
0
0
0
0
0
0
0
0
0
0
0
0
0
0
0
0
0
0
0
0
0
0
0
0
0
0
0
0
0
0
0.00019295
0.0030939
0.022815
0.040168
0.051787
0.060386
0.067497
0.086922
0.08336
0.084516
0.10372
0.088602
0.079039
0.077996
0.085092
0.091075
0.097889
0.097241
0.087663
0.081718
0.076489
0.072778
0.069292
0.064777
0.071588
0.06941
0.076215
0.07739
0.078256
0.084828
0.08217
0.088738
0.10159
0.10608
0.095734
0.093245
0.09708
0.10534
0.11486
0.11923
0.12389
0.14313
0.14041
0.13907
0.13338
0.11988
0.13966
0.15803
0.17627
0.19052
0.19925
0.22797
0.2401
0.26994
0.27217
0
0
0
0
0
0
0
0
0
0
0
0
0
0
0
0
0
0
0
0
0
0
0
0
0
0
0
0
0
0
0
0
0
0
0
0
0
0
0
0
0
0
0
0
0
0
0.0018869
0.013251
0.027859
0.046694
0.061467
0.073546
0.078265
0.075659
0.073271
0.084149
0.087796
0.085329
0.07693
0.067808
0.068799
0.079889
0.085722
0.088428
0.087643
0.084851
0.082254
0.0819
0.077299
0.073291
0.078869
0.085013
0.087891
0.094632
0.08796
0.0791
0.087836
0.089866
0.096736
0.10029
0.094521
0.096819
0.099823
0.10957
0.11674
0.12902
0.13736
0.15771
0.15499
0.14821
0.13641
0.12789
0.14259
0.16549
0.17525
0.19117
0.19895
0.22911
0.23841
0.27002
0.27217
0
0
0
0
0
0
0
0
0
0
0
0
0
0
0
0
0
0
0
0
0
0
0
0
0
0
0
0
0
0
0
0
0
0
0
0
0
0
0
0
0
0
0
0
0
0
0.0013214
0.0073259
0.01972
0.034154
0.05047
0.065369
0.072205
0.07891
0.074412
0.072853
0.079249
0.076461
0.072142
0.073059
0.075912
0.078454
0.078216
0.08097
0.087666
0.086421
0.085817
0.08489
0.074393
0.081687
0.082194
0.085984
0.081439
0.084411
0.088649
0.084702
0.08522
0.088267
0.091624
0.09722
0.094397
0.098939
0.101
0.11329
0.12838
0.13699
0.14123
0.16919
0.15772
0.14279
0.14039
0.13599
0.15109
0.16568
0.18241
0.19756
0.20194
0.22755
0.24536
0.27541
0.27217
0
0
0
0
0
0
0
0
0
0
0
0
0
0
0
0
0
0
0
0
0
0
0
0
0
0
0
0
0
0
0
0
0
0
0
0
0
0
0
0
0
0
0
0
0
0
0.001288
0.0053994
0.01579
0.028752
0.04352
0.054657
0.06054
0.063111
0.067115
0.064942
0.070875
0.07276
0.079971
0.080081
0.080304
0.084408
0.090463
0.088952
0.090897
0.087482
0.085556
0.079135
0.080814
0.080764
0.078774
0.080721
0.082981
0.081581
0.082823
0.089064
0.083233
0.086338
0.08999
0.094355
0.097575
0.10038
0.10365
0.12281
0.12553
0.13964
0.14023
0.14913
0.15427
0.14685
0.13936
0.13952
0.15195
0.168
0.19036
0.19838
0.20994
0.22696
0.24688
0.27471
0.27217
0
0
0
0
0
0
0
0
0
0
0
0
0
0
0
0
0
0
0
0
0
0
0
0
0
0
0
0
0
0
0
0
0
0
0
0
0
0
0
0
0
0
0
0
0
0
0.0017223
0.0049174
0.015196
0.02831
0.04259
0.049688
0.061004
0.063976
0.06126
0.063266
0.061614
0.065258
0.072473
0.080682
0.079244
0.073865
0.082072
0.075319
0.074285
0.07472
0.074225
0.082533
0.084079
0.093282
0.088857
0.081584
0.081485
0.087497
0.091529
0.089599
0.088202
0.09244
0.086223
0.097953
0.099734
0.11033
0.11816
0.12003
0.12637
0.14362
0.14763
0.15503
0.14777
0.1407
0.14456
0.14725
0.15891
0.17326
0.18671
0.19658
0.21682
0.2258
0.25446
0.27567
0.27217
0
0
0
0
0
0
0
0
0
0
0
0
0
0
0
0
0
0
0
0
0
0
0
0
0
0
0
0
0
0
0
0
0
0
0
0
0
0
0
0
0
0
0
0
0
0
0.0021085
0.0056689
0.015243
0.029689
0.039405
0.049823
0.052017
0.055897
0.051857
0.049735
0.049103
0.049935
0.054777
0.063709
0.067494
0.063978
0.069429
0.069421
0.072099
0.071771
0.075783
0.080752
0.086406
0.086232
0.091586
0.088723
0.084722
0.080035
0.0824
0.086229
0.09585
0.09661
0.099021
0.098619
0.10297
0.10808
0.11764
0.12963
0.13361
0.14332
0.14991
0.15358
0.15224
0.14547
0.14946
0.15718
0.16235
0.17157
0.18355
0.2039
0.2089
0.22723
0.25569
0.27502
0.27217
0
0
0
0
0
0
0
0
0
0
0
0
0
0
0
0
0
0
0
0
0
0
0
0
0
0
0
0
0
0
0
0
0
0
0
0
0
0
0
0
0
0
0
0
0
0
0.0013908
0.0042357
0.010808
0.016401
0.024866
0.033207
0.033172
0.037229
0.04422
0.049593
0.047748
0.048187
0.056161
0.059705
0.05724
0.062191
0.064353
0.068601
0.075051
0.07341
0.075536
0.073828
0.07698
0.082449
0.088436
0.079489
0.084995
0.086128
0.083525
0.087877
0.091039
0.094489
0.0958
0.093605
0.10011
0.11365
0.12149
0.13493
0.13844
0.14916
0.15443
0.158
0.15641
0.15413
0.15383
0.16098
0.1714
0.17415
0.18997
0.20489
0.21407
0.23452
0.262
0.27278
0.27217
0
0
0
0
0
0
0
0
0
0
0
0
0
0
0
0
0
0
0
0
0
0
0
0
0
0
0
0
0
0
0
0
0
0
0
0
0
0
0
0
0
0
0
0
0
0
0.00039859
0.00091878
0.0081853
0.014754
0.026039
0.030925
0.035032
0.039567
0.039543
0.046967
0.055472
0.057003
0.063199
0.061969
0.061418
0.058573
0.062836
0.06925
0.073712
0.06916
0.073825
0.070892
0.071548
0.076639
0.082995
0.090645
0.082745
0.085839
0.089814
0.08666
0.084614
0.089169
0.089989
0.094991
0.10847
0.11589
0.12829
0.13714
0.14716
0.16729
0.17228
0.17138
0.16606
0.15725
0.15817
0.16624
0.17965
0.1808
0.19061
0.20681
0.21537
0.23385
0.26829
0.27307
0.27217
0
0
0
0
0
0
0
0
0
0
0
0
0
0
0
0
0
0
0
0
0
0
0
0
0
0
0
0
0
0
0
0
0
0
0
0
0
0
0
0
0
0
0
0
0
0
0
0.0015275
0.0068708
0.015955
0.023589
0.032876
0.034903
0.042065
0.048697
0.049415
0.050815
0.053618
0.060843
0.06218
0.061135
0.063485
0.071518
0.068255
0.074153
0.072274
0.070946
0.079461
0.084427
0.08758
0.088057
0.081908
0.085301
0.091559
0.091278
0.096847
0.087347
0.090448
0.089495
0.098096
0.11303
0.11622
0.12649
0.14486
0.15009
0.16545
0.17035
0.17091
0.17236
0.16418
0.16564
0.17931
0.1849
0.18203
0.19811
0.20965
0.2172
0.23285
0.27182
0.27589
0.27217
0
0
0
0
0
0
0
0
0
0
0
0
0
0
0
0
0
0
0
0
0
0
0
0
0
0
0
0
0
0
0
0
0
0
0
0
0
0
0
0
0
0
0
0
0
0
0
0.0025977
0.0086133
0.015636
0.022893
0.030395
0.035397
0.044487
0.048988
0.046173
0.049089
0.051435
0.05395
0.057914
0.062105
0.064518
0.069802
0.070775
0.079055
0.080713
0.084626
0.087568
0.091542
0.10227
0.094709
0.096539
0.090435
0.098244
0.10538
0.10327
0.098836
0.093984
0.09415
0.10419
0.11251
0.11994
0.12877
0.14308
0.14406
0.15422
0.16231
0.16863
0.16686
0.17042
0.1704
0.18236
0.17896
0.18825
0.19991
0.21049
0.21582
0.24049
0.27718
0.27912
0.27217
0
0
0
0
0
0
0
0
0
0
0
0
0
0
0
0
0
0
0
0
0
0
0
0
0
0
0
0
0
0
0
0
0
0
0
0
0
0
0
0
0
0
0
0
0
0
0.00018104
0.0033158
0.0072629
0.013512
0.015866
0.023274
0.029552
0.033899
0.042292
0.043867
0.045284
0.048766
0.051689
0.05701
0.06702
0.071364
0.074526
0.077962
0.08613
0.092063
0.10002
0.099958
0.10791
0.11178
0.10896
0.12083
0.11065
0.11477
0.10965
0.10924
0.1072
0.10945
0.11425
0.11883
0.11775
0.11755
0.1194
0.1311
0.13721
0.1557
0.16392
0.16635
0.16853
0.16407
0.17856
0.18632
0.19327
0.1927
0.20178
0.21395
0.22054
0.24
0.28289
0.27704
0.27217
0
0
0
0
0
0
0
0
0
0
0
0
0
0
0
0
0
0
0
0
0
0
0
0
0
0
0
0
0
0
0
0
0
0
0
0
0
0
0
0
0
0
0
0
0
0
0.0011162
0.0044998
0.0077007
0.016037
0.021832
0.028492
0.0338
0.036057
0.041537
0.050491
0.055857
0.059108
0.072061
0.077498
0.08235
0.083309
0.090197
0.093676
0.10191
0.10358
0.10485
0.10366
0.10514
0.11076
0.11085
0.11577
0.11821
0.11424
0.11843
0.11683
0.12185
0.11981
0.12016
0.12058
0.11955
0.12027
0.11166
0.12463
0.13516
0.15013
0.15792
0.16652
0.17251
0.17673
0.18191
0.18539
0.19452
0.19895
0.20392
0.21483
0.22418
0.25236
0.28668
0.27998
0.27217
0
0
0
0
0
0
0
0
0
0
0
0
0
0
0
0
0
0
0
0
0
0
0
0
0
0
0
0
0
0
0
0
0
0
0
0
0
0
0
0
0
0
0
0
0
0
0.00076896
0.0064401
0.012664
0.020444
0.034248
0.044465
0.049004
0.05436
0.061348
0.059961
0.060939
0.070324
0.069715
0.072221
0.072038
0.085768
0.092502
0.1072
0.10679
0.10113
0.097141
0.10364
0.10792
0.10812
0.11153
0.10966
0.1139
0.11851
0.11326
0.1169
0.11861
0.12213
0.125
0.12695
0.11916
0.11569
0.12058
0.13012
0.14407
0.15709
0.15798
0.17082
0.16757
0.18146
0.18755
0.2004
0.20124
0.19959
0.20945
0.21684
0.22581
0.25935
0.28733
0.28384
0.27217
0
0
0
0
0
0
0
0
0
0
0
0
0
0
0
0
0
0
0
0
0
0
0
0
0
0
0
0
0
0
0
0
0
0
0
0
0
0
0
0
0
0
0
0
0
0
0.004447
0.012714
0.018323
0.030155
0.041763
0.049805
0.063462
0.067143
0.063519
0.065823
0.06738
0.072773
0.074508
0.076702
0.077163
0.089051
0.10883
0.11525
0.10808
0.10176
0.10196
0.10691
0.11105
0.11012
0.11042
0.11231
0.11964
0.12296
0.12562
0.12309
0.12316
0.1296
0.13404
0.13102
0.12525
0.12728
0.12019
0.14259
0.15501
0.16055
0.1729
0.16671
0.19024
0.19232
0.19923
0.2061
0.20677
0.20679
0.2099
0.21774
0.2349
0.26654
0.28415
0.28385
0.27217
0
0
0
0
0
0
0
0
0
0
0
0
0
0
0
0
0
0
0
0
0
0
0
0
0
0
0
0
0
0
0
0
0
0
0
0
0
0
0
0
0
0
0
0
0
0
0.0048903
0.010186
0.022872
0.030821
0.041716
0.058921
0.063854
0.065311
0.059304
0.06566
0.068227
0.072961
0.077476
0.082283
0.08388
0.089062
0.10185
0.10648
0.11283
0.10633
0.093902
0.10182
0.10431
0.11083
0.11168
0.11464
0.11947
0.13315
0.1344
0.13328
0.13647
0.14244
0.14495
0.14754
0.13755
0.13723
0.13448
0.14685
0.16539
0.17356
0.17535
0.1886
0.19322
0.20668
0.2127
0.20818
0.21244
0.21328
0.20897
0.21871
0.23269
0.26981
0.27956
0.28414
0.27217
0
0
0
0
0
0
0
0
0
0
0
0
0
0
0
0
0
0
0
0
0
0
0
0
0
0
0
0
0
0
0
0
0
0
0
0
0
0
0
0
0
0
0
0
0
0
0.0026334
0.0094994
0.018456
0.036731
0.047366
0.055523
0.060272
0.063706
0.062543
0.056797
0.064408
0.06587
0.073456
0.07526
0.079031
0.074597
0.076605
0.099793
0.11533
0.12032
0.11539
0.10967
0.11677
0.13842
0.13746
0.15211
0.14922
0.15256
0.15705
0.15493
0.15507
0.15094
0.15637
0.15689
0.15139
0.14389
0.14858
0.15605
0.17901
0.18184
0.18662
0.19628
0.1962
0.21773
0.22628
0.21786
0.21777
0.20659
0.20923
0.21985
0.24038
0.2787
0.28401
0.28624
0.27217
0
0
0
0
0
0
0
0
0
0
0
0
0
0
0
0
0
0
0
0
0
0
0
0
0
0
0
0
0
0
0
0
0
0
0
0
0
0
0
0
0
0
0
0
0
0
0.0023337
0.010015
0.018012
0.030533
0.038647
0.045116
0.046142
0.052697
0.057478
0.05802
0.057257
0.060347
0.064433
0.073747
0.076904
0.077634
0.079921
0.099206
0.11612
0.12031
0.1252
0.11378
0.12765
0.14028
0.15035
0.1606
0.16622
0.16845
0.177
0.17649
0.17661
0.17731
0.16694
0.1576
0.15769
0.15584
0.15855
0.16399
0.18647
0.19645
0.19069
0.20907
0.21295
0.22967
0.23727
0.22247
0.21964
0.21804
0.20799
0.22414
0.24599
0.28923
0.28688
0.28664
0.27217
0
0
0
0
0
0
0
0
0
0
0
0
0
0
0
0
0
0
0
0
0
0
0
0
0
0
0
0
0
0
0
0
0
0
0
0
0
0
0
0
0
0
0
0
0
0
0.0015283
0.0078822
0.019631
0.033246
0.039224
0.044783
0.050975
0.059852
0.059781
0.059122
0.059953
0.063788
0.078846
0.081587
0.077335
0.082588
0.07821
0.089476
0.10781
0.11325
0.11014
0.10178
0.11528
0.12285
0.1467
0.15704
0.16779
0.16554
0.17905
0.1776
0.18263
0.18299
0.1786
0.17556
0.16124
0.15283
0.16171
0.16857
0.18968
0.20728
0.20037
0.21557
0.21935
0.2353
0.25634
0.23164
0.22355
0.21328
0.20336
0.22284
0.2438
0.29762
0.28949
0.28743
0.27217
0
0
0
0
0
0
0
0
0
0
0
0
0
0
0
0
0
0
0
0
0
0
0
0
0
0
0
0
0
0
0
0
0
0
0
0
0
0
0
0
0
0
0
0
0
0
0.0014997
0.0092832
0.019684
0.035885
0.040053
0.049581
0.048075
0.058091
0.062027
0.059185
0.056557
0.060857
0.07923
0.086102
0.092251
0.082963
0.091052
0.097934
0.11048
0.11713
0.12631
0.12057
0.12419
0.14377
0.16008
0.17708
0.18749
0.18388
0.17183
0.17622
0.18764
0.18546
0.17533
0.1699
0.16541
0.15598
0.15626
0.17407
0.20418
0.21004
0.21487
0.20921
0.22886
0.24341
0.25817
0.24869
0.23203
0.21647
0.19982
0.22864
0.24619
0.29537
0.2949
0.28839
0.27217
0
0
0
0
0
0
0
0
0
0
0
0
0
0
0
0
0
0
0
0
0
0
0
0
0
0
0
0
0
0
0
0
0
0
0
0
0
0
0
0
0
0
0
0
0
0
0.00060888
0.0094991
0.018326
0.029534
0.039508
0.039822
0.046671
0.050274
0.051833
0.056036
0.058341
0.063621
0.067541
0.085524
0.10181
0.1017
0.097711
0.10529
0.10609
0.11827
0.13127
0.13606
0.14479
0.15659
0.16644
0.17999
0.18265
0.18111
0.1798
0.18304
0.17945
0.18333
0.18179
0.17066
0.14875
0.15726
0.17276
0.18995
0.21411
0.22414
0.22523
0.22944
0.22825
0.24961
0.25009
0.2474
0.22827
0.21579
0.20677
0.22674
0.2512
0.29246
0.29496
0.2927
0.27217
0
0
0
0
0
0
0
0
0
0
0
0
0
0
0
0
0
0
0
0
0
0
0
0
0
0
0
0
0
0
0
0
0
0
0
0
0
0
0
0
0
0
0
0
0
0
0.001705
0.0058939
0.012343
0.02671
0.03784
0.04307
0.050456
0.056723
0.061871
0.071383
0.070605
0.072891
0.090231
0.089345
0.095969
0.10164
0.10194
0.10923
0.11172
0.11479
0.11956
0.13143
0.14476
0.14848
0.16056
0.17346
0.18948
0.18343
0.19902
0.21505
0.20555
0.19655
0.16581
0.16125
0.1628
0.1878
0.20471
0.22337
0.24979
0.24162
0.25843
0.24157
0.24383
0.25658
0.26012
0.24428
0.24124
0.21706
0.21197
0.22033
0.26173
0.29601
0.2969
0.29048
0.27217
0
0
0
0
0
0
0
0
0
0
0
0
0
0
0
0
0
0
0
0
0
0
0
0
0
0
0
0
0
0
0
0
0
0
0
0
0
0
0
0
0
0
0
0
0
0
0.00040274
0.00544
0.013737
0.026833
0.040801
0.052319
0.051542
0.05862
0.063801
0.071052
0.08179
0.12243
0.2006
0.24414
0.24963
0.14061
0.11377
0.12487
0.13214
0.12963
0.12957
0.13548
0.1546
0.17107
0.192
0.19902
0.22093
0.22332
0.23398
0.23502
0.21571
0.21556
0.19478
0.19506
0.19232
0.21651
0.23421
0.25078
0.27642
0.26939
0.27359
0.2588
0.25315
0.25989
0.2592
0.244
0.24561
0.22489
0.21506
0.22397
0.25833
0.30548
0.30031
0.2912
0.27217
0
0
0
0
0
0
0
0
0
0
0
0
0
0
0
0
0
0
0
0
0
0
0
0
0
0
0
0
0
0
0
0
0
0
0
0
0
0
0
0
0
0
0
0
0
0
0.00085732
0.0044591
0.016306
0.027425
0.03832
0.046828
0.055094
0.061146
0.067868
0.082746
0.098487
0.19619
0.26192
0.26244
0.25737
0.18629
0.11878
0.1261
0.13285
0.14246
0.14874
0.15543
0.17331
0.20657
0.22559
0.24295
0.25323
0.24813
0.24623
0.24598
0.23616
0.22782
0.20379
0.2138
0.21048
0.23475
0.25669
0.26722
0.27673
0.28298
0.28877
0.27678
0.26442
0.26101
0.25741
0.25247
0.25906
0.23692
0.22327
0.22581
0.25833
0.31047
0.30053
0.29112
0.27217
0
0
0
0
0
0
0
0
0
0
0
0
0
0
0
0
0
0
0
0
0
0
0
0
0
0
0
0
0
0
0
0
0
0
0
0
0
0
0
0
0
0
0
0
0
0
0.0003431
0.0021756
0.0059221
0.021658
0.034231
0.046102
0.053349
0.062658
0.07317
0.081811
0.10895
0.12181
0.12687
0.15091
0.14097
0.14653
0.14464
0.1349
0.14235
0.16915
0.17567
0.18294
0.19384
0.21349
0.23083
0.23993
0.26272
0.27138
0.30817
0.32419
0.3131
0.30811
0.2771
0.2556
0.23964
0.25026
0.25895
0.27912
0.28731
0.29949
0.298
0.2888
0.28033
0.26316
0.26795
0.26298
0.26404
0.24762
0.23422
0.23375
0.26049
0.3134
0.30657
0.29277
0.27217
0
0
0
0
0
0
0
0
0
0
0
0
0
0
0
0
0
0
0
0
0
0
0
0
0
0
0
0
0
0
0
0
0
0
0
0
0
0
0
0
0
0
0
0
0
0
0.0013722
0.0057031
0.018146
0.038613
0.053467
0.066124
0.073714
0.086383
0.088567
0.087324
0.093666
0.10225
0.11904
0.14109
0.15494
0.1622
0.16564
0.14231
0.14944
0.17581
0.18968
0.20476
0.19786
0.21114
0.2349
0.23568
0.25953
0.30947
0.34972
0.37623
0.38265
0.34733
0.3173
0.28576
0.27599
0.26457
0.28089
0.28638
0.3117
0.3184
0.30413
0.30231
0.29156
0.27248
0.28445
0.28251
0.28522
0.26815
0.24702
0.24293
0.26489
0.31566
0.30735
0.29628
0.27217
0
0
0
0
0
0
0
0
0
0
0
0
0
0
0
0
0
0
0
0
0
0
0
0
0
0
0
0
0
0
0
0
0
0
0
0
0
0
0
0
0
0
0
0
0
0
0.0014604
0.0067625
0.021215
0.045511
0.064809
0.074973
0.084763
0.10707
0.1117
0.10914
0.10971
0.12386
0.13909
0.15199
0.18236
0.19078
0.1809
0.17425
0.18113
0.20665
0.22177
0.22634
0.22519
0.24701
0.30595
0.32171
0.32124
0.31979
0.33341
0.36073
0.34795
0.33787
0.31463
0.29865
0.28903
0.29867
0.30846
0.31801
0.34141
0.33632
0.32643
0.30474
0.28932
0.27854
0.30193
0.29923
0.30253
0.28412
0.26268
0.25679
0.27831
0.31894
0.3086
0.29702
0.27217
0
0
0
0
0
0
0
0
0
0
0
0
0
0
0
0
0
0
0
0
0
0
0
0
0
0
0
0
0
0
0
0
0
0
0
0
0
0
0
0
0
0
0
0
0
0
0
0.0051382
0.018789
0.04312
0.061797
0.077935
0.093054
0.11355
0.1282
0.14637
0.14905
0.16311
0.17938
0.19196
0.20177
0.21808
0.21717
0.19762
0.22466
0.23535
0.27086
0.27068
0.26769
0.3341
0.39557
0.43473
0.43001
0.40253
0.36564
0.33463
0.31443
0.31889
0.30364
0.31078
0.33171
0.33094
0.32632
0.33785
0.36207
0.34515
0.331
0.30755
0.30274
0.30652
0.33468
0.33367
0.31979
0.29835
0.27112
0.25751
0.28402
0.31912
0.31635
0.30161
0.27217
0
0
0
0
0
0
0
0
0
0
0
0
0
0
0
0
0
0
0
0
0
0
0
0
0
0
0
0
0
0
0
0
0
0
0
0
0
0
0
0
0
0
0
0
0
0
0.0017809
0.0084894
0.022022
0.037509
0.056474
0.074333
0.095568
0.1152
0.13437
0.14081
0.15983
0.17404
0.16993
0.19127
0.21567
0.22201
0.21818
0.20468
0.25872
0.29471
0.34185
0.35501
0.37747
0.41839
0.435
0.46364
0.48001
0.47772
0.47066
0.45136
0.40195
0.3917
0.38465
0.36968
0.36282
0.35282
0.35
0.35768
0.36186
0.36019
0.34166
0.32489
0.34407
0.35056
0.35936
0.35844
0.3362
0.30165
0.27303
0.2653
0.28898
0.32629
0.32145
0.30043
0.27217
0
0
0
0
0
0
0
0
0
0
0
0
0
0
0
0
0
0
0
0
0
0
0
0
0
0
0
0
0
0
0
0
0
0
0
0
0
0
0
0
0
0
0
0
0
0
0.0008321
0.015915
0.033076
0.050635
0.068417
0.0776
0.10471
0.11832
0.13697
0.15244
0.17315
0.18588
0.19796
0.2176
0.23863
0.23764
0.23549
0.23208
0.26644
0.34356
0.41556
0.43986
0.44541
0.40151
0.41195
0.42812
0.47719
0.51676
0.50364
0.50515
0.46993
0.4599
0.47579
0.45413
0.43382
0.37221
0.34745
0.34382
0.34553
0.36273
0.33864
0.33596
0.35613
0.36696
0.38475
0.38767
0.35758
0.30109
0.27252
0.26289
0.2876
0.32631
0.32482
0.29613
0.27217
0
0
0
0
0
0
0
0
0
0
0
0
0
0
0
0
0
0
0
0
0
0
0
0
0
0
0
0
0
0
0
0
0
0
0
0
0
0
0
0
0
0
0
0
0
0
0.0039628
0.021317
0.050887
0.070343
0.08506
0.08949
0.101
0.11564
0.13897
0.1515
0.18263
0.19762
0.21099
0.22738
0.2417
0.24823
0.24107
0.26703
0.31554
0.39461
0.41346
0.42236
0.45452
0.49793
0.55026
0.54349
0.49812
0.52044
0.53604
0.5334
0.53843
0.53442
0.52963
0.49583
0.44293
0.39678
0.35689
0.3592
0.35558
0.35657
0.33856
0.34841
0.36795
0.37738
0.37907
0.39356
0.37139
0.31685
0.27897
0.26402
0.28772
0.32783
0.32383
0.29686
0.27217
0
0
0
0
0
0
0
0
0
0
0
0
0
0
0
0
0
0
0
0
0
0
0
0
0
0
0
0
0
0
0
0
0
0
0
0
0
0
0
0
0
0
0
0
0
0
0.0025886
0.01378
0.039549
0.074918
0.075104
0.092607
0.12602
0.13836
0.16386
0.20005
0.2189
0.21622
0.23552
0.23092
0.25407
0.2618
0.25114
0.27881
0.30366
0.33587
0.40381
0.42772
0.49053
0.59212
0.67713
0.70219
0.62867
0.52523
0.50642
0.51513
0.51868
0.51051
0.53064
0.52479
0.48776
0.42754
0.39027
0.35271
0.3483
0.35163
0.33622
0.35942
0.37353
0.3996
0.38991
0.39233
0.35932
0.31108
0.27335
0.27314
0.28277
0.32138
0.32329
0.29315
0.27217
0
0
0
0
0
0
0
0
0
0
0
0
0
0
0
0
0
0
0
0
0
0
0
0
0
0
0
0
0
0
0
0
0
0
0
0
0
0
0
0
0
0
0
0
0
0
0.0015777
0.017056
0.034749
0.060239
0.081175
0.090301
0.11063
0.13423
0.20068
0.24284
0.25815
0.26153
0.22374
0.22148
0.21711
0.22615
0.23268
0.2419
0.28017
0.31386
0.37927
0.45019
0.50994
0.62803
0.72166
0.71303
0.65243
0.578
0.58098
0.51352
0.49992
0.50269
0.52404
0.557
0.55423
0.49809
0.47337
0.39938
0.38397
0.37619
0.35065
0.3837
0.39743
0.4146
0.41943
0.37036
0.34919
0.31435
0.28752
0.2773
0.28304
0.32119
0.32394
0.28946
0.27217
0
0
0
0
0
0
0
0
0
0
0
0
0
0
0
0
0
0
0
0
0
0
0
0
0
0
0
0
0
0
0
0
0
0
0
0
0
0
0
0
0
0
0
0
0
0
0.0025377
0.022991
0.043345
0.058585
0.074262
0.075124
0.090572
0.12355
0.14802
0.20197
0.21005
0.18275
0.19531
0.22593
0.25919
0.23742
0.24972
0.3025
0.32488
0.34956
0.38048
0.42795
0.55609
0.69806
0.71773
0.68321
0.64131
0.63612
0.61822
0.58535
0.60435
0.60771
0.59543
0.64226
0.63444
0.60908
0.56697
0.49815
0.42721
0.39494
0.39197
0.41694
0.41044
0.43019
0.41907
0.39166
0.37103
0.33575
0.28968
0.28195
0.28058
0.30511
0.31873
0.28525
0.27217
0
0
0
0
0
0
0
0
0
0
0
0
0
0
0
0
0
0
0
0
0
0
0
0
0
0
0
0
0
0
0
0
0
0
0
0
0
0
0
0
0
0
0
0
0
0
0.0031619
0.014038
0.027221
0.051264
0.073405
0.075717
0.1054
0.13756
0.17396
0.17971
0.17692
0.17736
0.21593
0.24748
0.28118
0.2957
0.31879
0.37401
0.41938
0.40904
0.39667
0.43724
0.58624
0.71792
0.77221
0.76171
0.71184
0.69938
0.79321
0.82329
0.79962
0.79125
0.75853
0.74394
0.77112
0.71737
0.64336
0.53
0.44592
0.44138
0.42956
0.4488
0.43264
0.4461
0.42028
0.38519
0.37221
0.35594
0.30297
0.2819
0.28397
0.2991
0.31686
0.28152
0.27217
0
0
0
0
0
0
0
0
0
0
0
0
0
0
0
0
0
0
0
0
0
0
0
0
0
0
0
0
0
0
0
0
0
0
0
0
0
0
0
0
0
0
0
0
0
0
0
0.0041272
0.025184
0.046316
0.079784
0.10126
0.13026
0.13681
0.14809
0.14594
0.1476
0.15968
0.20145
0.23078
0.27337
0.29832
0.33783
0.40614
0.47646
0.49337
0.50937
0.56301
0.72877
0.91324
0.98412
0.90707
0.82807
0.84771
0.86742
0.86566
0.87854
0.83732
0.8474
0.82297
0.82184
0.75938
0.65352
0.53951
0.44605
0.46252
0.43592
0.44246
0.45511
0.43203
0.40206
0.40362
0.39536
0.3589
0.32311
0.27909
0.28419
0.29889
0.3046
0.27967
0.27217
0
0
0
0
0
0
0
0
0
0
0
0
0
0
0
0
0
0
0
0
0
0
0
0
0
0
0
0
0
0
0
0
0
0
0
0
0
0
0
0
0
0
0
0
0
0
0
0.0023318
0.022465
0.051575
0.080231
0.1092
0.12386
0.15638
0.15608
0.15165
0.1632
0.17808
0.21934
0.26328
0.27774
0.28757
0.32733
0.3963
0.39841
0.45212
0.48316
0.55299
0.74694
0.85572
0.93529
0.95813
0.84853
0.78507
0.79184
0.80014
0.74851
0.72646
0.77373
0.81744
0.79393
0.73435
0.62714
0.50473
0.45452
0.42328
0.42248
0.4572
0.45768
0.43306
0.40725
0.39196
0.40398
0.35995
0.3218
0.28996
0.28591
0.29691
0.30507
0.28271
0.27217
0
0
0
0
0
0
0
0
0
0
0
0
0
0
0
0
0
0
0
0
0
0
0
0
0
0
0
0
0
0
0
0
0
0
0
0
0
0
0
0
0
0
0
0
0
0
0
0.0036613
0.023199
0.061743
0.082277
0.10484
0.10937
0.12965
0.14462
0.14735
0.14676
0.15609
0.19949
0.23601
0.2336
0.24997
0.2947
0.35789
0.37671
0.38513
0.41333
0.48058
0.52323
0.64209
0.81055
0.80297
0.82899
0.78571
0.7044
0.65613
0.60837
0.63922
0.71483
0.80296
0.7849
0.67083
0.60028
0.50207
0.46956
0.44993
0.43905
0.4475
0.44268
0.4247
0.40128
0.42471
0.42221
0.37056
0.32411
0.28893
0.2939
0.29529
0.2997
0.28214
0.27217
0
0
0
0
0
0
0
0
0
0
0
0
0
0
0
0
0
0
0
0
0
0
0
0
0
0
0
0
0
0
0
0
0
0
0
0
0
0
0
0
0
0
0
0
0
0
0.00033412
0.0092894
0.069809
0.10965
0.14028
0.15384
0.1272
0.13746
0.14442
0.1559
0.17215
0.20131
0.23805
0.28057
0.28653
0.27389
0.29118
0.35084
0.37393
0.40789
0.44947
0.49499
0.52744
0.55927
0.64956
0.73926
0.74981
0.72973
0.73206
0.66458
0.62237
0.64337
0.71365
0.77826
0.72443
0.67919
0.64853
0.59975
0.56238
0.47927
0.46939
0.45518
0.44758
0.45097
0.41594
0.4267
0.40149
0.38954
0.3319
0.28711
0.29559
0.29695
0.30152
0.27994
0.27217
0
0
0
0
0
0
0
0
0
0
0
0
0
0
0
0
0
0
0
0
0
0
0
0
0
0
0
0
0
0
0
0
0
0
0
0
0
0
0
0
0
0
0
0
0
0
0.00090781
0.0062257
0.046158
0.10886
0.14493
0.14084
0.13963
0.15768
0.1735
0.1857
0.17916
0.20391
0.25312
0.30119
0.31593
0.32548
0.34878
0.33983
0.35362
0.40496
0.49442
0.56756
0.62649
0.61489
0.64891
0.70705
0.78042
0.79811
0.7997
0.74654
0.64623
0.69384
0.73944
0.74327
0.74984
0.68221
0.64906
0.66975
0.63242
0.54119
0.52365
0.51226
0.48678
0.47275
0.42405
0.42735
0.41217
0.39039
0.3421
0.29665
0.29325
0.29677
0.29522
0.27788
0.27217
0
0
0
0
0
0
0
0
0
0
0
0
0
0
0
0
0
0
0
0
0
0
0
0
0
0
0
0
0
0
0
0
0
0
0
0
0
0
0
0
0
0
0
0
0
0
0
0.0061736
0.022332
0.05573
0.081675
0.10046
0.11948
0.12887
0.13431
0.14055
0.14693
0.16454
0.17644
0.21551
0.25752
0.30285
0.33239
0.42709
0.47604
0.48506
0.53555
0.64724
0.75385
0.80574
0.80935
0.84672
0.86015
0.86724
0.82835
0.77343
0.67604
0.66645
0.70613
0.70869
0.68796
0.64849
0.66683
0.66225
0.62342
0.56136
0.54059
0.55374
0.54136
0.47438
0.43754
0.41311
0.41173
0.38812
0.34332
0.29638
0.29293
0.29486
0.29539
0.27523
0.27217
0
0
0
0
0
0
0
0
0
0
0
0
0
0
0
0
0
0
0
0
0
0
0
0
0
0
0
0
0
0
0
0
0
0
0
0
0
0
0
0
0
0
0
0
0
0
0.00022635
0.0052745
0.025973
0.051628
0.082322
0.1094
0.1341
0.13154
0.11999
0.12263
0.11783
0.13505
0.1553
0.19009
0.2238
0.27359
0.36364
0.42931
0.45751
0.47012
0.5373
0.62848
0.70291
0.76226
0.83351
0.82558
0.80167
0.77172
0.70757
0.67214
0.62697
0.62489
0.6629
0.71983
0.69947
0.68847
0.68701
0.6529
0.62226
0.55698
0.53372
0.55528
0.52141
0.47778
0.45017
0.41721
0.40246
0.38054
0.34654
0.2904
0.28699
0.29046
0.28682
0.27286
0.27217
